1695128461920 1853.876220703125 0
1695128465711 1793.8013916015625 1
1695128466024 1823.7076416015625 2
1695128466334 1788.3060302734375 3
1695128466650 1765.451171875 4
1695128466963 1760.406494140625 5
1695128467274 1636.5447998046875 6
1695128467604 1665.62451171875 7
1695128467935 1575.1409912109375 8
1695128468262 1401.677734375 9
1695128468577 1282.6578369140625 10
1695128468909 1243.929443359375 11
1695128469227 1134.5283203125 12
1695128469557 1012.281982421875 13
1695128469869 980.947265625 14
1695128470192 886.2697143554688 15
1695128470528 880.221923828125 16
1695128470854 769.0054931640625 17
1695128471171 764.901123046875 18
1695128471509 709.8123779296875 19
1695128471830 699.82763671875 20
1695128472157 789.18798828125 21
1695128472497 667.6513061523438 22
1695128472833 635.08251953125 23
1695128473177 621.06640625 24
1695128473521 630.9180297851562 25
1695128473840 635.4510498046875 26
1695128474169 615.2554931640625 27
1695128474505 600.6864013671875 28
1695128474833 583.715087890625 29
1695128475149 579.009521484375 30
1695128475464 565.9700927734375 31
1695128475796 590.6383056640625 32
1695128476107 547.3977661132812 33
1695128476442 561.9576416015625 34
1695128476755 554.9530639648438 35
1695128477067 536.6620483398438 36
1695128477376 529.9536743164062 37
1695128477691 526.4317626953125 38
1695128478023 518.4605712890625 39
1695128478358 527.7515869140625 40
1695128478710 518.1866455078125 41
1695128479041 518.4607543945312 42
1695128479373 522.3602905273438 43
1695128479686 526.0191040039062 44
1695128480025 507.316162109375 45
1695128480338 510.4474182128906 46
1695128480674 503.57916259765625 47
1695128480995 511.48223876953125 48
1695128481313 515.72119140625 49
1695128481628 508.29119873046875 50
1695128481946 510.1227722167969 51
1695128482274 510.64801025390625 52
1695128482590 506.1479187011719 53
1695128482904 522.2642822265625 54
1695128483217 495.72216796875 55
1695128483554 497.5836181640625 56
1695128483889 497.2447204589844 57
1695128484205 498.8590393066406 58
1695128484522 500.19830322265625 59
1695128484859 513.8963012695312 60
1695128485177 499.69354248046875 61
1695128485513 499.19921875 62
1695128485852 472.5138854980469 63
1695128486205 472.88482666015625 64
1695128486552 478.71875 65
1695128486873 486.9337158203125 66
1695128487212 481.06884765625 67
1695128487524 459.6524963378906 68
1695128487844 469.5169677734375 69
1695128488159 462.1267395019531 70
1695128488470 450.8716125488281 71
1695128488798 454.63037109375 72
1695128489132 464.62640380859375 73
1695128489454 424.4689025878906 74
1695128489778 464.1781921386719 75
1695128490097 475.81488037109375 76
1695128490439 454.6802978515625 77
1695128490783 447.0296936035156 78
1695128491121 472.9382019042969 79
1695128491446 391.72235107421875 80
1695128491770 436.03515625 81
1695128492081 450.3141174316406 82
1695128492390 404.1832580566406 83
1695128492734 381.80621337890625 84
1695128493050 400.0201416015625 85
1695128493361 423.697021484375 86
1695128493674 471.34991455078125 87
1695128493988 378.97113037109375 88
1695128494300 387.8359680175781 89
1695128494619 414.37933349609375 90
1695128494935 460.580810546875 91
1695128495251 425.25762939453125 92
1695128495563 452.3418884277344 93
1695128495878 454.4560546875 94
1695128496193 370.94921875 95
1695128496506 411.79522705078125 96
1695128496820 383.50848388671875 97
1695128497133 348.10382080078125 98
1695128497447 409.76824951171875 99
1695128497759 348.6126708984375 100
1695128501589 415.9810791015625 101
1695128501922 412.4328308105469 102
1695128502238 396.0627136230469 103
1695128502549 349.1136474609375 104
1695128502873 477.04046630859375 105
1695128503198 379.5997314453125 106
1695128503539 390.65496826171875 107
1695128503860 363.5103759765625 108
1695128504187 384.4669189453125 109
1695128504537 374.8419189453125 110
1695128504879 374.6835632324219 111
1695128505227 344.208740234375 112
1695128505540 333.81488037109375 113
1695128505851 378.58001708984375 114
1695128506165 369.04833984375 115
1695128506475 326.4413757324219 116
1695128506792 320.427001953125 117
1695128507102 371.44659423828125 118
1695128507411 372.6699523925781 119
1695128507723 360.2810363769531 120
1695128508037 328.3697204589844 121
1695128508347 372.5478820800781 122
1695128508657 408.8330078125 123
1695128508970 391.5672302246094 124
1695128509305 321.2435302734375 125
1695128509620 351.5867919921875 126
1695128509946 366.6326904296875 127
1695128510282 403.117919921875 128
1695128510598 371.5709228515625 129
1695128510913 337.9436340332031 130
1695128511238 325.5766296386719 131
1695128511549 332.35858154296875 132
1695128511881 337.74700927734375 133
1695128512202 358.81707763671875 134
1695128512525 310.678955078125 135
1695128512836 323.5738525390625 136
1695128513176 337.0667419433594 137
1695128513515 310.80328369140625 138
1695128513872 319.2820739746094 139
1695128514210 308.5697021484375 140
1695128514563 314.19500732421875 141
1695128514882 308.3797607421875 142
1695128515198 334.64013671875 143
1695128515509 321.7778625488281 144
1695128515830 313.962158203125 145
1695128516153 323.90655517578125 146
1695128516465 327.94427490234375 147
1695128516783 346.15087890625 148
1695128517134 301.44256591796875 149
1695128517476 337.0870056152344 150
1695128517809 343.247314453125 151
1695128518120 295.9424133300781 152
1695128518434 297.78125 153
1695128518747 320.7275695800781 154
1695128519078 336.31103515625 155
1695128519391 323.0546569824219 156
1695128519702 273.205322265625 157
1695128520011 295.4105224609375 158
1695128520327 303.12933349609375 159
1695128520637 261.05133056640625 160
1695128520947 274.11328125 161
1695128521287 281.5230407714844 162
1695128521630 304.61224365234375 163
1695128521979 293.9429931640625 164
1695128522292 330.5672912597656 165
1695128522606 273.672119140625 166
1695128522915 257.7726135253906 167
1695128523250 294.5873107910156 168
1695128523595 305.8258056640625 169
1695128523940 292.9698791503906 170
1695128524294 290.2835693359375 171
1695128524606 306.50653076171875 172
1695128524920 266.816650390625 173
1695128525236 275.5450744628906 174
1695128525571 289.3488464355469 175
1695128525890 265.14111328125 176
1695128526206 282.30279541015625 177
1695128526530 289.91961669921875 178
1695128526850 258.78497314453125 179
1695128527170 263.29150390625 180
1695128527496 257.6708984375 181
1695128527839 329.0887145996094 182
1695128528178 280.4989318847656 183
1695128528496 269.24298095703125 184
1695128528833 274.72161865234375 185
1695128529150 284.8169250488281 186
1695128529463 265.1481628417969 187
1695128529776 265.7635498046875 188
1695128530089 252.77862548828125 189
1695128530405 266.6734313964844 190
1695128530719 315.69384765625 191
1695128531032 278.84735107421875 192
1695128531346 265.6632080078125 193
1695128531658 269.3492736816406 194
1695128531971 251.02774047851562 195
1695128532288 274.1937255859375 196
1695128532605 255.07403564453125 197
1695128532917 264.2056884765625 198
1695128533230 287.7884521484375 199
1695128533544 246.50283813476562 200
1695128537433 258.08984375 201
1695128537804 245.22698974609375 202
1695128538140 268.9217529296875 203
1695128538475 263.82708740234375 204
1695128538810 240.47865295410156 205
1695128539153 254.02462768554688 206
1695128539499 235.145263671875 207
1695128539845 245.43917846679688 208
1695128540182 252.7665557861328 209
1695128540495 279.37176513671875 210
1695128540831 250.364990234375 211
1695128541149 237.46983337402344 212
1695128541464 255.2147216796875 213
1695128541779 235.82199096679688 214
1695128542091 239.27291870117188 215
1695128542409 247.6435546875 216
1695128542723 284.1785888671875 217
1695128543035 232.81063842773438 218
1695128543345 262.18817138671875 219
1695128543655 236.26597595214844 220
1695128543970 238.20953369140625 221
1695128544283 248.4771728515625 222
1695128544596 262.35284423828125 223
1695128544908 261.304931640625 224
1695128545222 231.9111785888672 225
1695128545533 262.96588134765625 226
1695128545843 244.45748901367188 227
1695128546155 246.68763732910156 228
1695128546466 244.51834106445312 229
1695128546817 221.01893615722656 230
1695128547135 242.42755126953125 231
1695128547450 262.51690673828125 232
1695128547789 224.93057250976562 233
1695128548141 267.55181884765625 234
1695128548471 238.97996520996094 235
1695128548788 224.44180297851562 236
1695128549124 247.9042510986328 237
1695128549460 248.39569091796875 238
1695128549797 295.2825927734375 239
1695128550136 256.691162109375 240
1695128550459 218.19667053222656 241
1695128550803 235.19577026367188 242
1695128551148 260.3326416015625 243
1695128551496 237.40853881835938 244
1695128551805 233.96807861328125 245
1695128552141 248.1249542236328 246
1695128552457 239.6253662109375 247
1695128552768 215.59982299804688 248
1695128553082 225.71719360351562 249
1695128553397 265.42218017578125 250
1695128553716 231.32406616210938 251
1695128554036 238.99549865722656 252
1695128554347 217.71157836914062 253
1695128554663 232.41571044921875 254
1695128554982 217.37799072265625 255
1695128555304 251.66778564453125 256
1695128555620 247.90057373046875 257
1695128555931 205.87986755371094 258
1695128556244 215.69918823242188 259
1695128556557 267.695068359375 260
1695128556869 201.7613067626953 261
1695128557177 201.03985595703125 262
1695128557489 205.439208984375 263
1695128557804 219.38003540039062 264
1695128558120 223.24095153808594 265
1695128558438 226.02264404296875 266
1695128558752 199.26278686523438 267
1695128559090 207.3914031982422 268
1695128559432 232.146240234375 269
1695128559781 224.32749938964844 270
1695128560121 209.73806762695312 271
1695128560472 213.33493041992188 272
1695128560788 226.77459716796875 273
1695128561103 194.16844177246094 274
1695128561412 202.4021453857422 275
1695128561738 199.95681762695312 276
1695128562079 210.43978881835938 277
1695128562419 223.84304809570312 278
1695128562732 226.84634399414062 279
1695128563055 213.8187255859375 280
1695128563387 221.89572143554688 281
1695128563700 201.5885009765625 282
1695128564053 187.7527618408203 283
1695128564370 242.797607421875 284
1695128564682 230.11044311523438 285
1695128564997 207.65728759765625 286
1695128565338 204.6661834716797 287
1695128565671 223.4191436767578 288
1695128566002 201.57955932617188 289
1695128566341 297.9464111328125 290
1695128566683 193.3012237548828 291
1695128567032 213.89260864257812 292
1695128567377 213.9029998779297 293
1695128567710 198.4181365966797 294
1695128568025 221.67576599121094 295
1695128568335 195.32431030273438 296
1695128568645 208.365234375 297
1695128568985 225.72235107421875 298
1695128569305 223.9942626953125 299
1695128569620 225.64846801757812 300
1695128573342 197.92242431640625 301
1695128573664 194.8365478515625 302
1695128574012 236.79391479492188 303
1695128574343 227.64443969726562 304
1695128574680 196.5689239501953 305
1695128575024 194.89271545410156 306
1695128575368 214.42343139648438 307
1695128575699 209.2124786376953 308
1695128576014 210.42205810546875 309
1695128576358 198.76394653320312 310
1695128576679 211.6307373046875 311
1695128576996 208.7295379638672 312
1695128577310 189.06521606445312 313
1695128577629 216.98597717285156 314
1695128577970 204.14059448242188 315
1695128578284 187.36097717285156 316
1695128578613 218.7346954345703 317
1695128578927 196.69418334960938 318
1695128579240 197.08938598632812 319
1695128579553 214.19204711914062 320
1695128579867 248.74366760253906 321
1695128580182 210.5496826171875 322
1695128580496 221.82925415039062 323
1695128580809 230.08567810058594 324
1695128581121 206.43310546875 325
1695128581467 207.02735900878906 326
1695128581809 202.96299743652344 327
1695128582140 195.55496215820312 328
1695128582452 197.8316650390625 329
1695128582763 211.39743041992188 330
1695128583080 214.94952392578125 331
1695128583390 195.35818481445312 332
1695128583702 199.81765747070312 333
1695128584013 218.74392700195312 334
1695128584324 207.25668334960938 335
1695128584633 215.70074462890625 336
1695128584942 197.71075439453125 337
1695128585262 202.0548553466797 338
1695128585572 193.71792602539062 339
1695128585883 203.45623779296875 340
1695128586194 221.68405151367188 341
1695128586505 182.5906982421875 342
1695128586815 237.80950927734375 343
1695128587124 200.9962158203125 344
1695128587434 180.76956176757812 345
1695128587743 212.1802215576172 346
1695128588056 203.6677703857422 347
1695128588366 193.45108032226562 348
1695128588676 229.25994873046875 349
1695128588988 196.67665100097656 350
1695128589297 196.79244995117188 351
1695128589607 218.60110473632812 352
1695128589916 227.82479858398438 353
1695128590225 212.82601928710938 354
1695128590535 178.43234252929688 355
1695128590846 192.38595581054688 356
1695128591156 186.56158447265625 357
1695128591468 197.75564575195312 358
1695128591780 198.21817016601562 359
1695128592090 195.7601776123047 360
1695128592403 196.68960571289062 361
1695128592713 192.78045654296875 362
1695128593023 206.1444854736328 363
1695128593340 184.6749725341797 364
1695128593688 184.58966064453125 365
1695128594002 204.85391235351562 366
1695128594316 210.64407348632812 367
1695128594629 212.86962890625 368
1695128594941 198.77462768554688 369
1695128595255 226.71466064453125 370
1695128595605 193.85455322265625 371
1695128595961 195.0370635986328 372
1695128596286 186.84156799316406 373
1695128596602 199.22312927246094 374
1695128596928 192.63421630859375 375
1695128597248 221.425048828125 376
1695128597571 193.37777709960938 377
1695128597888 188.08645629882812 378
1695128598212 189.1538543701172 379
1695128598534 185.9696502685547 380
1695128598857 195.0009307861328 381
1695128599175 182.14077758789062 382
1695128599492 189.82534790039062 383
1695128599830 180.07974243164062 384
1695128600150 184.26937866210938 385
1695128600466 178.4619903564453 386
1695128600782 178.78814697265625 387
1695128601112 184.9520263671875 388
1695128601424 193.08743286132812 389
1695128601742 198.42147827148438 390
1695128602057 193.33767700195312 391
1695128602373 171.71066284179688 392
1695128602687 180.63345336914062 393
1695128603000 187.01519775390625 394
1695128603318 180.5650177001953 395
1695128603633 167.79681396484375 396
1695128603947 173.1548614501953 397
1695128604265 195.3647003173828 398
1695128604579 189.3328399658203 399
1695128604898 171.41900634765625 400
1695128608843 173.8101043701172 401
1695128609177 174.86581420898438 402
1695128609499 185.69175720214844 403
1695128609823 172.9862060546875 404
1695128610153 182.7559814453125 405
1695128610465 167.87078857421875 406
1695128610791 176.81942749023438 407
1695128611139 202.92684936523438 408
1695128611478 178.114990234375 409
1695128611822 182.12086486816406 410
1695128612139 202.8355255126953 411
1695128612481 174.52975463867188 412
1695128612794 190.81146240234375 413
1695128613112 175.95379638671875 414
1695128613424 187.28810119628906 415
1695128613738 172.0499725341797 416
1695128614062 185.3558349609375 417
1695128614399 185.63951110839844 418
1695128614742 180.93051147460938 419
1695128615090 178.48109436035156 420
