1694164259784 0.9774486422538757 0
1694164261684 0.5804414749145508 1
1694164263508 0.6487742066383362 2
1694164265309 0.47362038493156433 3
1694164267123 0.38232848048210144 4
1694164268943 0.40499651432037354 5
1694164270754 0.38684356212615967 6
1694164272570 0.34665873646736145 7
1694164274511 0.36407774686813354 8
1694164276468 0.2960597574710846 9
1694164278376 0.26325058937072754 10
1694164280439 0.3233638107776642 11
1694164282398 0.27008894085884094 12
1694164284442 0.2892438471317291 13
1694164286330 0.28655049204826355 14
1694164288317 0.2801753580570221 15
1694164290122 0.25606250762939453 16
1694164292002 0.2533712387084961 17
1694164293881 0.2494771033525467 18
1694164295749 0.23393866419792175 19
1694164297612 0.25720643997192383 20
1694164299425 0.2679141163825989 21
1694164301261 0.2363349199295044 22
1694164303082 0.23551355302333832 23
1694164304979 0.20472948253154755 24
1694164307013 0.23161359131336212 25
1694164308829 0.1976630687713623 26
1694164310666 0.22907434403896332 27
1694164312469 0.21627210080623627 28
1694164314359 0.21118047833442688 29
1694164316399 0.18382848799228668 30
1694164318228 0.24457292258739471 31
1694164320109 0.2133963704109192 32
1694164321941 0.2181425541639328 33
1694164323771 0.2153228223323822 34
1694164325673 0.2062339037656784 35
1694164327531 0.20056773722171783 36
1694164329445 0.17195768654346466 37
1694164331453 0.20117968320846558 38
1694164333287 0.18686500191688538 39
1694164335120 0.1878659874200821 40
1694164337187 0.17046962678432465 41
1694164339019 0.1653895378112793 42
1694164340927 0.21590371429920197 43
1694164342778 0.18546105921268463 44
1694164344600 0.20551307499408722 45
1694164346505 0.16321755945682526 46
1694164348535 0.19869458675384521 47
1694164350388 0.18049882352352142 48
1694164352214 0.1605280041694641 49
1694164354131 0.17116855084896088 50
1694164355984 0.16948367655277252 51
1694164357990 0.20554931461811066 52
1694164359851 0.167857363820076 53
1694164361880 0.18551239371299744 54
1694164363714 0.17216594517230988 55
1694164365572 0.1499512940645218 56
1694164367564 0.16513249278068542 57
1694164369678 0.16248811781406403 58
1694164371531 0.14431039988994598 59
1694164373358 0.15304873883724213 60
1694164375275 0.16063444316387177 61
1694164377179 0.15366600453853607 62
1694164379099 0.1411040872335434 63
1694164380938 0.16063471138477325 64
1694164382812 0.1584475189447403 65
1694164384640 0.13924086093902588 66
1694164386546 0.15075792372226715 67
1694164388371 0.14258556067943573 68
1694164390185 0.1488492637872696 69
1694164392046 0.13779929280281067 70
1694164393872 0.14460957050323486 71
1694164395798 0.14330683648586273 72
1694164397763 0.14519651234149933 73
1694164399905 0.14611835777759552 74
1694164401732 0.1307387501001358 75
1694164403796 0.14250673353672028 76
1694164405757 0.14530666172504425 77
1694164407591 0.10439912229776382 78
1694164409469 0.14128343760967255 79
1694164411295 0.16774135828018188 80
1694164413255 0.14731453359127045 81
1694164415084 0.13358141481876373 82
1694164417041 0.15088097751140594 83
1694164419060 0.15989209711551666 84
1694164420918 0.1333424299955368 85
1694164422748 0.16018766164779663 86
1694164424854 0.13275398313999176 87
1694164426684 0.15483269095420837 88
1694164428498 0.15568651258945465 89
1694164430309 0.12460081279277802 90
1694164432144 0.14708814024925232 91
1694164433961 0.15537099540233612 92
1694164435863 0.1388738453388214 93
1694164437676 0.14288480579853058 94
1694164439489 0.11730959266424179 95
1694164441303 0.11573395133018494 96
1694164443127 0.1383460909128189 97
1694164445021 0.10533756762742996 98
1694164446844 0.1346156746149063 99
1694164448728 0.15428775548934937 100
1694164450603 0.14880304038524628 101
1694164452450 0.12059775739908218 102
1694164454542 0.10695674270391464 103
1694164456503 0.12523479759693146 104
1694164458425 0.11551646143198013 105
1694164460234 0.13377240300178528 106
1694164462357 0.14209036529064178 107
1694164464474 0.11722332239151001 108
1694164466350 0.1262073814868927 109
1694164468226 0.11984601616859436 110
1694164470294 0.11367730796337128 111
1694164472162 0.14924262464046478 112
1694164474186 0.10977153480052948 113
1694164476016 0.11932551860809326 114
1694164477840 0.13852035999298096 115
1694164479822 0.14214317500591278 116
1694164481668 0.15416128933429718 117
1694164483577 0.12682749330997467 118
1694164485386 0.1253824383020401 119
1694164487195 0.13379192352294922 120
1694164489005 0.11251217871904373 121
1694164490804 0.1231285110116005 122
1694164492658 0.10051627457141876 123
1694164494536 0.14312177896499634 124
1694164496372 0.10415379703044891 125
1694164498201 0.1350097954273224 126
1694164500120 0.1329958438873291 127
1694164501998 0.11893856525421143 128
1694164503842 0.08004286885261536 129
1694164505821 0.11996278166770935 130
1694164507674 0.09587974101305008 131
1694164509578 0.11875797063112259 132
1694164511545 0.10725238919258118 133
1694164513511 0.10740233957767487 134
1694164515564 0.12400943785905838 135
1694164517447 0.12099103629589081 136
1694164519350 0.13709168136119843 137
1694164521210 0.12267836928367615 138
1694164523034 0.1221713200211525 139
1694164524862 0.10113399475812912 140
1694164526717 0.09604170173406601 141
1694164528612 0.11880746483802795 142
1694164530581 0.11910104006528854 143
1694164532532 0.11729466915130615 144
1694164534581 0.10753895342350006 145
1694164536528 0.16222286224365234 146
1694164538392 0.08300254493951797 147
1694164540321 0.11087602376937866 148
1694164542238 0.10591551661491394 149
1694164544089 0.09439796209335327 150
1694164545941 0.09389294683933258 151
1694164547845 0.09121493250131607 152
1694164549737 0.12049802392721176 153
1694164551581 0.11383914202451706 154
1694164553430 0.10934367030858994 155
1694164555269 0.12458889931440353 156
1694164557099 0.11596278101205826 157
1694164558945 0.10347536206245422 158
1694164560771 0.11302752792835236 159
1694164562662 0.09431226551532745 160
1694164564797 0.12450673431158066 161
1694164566859 0.11629713326692581 162
1694164568789 0.10748091340065002 163
1694164570611 0.1118994727730751 164
1694164572445 0.10474848002195358 165
1694164574501 0.10092900693416595 166
1694164576340 0.12293940782546997 167
1694164578237 0.13575296103954315 168
1694164580206 0.12219687551259995 169
1694164583013 0.11402980983257294 170
1694164586252 0.1088753342628479 171
1694164588128 0.12370558828115463 172
1694164589980 0.10444324463605881 173
1694164592192 0.1104566901922226 174
1694164594247 0.08488485962152481 175
1694164596173 0.0914284884929657 176
1694164598041 0.11249345541000366 177
1694164599899 0.07983087748289108 178
1694164601739 0.10228626430034637 179
1694164603820 0.08458834886550903 180
1694164605766 0.07948605716228485 181
1694164607592 0.10537366569042206 182
1694164609464 0.08559539914131165 183
1694164611373 0.10339239239692688 184
1694164613276 0.09073322266340256 185
1694164615183 0.1099160760641098 186
1694164617117 0.11907006055116653 187
1694164619131 0.09831636399030685 188
1694164620971 0.09576892107725143 189
1694164622930 0.1180063858628273 190
1694164624861 0.09819602221250534 191
1694164626692 0.09438065439462662 192
1694164628523 0.0984223261475563 193
1694164630347 0.11781763285398483 194
1694164632168 0.09208789467811584 195
1694164634156 0.11648482084274292 196
1694164635978 0.09453456103801727 197
1694164637798 0.10567232221364975 198
1694164639630 0.12401328980922699 199
1694164641456 0.08059331774711609 200
1694164643277 0.09602992981672287 201
1694164645125 0.10176502168178558 202
1694164646957 0.07820235192775726 203
1694164648789 0.1000937968492508 204
1694164650613 0.10265757888555527 205
1694164652433 0.12035050243139267 206
1694164654452 0.13118544220924377 207
1694164656283 0.08483686298131943 208
1694164658101 0.10446682572364807 209
1694164659934 0.11296946555376053 210
1694164661767 0.09292591363191605 211
1694164663587 0.09987097978591919 212
1694164665417 0.09156934171915054 213
1694164667243 0.08389971405267715 214
1694164669064 0.09260000288486481 215
1694164670887 0.09912019222974777 216
1694164672703 0.11985647678375244 217
1694164674697 0.10065611451864243 218
1694164676517 0.10843321681022644 219
1694164678338 0.11291242390871048 220
1694164680175 0.08705852180719376 221
1694164682056 0.11573245376348495 222
1694164684084 0.08736507594585419 223
1694164685998 0.0837942361831665 224
1694164687863 0.10861467570066452 225
1694164689715 0.09893077611923218 226
1694164691570 0.06832973659038544 227
1694164693412 0.09142713248729706 228
1694164695240 0.09487034380435944 229
1694164697080 0.10064949095249176 230
1694164698924 0.10835331678390503 231
1694164700765 0.10812925547361374 232
1694164702623 0.09987710416316986 233
1694164704466 0.09831826388835907 234
1694164706295 0.09120077639818192 235
1694164708157 0.08227761089801788 236
1694164709996 0.07687283307313919 237
1694164711838 0.06720483303070068 238
1694164713674 0.08423710614442825 239
1694164715519 0.11304832249879837 240
1694164717356 0.0962732657790184 241
1694164719210 0.0715378150343895 242
1694164721038 0.10067524015903473 243
1694164722883 0.08364661037921906 244
1694164724717 0.0887940376996994 245
1694164726541 0.09638078510761261 246
1694164728387 0.07641461491584778 247
1694164730218 0.07712665945291519 248
1694164732049 0.09442003816366196 249
1694164733883 0.08042836934328079 250
1694164735717 0.08653071522712708 251
1694164737551 0.06050322949886322 252
1694164739374 0.10876686125993729 253
1694164741386 0.07963886857032776 254
