1694178922190 0.9774486422538757 0
1694178924118 0.8438456058502197 1
1694178925972 0.6845815777778625 2
1694178927830 0.6157186031341553 3
1694178929684 0.48932084441185 4
1694178931534 0.49797868728637695 5
1694178933395 0.4571004807949066 6
1694178935255 0.4486640393733978 7
1694178937102 0.49309179186820984 8
1694178938956 0.5432611107826233 9
1694178940826 0.5276474952697754 10
1694178942680 0.4968070089817047 11
1694178944552 0.46407878398895264 12
1694178946434 0.4166008532047272 13
1694178948287 0.4226584732532501 14
1694178950177 0.42426735162734985 15
1694178952044 0.39747393131256104 16
1694178953912 0.40162691473960876 17
1694178955801 0.3803161382675171 18
1694178957670 0.3732703924179077 19
1694178959541 0.3778943121433258 20
1694178961403 0.37002992630004883 21
1694178963274 0.3570678234100342 22
1694178965152 0.337192565202713 23
1694178967031 0.3330918848514557 24
1694178968896 0.3345222771167755 25
1694178970768 0.31433531641960144 26
1694178972628 0.3160819709300995 27
1694178974500 0.28962573409080505 28
1694178976380 0.2847473919391632 29
1694178978361 0.2604486346244812 30
1694178980240 0.29692816734313965 31
1694178982126 0.2552604377269745 32
1694178983998 0.27511632442474365 33
1694178985868 0.2624204456806183 34
1694178987745 0.2372199147939682 35
1694178989620 0.2587166428565979 36
1694178991501 0.26255348324775696 37
1694178993382 0.2653792202472687 38
1694178995294 0.22972890734672546 39
1694178997172 0.22049321234226227 40
1694178999057 0.21995224058628082 41
1694179000935 0.2251000553369522 42
1694179002800 0.24000553786754608 43
1694179004669 0.2131829559803009 44
1694179006535 0.22628533840179443 45
1694179008402 0.20555517077445984 46
1694179010288 0.21058490872383118 47
1694179012155 0.22049380838871002 48
1694179014020 0.19148746132850647 49
1694179015891 0.19473527371883392 50
1694179017760 0.2029537558555603 51
1694179019625 0.23412972688674927 52
1694179021474 0.1867600828409195 53
1694179023345 0.19850559532642365 54
1694179025213 0.19606061279773712 55
1694179027089 0.18801897764205933 56
1694179028954 0.18505573272705078 57
1694179030832 0.18097737431526184 58
1694179032694 0.1811702847480774 59
1694179034550 0.18032880127429962 60
1694179036415 0.18509340286254883 61
1694179038274 0.17165343463420868 62
1694179040137 0.16177599132061005 63
1694179042007 0.18927393853664398 64
1694179043873 0.17909666895866394 65
1694179045747 0.16507568955421448 66
1694179047696 0.1772947609424591 67
1694179049553 0.18808019161224365 68
1694179051438 0.16632191836833954 69
1694179053308 0.16716651618480682 70
1694179055176 0.18434569239616394 71
1694179057048 0.1643965095281601 72
1694179058925 0.17334264516830444 73
1694179060816 0.1732405126094818 74
1694179062688 0.14668485522270203 75
1694179064561 0.16900251805782318 76
1694179066436 0.18314369022846222 77
1694179068307 0.16264556348323822 78
1694179070173 0.18190766870975494 79
1694179072044 0.20933763682842255 80
1694179073920 0.21215249598026276 81
1694179075805 0.20865538716316223 82
1694179077677 0.23183080554008484 83
1694179079545 0.20998676121234894 84
1694179081414 0.20276515185832977 85
1694179083285 0.21519769728183746 86
1694179085158 0.2012101113796234 87
1694179087043 0.22122831642627716 88
1694179088930 0.2357730120420456 89
1694179090814 0.2577469050884247 90
1694179092684 0.2913024127483368 91
1694179094545 0.6012543439865112 92
1694179096432 0.3893534541130066 93
1694179098326 0.30513790249824524 94
1694179100194 0.28546133637428284 95
1694179102059 0.2939525842666626 96
1694179103922 0.29666075110435486 97
1694179105792 0.2737113833427429 98
1694179107657 0.30080199241638184 99
1694179109529 0.3022477626800537 100
1694179111410 0.3096739947795868 101
1694179113275 0.31819096207618713 102
1694179115130 0.2833559811115265 103
1694179116990 0.28843265771865845 104
1694179118857 0.30527248978614807 105
1694179120717 0.3263901174068451 106
1694179122675 0.30602264404296875 107
1694179124533 0.3036023676395416 108
1694179126397 0.29839280247688293 109
1694179128256 0.29811152815818787 110
1694179130118 0.280243456363678 111
1694179131987 0.27644702792167664 112
1694179133850 0.3178531527519226 113
1694179135900 0.3220938444137573 114
1694179138011 0.30377814173698425 115
1694179139958 0.27990099787712097 116
1694179141946 0.28668034076690674 117
1694179143846 0.2648012340068817 118
1694179145796 0.2878715693950653 119
1694179147669 0.30640551447868347 120
1694179149547 0.2896836996078491 121
1694179151420 0.28871631622314453 122
1694179153307 0.25918611884117126 123
1694179155187 0.27648818492889404 124
1694179157046 0.2601824402809143 125
1694179158930 0.2599804103374481 126
1694179160812 0.2574141323566437 127
1694179162684 0.25775375962257385 128
1694179164558 0.2533363699913025 129
1694179166415 0.23791241645812988 130
1694179168289 0.24920013546943665 131
1694179170157 0.2598525583744049 132
1694179172066 0.2561796307563782 133
1694179173999 0.2509290277957916 134
1694179175864 0.27615657448768616 135
1694179177728 0.28836095333099365 136
1694179179588 0.26226454973220825 137
1694179181451 0.27300530672073364 138
1694179183315 0.2614944875240326 139
1694179185173 0.2520231306552887 140
1694179187063 0.24763956665992737 141
1694179188943 0.2494276612997055 142
1694179190804 0.2917086184024811 143
1694179192655 0.3031042814254761 144
1694179194523 0.29130497574806213 145
1694179196463 0.30241402983665466 146
1694179198325 0.23325800895690918 147
1694179200215 0.2627658545970917 148
1694179202065 0.23320920765399933 149
1694179203947 0.2561981976032257 150
1694179205815 0.2674811780452728 151
1694179207827 0.2748238444328308 152
1694179209930 0.2670419216156006 153
1694179211804 0.38013094663619995 154
1694179213750 0.37373024225234985 155
1694179215742 0.3416835069656372 156
1694179217705 0.312370240688324 157
1694179219594 0.3461267352104187 158
1694179221472 0.4105239510536194 159
1694179223379 0.4044108986854553 160
1694179225370 0.37089449167251587 161
1694179227234 0.3604399859905243 162
1694179229084 0.3466566205024719 163
1694179230941 0.32655438780784607 164
1694179232789 0.32824602723121643 165
1694179234635 0.3196800649166107 166
1694179236476 0.31056880950927734 167
1694179238329 0.32844656705856323 168
1694179240183 0.32733583450317383 169
1694179242041 0.33247295022010803 170
1694179243893 0.3245496153831482 171
1694179245745 0.3246966600418091 172
1694179247589 0.3166835308074951 173
1694179249433 0.31925511360168457 174
1694179251295 0.31411677598953247 175
1694179253144 0.29549530148506165 176
1694179255010 0.30737239122390747 177
1694179256859 0.2781970798969269 178
1694179258691 0.29756203293800354 179
1694179260536 0.2792768180370331 180
1694179262377 0.27968630194664 181
1694179264368 0.3021472096443176 182
1694179266399 0.3093910813331604 183
1694179268366 0.2949717938899994 184
1694179270216 0.2839117646217346 185
1694179272085 0.30888137221336365 186
1694179273976 0.32829973101615906 187
1694179275858 0.3194772005081177 188
1694179277719 0.31111493706703186 189
1694179279584 0.30006512999534607 190
1694179281442 0.2947417199611664 191
1694179283314 0.2753658890724182 192
1694179285154 0.24397294223308563 193
1694179287085 0.2903083860874176 194
1694179289162 0.32342180609703064 195
1694179291285 0.31178268790245056 196
1694179293438 0.3128647208213806 197
1694179295595 0.290315717458725 198
1694179297662 0.2748590409755707 199
1694179299732 0.2696910500526428 200
1694179301751 0.2801467180252075 201
1694179303806 0.2912617623806 202
1694179305990 0.28608646988868713 203
1694179308088 0.278016597032547 204
1694179310200 0.31312087178230286 205
1694179312246 0.30467891693115234 206
1694179314448 0.2902063727378845 207
1694179316590 0.2777746617794037 208
1694179318740 0.27279552817344666 209
1694179320775 0.27310892939567566 210
1694179322808 0.26428693532943726 211
1694179324984 0.27580466866493225 212
1694179327109 0.2619010806083679 213
1694179329197 0.27700361609458923 214
1694179331301 0.2535095512866974 215
1694179333328 0.29228073358535767 216
1694179335470 0.28504952788352966 217
1694179337677 0.2903572916984558 218
1694179339878 0.2774220108985901 219
1694179342126 0.26964619755744934 220
1694179344224 0.2666473388671875 221
1694179346406 0.26656678318977356 222
1694179348642 0.2547949552536011 223
1694179350792 0.26884573698043823 224
1694179352848 0.29908475279808044 225
1694179354904 0.28228330612182617 226
1694179356947 0.2546675503253937 227
1694179359005 0.22942525148391724 228
1694179361036 0.24345561861991882 229
1694179363063 0.24416962265968323 230
1694179364997 0.2525433897972107 231
1694179366857 0.2474808394908905 232
1694179368766 0.2535204589366913 233
1694179370817 0.2656514346599579 234
1694179372705 0.2722240686416626 235
1694179374595 0.2631453573703766 236
1694179376471 0.23119410872459412 237
1694179378345 0.24748995900154114 238
1694179380353 0.2590663433074951 239
1694179382445 0.2765046954154968 240
1694179384835 0.2562817335128784 241
1694179386951 0.249729186296463 242
1694179388873 0.24750851094722748 243
1694179390768 0.2570737898349762 244
1694179392660 0.23075425624847412 245
1694179394603 0.24756871163845062 246
1694179396764 0.25481173396110535 247
1694179398722 0.24583354592323303 248
1694179400736 0.24511051177978516 249
1694179402749 0.2405957728624344 250
1694179404999 0.250667542219162 251
1694179407124 0.2224765121936798 252
1694179409222 0.23108144104480743 253
1694179411283 0.24416375160217285 254
1694179413455 0.2567336857318878 0
1694179415593 0.23395924270153046 1
1694179417692 0.23895397782325745 2
1694179419815 0.247600257396698 3
1694179422091 0.2502886950969696 4
1694179424302 0.22778688371181488 5
1694179426228 0.24785462021827698 6
1694179428112 0.2560115456581116 7
1694179430187 0.25280657410621643 8
1694179432096 0.24055950343608856 9
1694179434104 0.23260749876499176 10
1694179436142 0.258989155292511 11
1694179438163 0.23575696349143982 12
1694179440363 0.24815253913402557 13
1694179442553 0.26143187284469604 14
1694179444747 0.25580012798309326 15
1694179446867 0.2611670196056366 16
1694179449013 0.20536957681179047 17
1694179451244 0.22903424501419067 18
1694179453416 0.2382568120956421 19
1694179455335 0.2343796342611313 20
1694179457432 0.23678167164325714 21
1694179459528 0.22891514003276825 22
1694179461764 0.22232003509998322 23
1694179463851 0.22681580483913422 24
1694179465942 0.2553789019584656 25
1694179468036 0.2409875988960266 26
1694179470140 0.21610526740550995 27
1694179472296 0.2682696282863617 28
1694179474385 0.26621338725090027 29
1694179476659 0.25465962290763855 30
1694179478896 0.2380741685628891 31
1694179481018 0.23507878184318542 32
1694179483106 0.23756279051303864 33
1694179485179 0.22141613066196442 34
1694179487390 0.24806147813796997 35
1694179489644 0.24674664437770844 36
1694179491733 0.2402580976486206 37
1694179493830 0.23871298134326935 38
1694179495893 0.22260123491287231 39
1694179497951 0.23860689997673035 40
1694179500028 0.2635788023471832 41
1694179502103 0.2441231608390808 42
1694179504171 0.22345583140850067 43
1694179506321 0.22461813688278198 44
1694179508502 0.21769659221172333 45
1694179510772 0.20966129004955292 46
1694179513019 0.23894184827804565 47
1694179514965 0.2430347353219986 48
1694179516955 0.21001781523227692 49
1694179518846 0.26262152194976807 50
1694179520792 0.24677157402038574 51
1694179522685 0.2631929814815521 52
1694179524599 0.25074800848960876 53
1694179526842 0.2298344224691391 54
1694179529103 0.22590471804141998 55
1694179531380 0.21640866994857788 56
1694179533476 0.21653300523757935 57
1694179535579 0.22553911805152893 58
1694179537821 0.23963679373264313 59
1694179540048 0.23368318378925323 60
1694179542320 0.24459749460220337 61
1694179544566 0.2299540489912033 62
1694179546702 0.2250855565071106 63
1694179548769 0.21641217172145844 64
1694179550854 0.21544499695301056 65
1694179552927 0.22043079137802124 66
1694179555035 0.23644514381885529 67
1694179557117 0.2053123563528061 68
1694179559173 0.21770130097866058 69
1694179561263 0.21072673797607422 70
1694179563388 0.20260116457939148 71
1694179565700 0.21701855957508087 72
1694179567782 0.2321750819683075 73
1694179569854 0.24290792644023895 74
1694179571940 0.21460787951946259 75
1694179574016 0.22608430683612823 76
1694179576092 0.2130412757396698 77
1694179578155 0.22250722348690033 78
1694179580260 0.23297719657421112 79
1694179582530 0.1981566846370697 80
1694179584780 0.23130680620670319 81
1694179586974 0.23329217731952667 82
1694179589162 0.23123879730701447 83
1694179591101 0.2279655933380127 84
1694179592990 0.22521117329597473 85
1694179595012 0.23588140308856964 86
1694179597119 0.22794969379901886 87
1694179599295 0.2206444889307022 88
1694179601421 0.22388334572315216 89
1694179603465 0.2400720715522766 90
1694179605500 0.2325187772512436 91
1694179607677 0.22316116094589233 92
1694179609880 0.22903096675872803 93
1694179612125 0.21609623730182648 94
1694179614353 0.24389898777008057 95
1694179616383 0.23107953369617462 96
1694179618510 0.19941318035125732 97
1694179620618 0.21418450772762299 98
1694179622733 0.21838219463825226 99
1694179624853 0.19784730672836304 100
1694179626882 0.23978453874588013 101
1694179628869 0.2265840768814087 102
1694179630853 0.2433014065027237 103
1694179632903 0.2307446002960205 104
1694179634885 0.22683574259281158 105
1694179636878 0.23888176679611206 106
1694179638852 0.22128671407699585 107
1694179640883 0.20158056914806366 108
1694179642858 0.22950959205627441 109
1694179644869 0.22244291007518768 110
1694179646871 0.24089282751083374 111
1694179648855 0.24244153499603271 112
1694179650834 0.23405687510967255 113
1694179652802 0.2153078317642212 114
1694179654781 0.2166614681482315 115
1694179656766 0.21209165453910828 116
1694179658728 0.2059451788663864 117
1694179660711 0.22230638563632965 118
1694179662686 0.2238493412733078 119
1694179664680 0.20438896119594574 120
1694179666653 0.2060254067182541 121
1694179668617 0.23120951652526855 122
1694179670599 0.21259908378124237 123
1694179672558 0.21428163349628448 124
1694179674630 0.23057836294174194 125
1694179676617 0.22194904088974 126
1694179678601 0.19674262404441833 127
1694179680587 0.2193434089422226 128
1694179682568 0.223439559340477 129
1694179684553 0.22158998250961304 130
1694179686555 0.21308474242687225 131
1694179688551 0.2178722470998764 132
1694179690547 0.22849814593791962 133
1694179692565 0.2454846352338791 134
1694179694565 0.25044453144073486 135
1694179696583 0.20932923257350922 136
1694179698609 0.20114339888095856 137
1694179700644 0.212128683924675 138
1694179702694 0.2255355417728424 139
1694179704694 0.23979930579662323 140
1694179706685 0.22829337418079376 141
1694179708702 0.23279410600662231 142
1694179710745 0.20664966106414795 143
1694179712751 0.2145681083202362 144
1694179714769 0.21776579320430756 145
1694179716781 0.21590925753116608 146
1694179718812 0.22083395719528198 147
1694179720804 0.204141303896904 148
1694179722791 0.2182849943637848 149
1694179724793 0.22152483463287354 150
1694179726788 0.20845936238765717 151
1694179728771 0.23220446705818176 152
1694179730765 0.22768953442573547 153
1694179732767 0.24583196640014648 154
1694179734746 0.23901993036270142 155
1694179736761 0.23184837400913239 156
1694179738737 0.21102780103683472 157
1694179740713 0.21263334155082703 158
1694179742720 0.2307744175195694 159
1694179744691 0.22962015867233276 160
1694179746662 0.21909746527671814 161
1694179748651 0.22258919477462769 162
1694179750740 0.21116292476654053 163
1694179752713 0.22611506283283234 164
1694179754674 0.2180854082107544 165
1694179756655 0.22192396223545074 166
1694179758612 0.23281089961528778 167
1694179760581 0.216011181473732 168
1694179762580 0.20977693796157837 169
1694179764539 0.20544405281543732 170
1694179766527 0.208127960562706 171
1694179768474 0.20340387523174286 172
1694179770436 0.2113061100244522 173
1694179772398 0.2238655686378479 174
1694179774350 0.22716914117336273 175
1694179776312 0.19994820654392242 176
1694179778300 0.1964138001203537 177
1694179780253 0.24032825231552124 178
1694179782219 0.22465328872203827 179
1694179784186 0.2308177649974823 180
1694179786164 0.2135830968618393 181
1694179788156 0.20893627405166626 182
1694179790140 0.22787539660930634 183
1694179792124 0.21864984929561615 184
1694179794133 0.2524729073047638 185
1694179796122 0.23357124626636505 186
1694179798262 0.19921982288360596 187
1694179800232 0.19542770087718964 188
1694179802256 0.20846189558506012 189
1694179804219 0.22803308069705963 190
1694179806243 0.20867016911506653 191
1694179808299 0.188815638422966 192
1694179810301 0.20617178082466125 193
1694179812301 0.23078587651252747 194
1694179814287 0.21818193793296814 195
1694179816291 0.20721997320652008 196
1694179818292 0.19814200699329376 197
1694179820250 0.21162626147270203 198
1694179822259 0.23091505467891693 199
1694179824209 0.2285223752260208 200
1694179826172 0.22696785628795624 201
1694179828173 0.2075040191411972 202
1694179830238 0.20106519758701324 203
1694179832202 0.20343442261219025 204
1694179834155 0.19691431522369385 205
1694179836126 0.20716695487499237 206
1694179838097 0.21676072478294373 207
1694179840068 0.20286040008068085 208
1694179842065 0.23377448320388794 209
1694179844015 0.2280418425798416 210
1694179845991 0.2193112075328827 211
1694179847966 0.19621172547340393 212
1694179849919 0.1976677030324936 213
1694179851870 0.19294337928295135 214
1694179853840 0.22495868802070618 215
1694179855821 0.22154775261878967 216
1694179857773 0.21558886766433716 217
1694179859726 0.2286595106124878 218
1694179861851 0.20824213325977325 219
1694179863933 0.18283827602863312 220
1694179866096 0.2081599086523056 221
1694179868412 0.2046220600605011 222
1694179870346 0.1880030333995819 223
1694179872243 0.2195407599210739 224
1694179874515 0.23847723007202148 225
1694179876637 0.22213780879974365 226
1694179878621 0.22209490835666656 227
1694179880579 0.22812876105308533 228
1694179882485 0.21409043669700623 229
1694179884567 0.21485549211502075 230
1694179886526 0.21805234253406525 231
1694179888476 0.20870567858219147 232
1694179890473 0.20610420405864716 233
1694179892415 0.23566003143787384 234
1694179894333 0.22630010545253754 235
1694179896262 0.20780417323112488 236
1694179898176 0.2184731513261795 237
1694179900061 0.2363135814666748 238
1694179901952 0.22093340754508972 239
1694179903840 0.20745503902435303 240
1694179905719 0.2176196575164795 241
1694179907693 0.23655807971954346 242
1694179909565 0.20597273111343384 243
1694179911443 0.19237616658210754 244
1694179913314 0.18533481657505035 245
1694179915187 0.22827763855457306 246
1694179917068 0.24387410283088684 247
1694179918936 0.22326067090034485 248
1694179920806 0.19096584618091583 249
1694179922665 0.1905716210603714 250
1694179924636 0.2166578322649002 251
1694179926596 0.22085309028625488 252
1694179928474 0.22377754747867584 253
1694179930364 0.21500840783119202 254
1694179932238 0.21660888195037842 0
1694179934182 0.19784437119960785 1
1694179936059 0.19550999999046326 2
1694179937985 0.2018052190542221 3
1694179939851 0.2133021354675293 4
1694179941719 0.24013200402259827 5
1694179943596 0.22015812993049622 6
1694179945469 0.19776807725429535 7
1694179947340 0.1891033947467804 8
1694179949202 0.20004400610923767 9
1694179951136 0.20457731187343597 10
1694179953033 0.23944830894470215 11
1694179954909 0.2071056216955185 12
1694179956835 0.22238817811012268 13
1694179958704 0.2167036533355713 14
1694179960597 0.21831512451171875 15
1694179962480 0.19813722372055054 16
1694179964357 0.22089916467666626 17
1694179966293 0.1990126371383667 18
1694179968167 0.18569564819335938 19
1694179970045 0.2138073593378067 20
1694179971908 0.2149939239025116 21
1694179973786 0.21127434074878693 22
1694179975666 0.1930181235074997 23
1694179977534 0.20900508761405945 24
1694179979483 0.2273925244808197 25
1694179981354 0.22514213621616364 26
1694179983211 0.21391035616397858 27
1694179985083 0.19698886573314667 28
1694179986964 0.22329004108905792 29
1694179988979 0.20214346051216125 30
1694179991202 0.20524106919765472 31
1694179993189 0.18725727498531342 32
1694179995128 0.1922621726989746 33
1694179997256 0.19038830697536469 34
1694179999119 0.20685100555419922 35
1694180000996 0.20584090054035187 36
1694180002863 0.21602419018745422 37
1694180004715 0.200936958193779 38
1694180006572 0.18824869394302368 39
1694180008431 0.19376903772354126 40
1694180010295 0.22624923288822174 41
1694180012161 0.22584699094295502 42
1694180014017 0.21296298503875732 43
1694180015882 0.20020145177841187 44
1694180017829 0.1966383010149002 45
1694180019798 0.2248852401971817 46
1694180021686 0.19691093266010284 47
1694180023550 0.224152609705925 48
1694180025407 0.2001422941684723 49
1694180027272 0.18924127519130707 50
1694180029180 0.19600482285022736 51
1694180031189 0.20680302381515503 52
1694180033054 0.22345596551895142 53
1694180034916 0.212337464094162 54
1694180036784 0.2172749787569046 55
1694180038632 0.2045113444328308 56
1694180040766 0.209285169839859 57
1694180042682 0.21523059904575348 58
1694180044558 0.21009774506092072 59
1694180046503 0.2086152881383896 60
1694180048372 0.19577176868915558 61
1694180050276 0.18968327343463898 62
1694180052144 0.208649143576622 63
1694180054011 0.19117864966392517 64
1694180055965 0.2231796830892563 65
1694180057816 0.2413398027420044 66
1694180059679 0.22358758747577667 67
1694180061571 0.1999976634979248 68
1694180063431 0.19224685430526733 69
1694180065311 0.18709327280521393 70
1694180067199 0.20378023386001587 71
1694180069069 0.18789954483509064 72
1694180070945 0.2291043996810913 73
1694180072807 0.22015082836151123 74
1694180074686 0.1954466551542282 75
1694180076549 0.1814778596162796 76
1694180078408 0.2037319391965866 77
1694180080288 0.21039611101150513 78
1694180082153 0.2144044190645218 79
1694180084015 0.20944105088710785 80
1694180085909 0.204178124666214 81
1694180087768 0.20760519802570343 82
1694180089628 0.20110473036766052 83
1694180091481 0.19336210191249847 84
1694180093335 0.20751933753490448 85
1694180095193 0.2072611004114151 86
1694180097070 0.19851648807525635 87
1694180098928 0.1952483206987381 88
1694180100799 0.2105282098054886 89
1694180102659 0.2168818563222885 90
1694180104533 0.21395450830459595 91
1694180106403 0.2053917795419693 92
1694180108265 0.20287412405014038 93
1694180110129 0.19270837306976318 94
1694180111982 0.19689875841140747 95
1694180113843 0.20328424870967865 96
1694180115704 0.22831247746944427 97
1694180117545 0.20457467436790466 98
1694180119403 0.19548258185386658 99
1694180121262 0.1928001046180725 100
1694180123103 0.18653100728988647 101
1694180124965 0.19363635778427124 102
1694180126826 0.2041383534669876 103
1694180128760 0.21385857462882996 104
1694180130611 0.2115945667028427 105
1694180132466 0.19970880448818207 106
1694180134321 0.19228626787662506 107
1694180136178 0.1919594705104828 108
1694180138030 0.20458081364631653 109
1694180139883 0.21063436567783356 110
1694180141753 0.19017840921878815 111
1694180143603 0.1841171383857727 112
1694180145464 0.20608022809028625 113
1694180147320 0.21107447147369385 114
1694180149168 0.19027382135391235 115
1694180151031 0.20517833530902863 116
1694180152881 0.20040592551231384 117
1694180154732 0.2261476218700409 118
1694180156586 0.2297966480255127 119
1694180158433 0.23370157182216644 120
1694180160293 0.22430852055549622 121
1694180162138 0.191739022731781 122
1694180163989 0.19946439564228058 123
1694180165850 0.21598468720912933 124
1694180167706 0.2290024608373642 125
1694180169579 0.22026807069778442 126
1694180171447 0.21714286506175995 127
1694180173297 0.21081314980983734 128
1694180175146 0.18802036345005035 129
1694180177001 0.2041037678718567 130
1694180178860 0.1903853863477707 131
1694180180728 0.21275022625923157 132
1694180182583 0.21943432092666626 133
1694180184483 0.22972121834754944 134
1694180186373 0.203956738114357 135
1694180188225 0.20079335570335388 136
1694180190075 0.19879069924354553 137
1694180191934 0.180721715092659 138
1694180193784 0.21571965515613556 139
1694180195663 0.2084627002477646 140
1694180197523 0.2341853529214859 141
1694180199476 0.2073359191417694 142
1694180201333 0.2184874415397644 143
1694180203185 0.17901591956615448 144
1694180205031 0.2146243453025818 145
1694180206884 0.2186279296875 146
1694180208730 0.20553652942180634 147
1694180210599 0.17630530893802643 148
1694180212445 0.1915702223777771 149
1694180214289 0.2059364765882492 150
1694180216137 0.20710571110248566 151
1694180217990 0.22478586435317993 152
1694180219836 0.22943225502967834 153
1694180221697 0.20494596660137177 154
1694180223543 0.1990176886320114 155
1694180225397 0.1754012554883957 156
1694180227253 0.20593446493148804 157
1694180229108 0.22173820436000824 158
1694180230993 0.22011803090572357 159
1694180232846 0.2141037881374359 160
1694180234704 0.20538686215877533 161
1694180236560 0.18292886018753052 162
1694180238410 0.1961832195520401 163
1694180240264 0.20076152682304382 164
1694180242133 0.2194714993238449 165
1694180243999 0.213769793510437 166
1694180245885 0.22940470278263092 167
1694180247740 0.18605419993400574 168
1694180249584 0.20689085125923157 169
1694180251462 0.2074303925037384 170
1694180253322 0.2392496019601822 171
1694180255187 0.23465722799301147 172
1694180257051 0.20699800550937653 173
1694180258920 0.19215282797813416 174
1694180260786 0.19594615697860718 175
1694180262656 0.1848382204771042 176
1694180264507 0.1981244683265686 177
1694180266390 0.21854108572006226 178
1694180268239 0.2270834892988205 179
1694180270101 0.21794219315052032 180
1694180271980 0.20453594624996185 181
1694180273936 0.18346935510635376 182
1694180275802 0.19676214456558228 183
1694180277651 0.21373587846755981 184
1694180279508 0.20247358083724976 185
1694180281386 0.1984577775001526 186
1694180283245 0.19435624778270721 187
1694180285099 0.21392793953418732 188
1694180286948 0.1937219500541687 189
1694180288794 0.21640998125076294 190
1694180290663 0.2139614224433899 191
1694180292521 0.20675313472747803 192
1694180294379 0.2280847281217575 193
1694180296246 0.20221289992332458 194
1694180298104 0.2356400191783905 195
1694180299960 0.1878737509250641 196
1694180301829 0.1881779432296753 197
1694180303678 0.20939598977565765 198
1694180305536 0.22959014773368835 199
1694180307404 0.20845754444599152 200
1694180309250 0.19708946347236633 201
1694180311117 0.19164332747459412 202
1694180312998 0.19996893405914307 203
1694180314846 0.1983863115310669 204
1694180316688 0.2156556248664856 205
1694180318535 0.2230260670185089 206
1694180320384 0.19010835886001587 207
1694180322228 0.1944139301776886 208
1694180324066 0.1734040081501007 209
1694180325922 0.23214994370937347 210
1694180327768 0.25809037685394287 211
1694180329607 0.2252369076013565 212
1694180331466 0.1870749592781067 213
1694180333316 0.17937971651554108 214
1694180335159 0.2030525654554367 215
1694180337012 0.2115287482738495 216
1694180338852 0.20684899389743805 217
1694180340709 0.19283759593963623 218
1694180342576 0.18932805955410004 219
1694180344436 0.20011654496192932 220
1694180346396 0.21624165773391724 221
1694180348258 0.20080143213272095 222
1694180350121 0.2068026065826416 223
1694180351979 0.2274792194366455 224
1694180353837 0.1915455311536789 225
1694180355697 0.19880984723567963 226
1694180357554 0.23148342967033386 227
1694180359415 0.21723781526088715 228
1694180361286 0.2050626277923584 229
1694180363140 0.1996838003396988 230
1694180364993 0.20315615832805634 231
1694180366864 0.19300061464309692 232
1694180368736 0.19406214356422424 233
1694180370589 0.21940840780735016 234
1694180372456 0.19416534900665283 235
1694180374306 0.23569951951503754 236
1694180376168 0.23076751828193665 237
1694180378010 0.18618035316467285 238
1694180379854 0.21564070880413055 239
1694180381719 0.20621345937252045 240
1694180383576 0.21545939147472382 241
1694180385443 0.17513932287693024 242
1694180387308 0.20897053182125092 243
1694180389172 0.20633336901664734 244
1694180391040 0.2128390222787857 245
1694180392891 0.16658638417720795 246
1694180394741 0.20086795091629028 247
1694180396604 0.20668043196201324 248
1694180398451 0.193659707903862 249
1694180400306 0.21635013818740845 250
1694180402164 0.21609368920326233 251
1694180404032 0.2028987556695938 252
1694180405890 0.21723604202270508 253
1694180407762 0.20402497053146362 254
