1694178922193 0.1611514836549759 0
1694178924120 0.6964030265808105 1
1694178925974 1.197479009628296 2
1694178927832 2.495464563369751 3
1694178929685 4.112805366516113 4
1694178931536 5.706761360168457 5
1694178933396 6.99181604385376 6
1694178935256 7.9380645751953125 7
1694178937103 8.808226585388184 8
1694178938958 9.533272743225098 9
1694178940827 10.05592155456543 10
1694178942681 10.616192817687988 11
1694178944553 10.993217468261719 12
1694178946435 11.227299690246582 13
1694178948289 11.389144897460938 14
1694178950178 11.384605407714844 15
1694178952045 11.424312591552734 16
1694178953914 11.653715133666992 17
1694178955802 11.4437894821167 18
1694178957672 11.448395729064941 19
1694178959542 11.436809539794922 20
1694178961405 11.34268569946289 21
1694178963276 10.926329612731934 22
1694178965154 10.851463317871094 23
1694178967033 10.714740753173828 24
1694178968897 10.527242660522461 25
1694178970770 10.201613426208496 26
1694178972630 10.000284194946289 27
1694178974501 9.634111404418945 28
1694178976381 9.679903030395508 29
1694178978362 9.168401718139648 30
1694178980241 9.237531661987305 31
1694178982128 9.04063606262207 32
1694178983999 8.660524368286133 33
1694178985869 8.295801162719727 34
1694178987746 8.245394706726074 35
1694178989622 8.096113204956055 36
1694178991502 7.5435638427734375 37
1694178993383 7.302683353424072 38
1694178995296 7.204688549041748 39
1694178997174 6.912894248962402 40
1694178999058 6.657586097717285 41
1694179000936 6.236937046051025 42
1694179002802 6.091285228729248 43
1694179004670 5.730024337768555 44
1694179006536 5.539161205291748 45
1694179008404 5.36844539642334 46
1694179010289 5.033836364746094 47
1694179012157 4.6486663818359375 48
1694179014021 4.470611095428467 49
1694179015892 4.270448684692383 50
1694179017761 3.821500539779663 51
1694179019626 3.685291290283203 52
1694179021476 3.4582130908966064 53
1694179023347 3.1115217208862305 54
1694179025215 2.8557794094085693 55
1694179027090 2.626070022583008 56
1694179028955 2.455761194229126 57
1694179030833 2.1601531505584717 58
1694179032695 1.8887763023376465 59
1694179034551 1.7401288747787476 60
1694179036416 1.5182567834854126 61
1694179038276 1.2827647924423218 62
1694179040138 1.0102235078811646 63
1694179042008 0.8377112150192261 64
1694179043874 0.6070603132247925 65
1694179045748 0.40481796860694885 66
1694179047697 0.21456807851791382 67
1694179049555 0.017357001081109047 68
1694179051439 -0.17506612837314606 69
1694179053309 -0.3431401252746582 70
1694179055177 -0.5066697001457214 71
1694179057050 -0.6837933659553528 72
1694179058926 -0.860061764717102 73
1694179060817 -0.9989319443702698 74
1694179062689 -1.109579086303711 75
1694179064563 -1.2490299940109253 76
1694179066438 -1.3393102884292603 77
1694179068308 -1.4414688348770142 78
1694179070174 -1.5072031021118164 79
1694179072046 -1.5094974040985107 80
1694179073922 -1.5069133043289185 81
1694179075806 -1.548547387123108 82
1694179077678 -1.5562398433685303 83
1694179079547 -1.5697358846664429 84
1694179081415 -1.5766557455062866 85
1694179083286 -1.501953363418579 86
1694179085160 -1.4619654417037964 87
1694179087045 -1.3685154914855957 88
1694179088931 -1.3391211032867432 89
1694179090815 -1.5089187622070312 90
1694179092686 -1.3270283937454224 91
1694179094546 -1.9838323593139648 92
1694179096433 -2.213752508163452 93
1694179098329 -2.7448723316192627 94
1694179100195 -2.721101760864258 95
1694179102061 -2.490640163421631 96
1694179103924 -2.3273119926452637 97
1694179105793 -2.349304437637329 98
1694179107659 -2.290848970413208 99
1694179109530 -2.22411847114563 100
1694179111412 -2.0801799297332764 101
1694179113276 -2.0295145511627197 102
1694179115131 -1.8754551410675049 103
1694179116991 -1.7265583276748657 104
1694179118858 -1.6353801488876343 105
1694179120719 -1.4329254627227783 106
1694179122676 -1.2939625978469849 107
1694179124534 -1.2525197267532349 108
1694179126398 -1.1687815189361572 109
1694179128258 -1.1175607442855835 110
1694179130120 -0.9903366565704346 111
1694179131990 -1.0957132577896118 112
1694179133851 -1.1321139335632324 113
1694179135901 -1.2306214570999146 114
1694179138012 -1.1413300037384033 115
1694179139959 -1.1571507453918457 116
1694179141948 -0.9000825881958008 117
1694179143848 -0.9786339998245239 118
1694179145797 -0.871518075466156 119
1694179147670 -0.7832523584365845 120
1694179149549 -0.8128369450569153 121
1694179151421 -0.7939152121543884 122
1694179153308 -0.8004559278488159 123
1694179155188 -0.7443461418151855 124
1694179157048 -0.7656325697898865 125
1694179158931 -0.7253038287162781 126
1694179160813 -0.7604291439056396 127
1694179162685 -0.6918547749519348 128
1694179164559 -0.684048593044281 129
1694179166416 -0.7920022010803223 130
1694179168291 -0.7057628035545349 131
1694179170159 -0.7461496591567993 132
1694179172067 -0.6515982747077942 133
1694179174001 -0.8122780323028564 134
1694179175865 -0.6507425308227539 135
1694179177730 -0.6250907778739929 136
1694179179589 -0.8183964490890503 137
1694179181452 -0.8127363324165344 138
1694179183316 -0.7463710308074951 139
1694179185175 -0.793493926525116 140
1694179187064 -0.7330962419509888 141
1694179188944 -0.7682040333747864 142
1694179190805 -0.6283534169197083 143
1694179192657 -0.6125812530517578 144
1694179194524 -0.6588588953018188 145
1694179196464 -0.6441680192947388 146
1694179198326 -0.7575005292892456 147
1694179200216 -0.6666706800460815 148
1694179202067 -0.7684469223022461 149
1694179203949 -0.8010120391845703 150
1694179205816 -0.6648948192596436 151
1694179207828 -0.6104030609130859 152
1694179209932 -0.7651853561401367 153
1694179211805 -0.8082473278045654 154
1694179213751 -0.8754733204841614 155
1694179215744 -0.8970916271209717 156
1694179217706 -0.9812650680541992 157
1694179219595 -0.9515830874443054 158
1694179221474 -0.8338614106178284 159
1694179223380 -0.7777326703071594 160
1694179225372 -1.013917326927185 161
1694179227235 -0.9579156041145325 162
1694179229086 -0.8159378170967102 163
1694179230942 -1.0140472650527954 164
1694179232790 -0.6614343523979187 165
1694179234636 -0.6868520379066467 166
1694179236478 -0.7122749090194702 167
1694179238331 -0.5932510495185852 168
1694179240185 -0.6295434236526489 169
1694179242042 -0.644931435585022 170
1694179243894 -0.6108452677726746 171
1694179245747 -0.683420717716217 172
1694179247590 -0.6290282011032104 173
1694179249435 -0.5270130634307861 174
1694179251296 -0.6140422821044922 175
1694179253147 -0.6338372230529785 176
1694179255011 -0.6381593346595764 177
1694179256860 -0.6431785821914673 178
1694179258692 -0.6042702198028564 179
1694179260537 -0.5136594772338867 180
1694179262378 -0.664125382900238 181
1694179264369 -0.5769439935684204 182
1694179266401 -0.5607487559318542 183
1694179268368 -0.6083717346191406 184
1694179270218 -0.6665759086608887 185
1694179272087 -0.5394018292427063 186
1694179273977 -0.5258460640907288 187
1694179275860 -0.4509241282939911 188
1694179277720 -0.515307605266571 189
1694179279585 -0.5516252517700195 190
1694179281443 -0.5154761075973511 191
1694179283315 -0.5471159219741821 192
1694179285155 -0.643294095993042 193
1694179287086 -0.47356903553009033 194
1694179289163 -0.47291862964630127 195
1694179291286 -0.5068107843399048 196
1694179293440 -0.5166299939155579 197
1694179295597 -0.5052012801170349 198
1694179297663 -0.5293698906898499 199
1694179299733 -0.5361785888671875 200
1694179301752 -0.5049143433570862 201
1694179303808 -0.539557933807373 202
1694179305991 -0.4220542013645172 203
1694179308089 -0.5872861742973328 204
1694179310201 -0.4710160195827484 205
1694179312248 -0.43468502163887024 206
1694179314450 -0.47200027108192444 207
1694179316592 -0.47358238697052 208
1694179318741 -0.4684767723083496 209
1694179320776 -0.48847317695617676 210
1694179322810 -0.4771158993244171 211
1694179324985 -0.44360873103141785 212
1694179327111 -0.48824551701545715 213
1694179329198 -0.43614789843559265 214
1694179331302 -0.5976890325546265 215
1694179333329 -0.4120399057865143 216
1694179335471 -0.4694235920906067 217
1694179337678 -0.46993350982666016 218
1694179339880 -0.4645124077796936 219
1694179342127 -0.46686094999313354 220
1694179344225 -0.4487743377685547 221
1694179346408 -0.4812605679035187 222
1694179348644 -0.5344376564025879 223
1694179350794 -0.48656418919563293 224
1694179352849 -0.4217911660671234 225
1694179354905 -0.41388145089149475 226
1694179356948 -0.445030152797699 227
1694179359006 -0.46319833397865295 228
1694179361037 -0.45346158742904663 229
1694179363065 -0.45208674669265747 230
1694179364998 -0.44591954350471497 231
1694179366859 -0.4740426540374756 232
1694179368767 -0.4701673984527588 233
1694179370819 -0.41311052441596985 234
1694179372706 -0.41308557987213135 235
1694179374596 -0.4363698959350586 236
1694179376472 -0.4951615333557129 237
1694179378346 -0.4180741012096405 238
1694179380355 -0.42239540815353394 239
1694179382446 -0.42616814374923706 240
1694179384836 -0.4263067841529846 241
1694179386952 -0.41912841796875 242
1694179388874 -0.4218297302722931 243
1694179390769 -0.40564844012260437 244
1694179392661 -0.4593029022216797 245
1694179394605 -0.4163401126861572 246
1694179396766 -0.40215638279914856 247
1694179398723 -0.42893433570861816 248
1694179400737 -0.41971302032470703 249
1694179402751 -0.4181584417819977 250
1694179405000 -0.4153133034706116 251
1694179407125 -0.426104873418808 252
1694179409223 -0.43780234456062317 253
1694179411284 -0.41827648878097534 254
1694179413456 -0.4034188389778137 0
1694179415594 -0.4148814082145691 1
1694179417694 -0.4139116108417511 2
1694179419816 -0.4138045012950897 3
1694179422092 -0.411796897649765 4
1694179424303 -0.41699549555778503 5
1694179426229 -0.42169302701950073 6
1694179428113 -0.4008445143699646 7
1694179430189 -0.39687058329582214 8
1694179432097 -0.4065508246421814 9
1694179434106 -0.4261513948440552 10
1694179436143 -0.40534287691116333 11
1694179438164 -0.42496970295906067 12
1694179440364 -0.42006462812423706 13
1694179442555 -0.39820000529289246 14
1694179444748 -0.3902805745601654 15
1694179446869 -0.3946322798728943 16
1694179449015 -0.4362383484840393 17
1694179451245 -0.41864070296287537 18
1694179453418 -0.42198294401168823 19
1694179455337 -0.4152866303920746 20
1694179457433 -0.4128815233707428 21
1694179459530 -0.41669198870658875 22
1694179461765 -0.41984111070632935 23
1694179463852 -0.4385206997394562 24
1694179465944 -0.39432990550994873 25
1694179468037 -0.3963504433631897 26
1694179470142 -0.5289342403411865 27
1694179472297 -0.3813578188419342 28
1694179474386 -0.37845101952552795 29
1694179476660 -0.39368388056755066 30
1694179478897 -0.4240639805793762 31
1694179481019 -0.4389190971851349 32
1694179483108 -0.41122567653656006 33
1694179485180 -0.472431480884552 34
1694179487391 -0.42558780312538147 35
1694179489646 -0.4248332679271698 36
1694179491735 -0.4045870304107666 37
1694179493831 -0.43337392807006836 38
1694179495894 -0.4607156217098236 39
1694179497952 -0.41886234283447266 40
1694179500029 -0.38811078667640686 41
1694179502104 -0.39995869994163513 42
1694179504172 -0.43128469586372375 43
1694179506323 -0.4492708742618561 44
1694179508503 -0.4281540811061859 45
1694179510773 -0.4476897418498993 46
1694179513021 -0.4244251549243927 47
1694179514967 -0.4206754267215729 48
1694179516956 -0.4505970776081085 49
1694179518848 -0.4034210741519928 50
1694179520793 -0.41577452421188354 51
1694179522687 -0.38895127177238464 52
1694179524601 -0.3999815881252289 53
1694179526844 -0.43802669644355774 54
1694179529105 -0.4435442388057709 55
1694179531381 -0.43699800968170166 56
1694179533477 -0.4389389753341675 57
1694179535580 -0.4352562129497528 58
1694179537822 -0.4214288592338562 59
1694179540050 -0.4163776636123657 60
1694179542322 -0.42152270674705505 61
1694179544567 -0.4313769042491913 62
1694179546703 -0.4274804890155792 63
1694179548771 -0.44503816962242126 64
1694179550856 -0.4427172541618347 65
1694179552928 -0.4357455372810364 66
1694179555037 -0.4173940420150757 67
1694179557118 -0.4412812888622284 68
1694179559174 -0.4342026710510254 69
1694179561264 -0.44209185242652893 70
1694179563390 -0.46193137764930725 71
1694179565702 -0.4351010322570801 72
1694179567783 -0.4370711147785187 73
1694179569856 -0.41172298789024353 74
1694179571942 -0.4358719289302826 75
1694179574017 -0.43618935346603394 76
1694179576094 -0.44125792384147644 77
1694179578157 -0.45210862159729004 78
1694179580262 -0.4234659671783447 79
1694179582532 -0.4609903395175934 80
1694179584782 -0.4278316795825958 81
1694179586976 -0.4305538535118103 82
1694179589163 -0.4284028112888336 83
1694179591103 -0.437727153301239 84
1694179592991 -0.44951140880584717 85
1694179595014 -0.4187607169151306 86
1694179597121 -0.4409506618976593 87
1694179599297 -0.45610880851745605 88
1694179601422 -0.4414899945259094 89
1694179603467 -0.43137326836586 90
1694179605501 -0.43746745586395264 91
1694179607678 -0.4340900778770447 92
1694179609882 -0.4498435854911804 93
1694179612126 -0.45517149567604065 94
1694179614354 -0.42514508962631226 95
1694179616384 -0.43979111313819885 96
1694179618512 -0.47446027398109436 97
1694179620619 -0.4483959376811981 98
1694179622734 -0.4499814510345459 99
1694179624855 -0.48532137274742126 100
1694179626884 -0.42749863862991333 101
1694179628870 -0.45037415623664856 102
1694179630855 -0.42572447657585144 103
1694179632905 -0.43960827589035034 104
1694179634886 -0.4432135224342346 105
1694179636879 -0.4358942210674286 106
1694179638854 -0.4520794749259949 107
1694179640885 -0.47398754954338074 108
1694179642860 -0.4545697569847107 109
1694179644870 -0.4580659568309784 110
1694179646873 -0.43822866678237915 111
1694179648857 -0.43834224343299866 112
1694179650835 -0.444862961769104 113
1694179652803 -0.4507628083229065 114
1694179654782 -0.45333874225616455 115
1694179656767 -0.4674573838710785 116
1694179658729 -0.47176674008369446 117
1694179660713 -0.4435184895992279 118
1694179662688 -0.4547795355319977 119
1694179664681 -0.46652719378471375 120
1694179666655 -0.4729037284851074 121
1694179668618 -0.45793473720550537 122
1694179670600 -0.4721266031265259 123
1694179672559 -0.45263347029685974 124
1694179674631 -0.43995118141174316 125
1694179676619 -0.4618108570575714 126
1694179678602 -0.4917823374271393 127
1694179680589 -0.45565325021743774 128
1694179682570 -0.4517001807689667 129
1694179684554 -0.46027445793151855 130
1694179686557 -0.461650550365448 131
1694179688552 -0.47270023822784424 132
1694179690549 -0.4770403206348419 133
1694179692566 -0.4303235709667206 134
1694179694566 -0.432904452085495 135
1694179696585 -0.47031790018081665 136
1694179698610 -0.48969370126724243 137
1694179700645 -0.4794680178165436 138
1694179702695 -0.46153661608695984 139
1694179704695 -0.4475926458835602 140
1694179706687 -0.45465561747550964 141
1694179708703 -0.4572470486164093 142
1694179710746 -0.47335055470466614 143
1694179712752 -0.47785767912864685 144
1694179714771 -0.4677833914756775 145
1694179716782 -0.47383496165275574 146
1694179718813 -0.47653570771217346 147
1694179720805 -0.476480096578598 148
1694179722793 -0.4713880121707916 149
1694179724794 -0.4721096158027649 150
1694179726790 -0.47280117869377136 151
1694179728772 -0.4896748661994934 152
1694179730767 -0.47002050280570984 153
1694179732768 -0.4568912088871002 154
1694179734747 -0.441148966550827 155
1694179736762 -0.4500030279159546 156
1694179738739 -0.4855315685272217 157
1694179740715 -0.49349725246429443 158
1694179742721 -0.4726012945175171 159
1694179744692 -0.4632396697998047 160
1694179746664 -0.472285658121109 161
1694179748652 -0.4824393391609192 162
1694179750741 -0.48797252774238586 163
1694179752714 -0.48611029982566833 164
1694179754675 -0.46967506408691406 165
1694179756656 -0.4672073721885681 166
1694179758613 -0.46327608823776245 167
1694179760582 -0.47700387239456177 168
1694179762582 -0.4865255355834961 169
1694179764540 -0.48610618710517883 170
1694179766528 -0.48364272713661194 171
1694179768475 -0.49082422256469727 172
1694179770438 -0.48132938146591187 173
1694179772400 -0.4729354679584503 174
1694179774351 -0.46294644474983215 175
1694179776313 -0.5091609954833984 176
1694179778302 -0.51274174451828 177
1694179780255 -0.4537898004055023 178
1694179782221 -0.4741836190223694 179
1694179784188 -0.45902732014656067 180
1694179786165 -0.4854733645915985 181
1694179788158 -0.5073056817054749 182
1694179790142 -0.48200008273124695 183
1694179792125 -0.48995181918144226 184
1694179794134 -0.4393201470375061 185
1694179796124 -0.45776963233947754 186
1694179798264 -0.5012482404708862 187
1694179800234 -0.5184580087661743 188
1694179802258 -0.4926150143146515 189
1694179804221 -0.47725749015808105 190
1694179806244 -0.4927239418029785 191
1694179808300 -0.5311774015426636 192
1694179810303 -0.4918198585510254 193
1694179812303 -0.4690265357494354 194
1694179814289 -0.48090335726737976 195
1694179816292 -0.4967755377292633 196
1694179818293 -0.5204232335090637 197
1694179820251 -0.4919232130050659 198
1694179822260 -0.48967984318733215 199
1694179824210 -0.46888694167137146 200
1694179826173 -0.47933703660964966 201
1694179828174 -0.5084848999977112 202
1694179830240 -0.5051285028457642 203
1694179832203 -0.4988633692264557 204
1694179834156 -0.5036618113517761 205
1694179836127 -0.508996844291687 206
1694179838098 -0.4890052378177643 207
1694179840069 -0.5061795711517334 208
1694179842066 -0.4945168197154999 209
1694179844016 -0.47434040904045105 210
1694179845992 -0.4806539714336395 211
1694179847967 -0.509066104888916 212
1694179849920 -0.513904333114624 213
1694179851872 -0.5166005492210388 214
1694179853841 -0.4902498722076416 215
1694179855822 -0.49344292283058167 216
1694179857775 -0.4927445352077484 217
1694179859728 -0.4838676154613495 218
1694179861852 -0.5122389793395996 219
1694179863935 -0.5327548384666443 220
1694179866097 -0.4925629198551178 221
1694179868413 -0.5035836696624756 222
1694179870348 -0.5331159830093384 223
1694179872245 -0.4890594184398651 224
1694179874516 -0.476638525724411 225
1694179876638 -0.49078744649887085 226
1694179878622 -0.5053641200065613 227
1694179880580 -0.5039033889770508 228
1694179882486 -0.51286780834198 229
1694179884569 -0.5023138523101807 230
1694179886527 -0.48985347151756287 231
1694179888477 -0.5060630440711975 232
1694179890474 -0.5172600746154785 233
1694179892416 -0.48994964361190796 234
1694179894334 -0.4949813187122345 235
1694179896263 -0.5187827944755554 236
1694179898177 -0.5008920431137085 237
1694179900062 -0.492977499961853 238
1694179901954 -0.49902451038360596 239
1694179903842 -0.5075435638427734 240
1694179905720 -0.5120241641998291 241
1694179907694 -0.48740729689598083 242
1694179909567 -0.5030026435852051 243
1694179911444 -0.5321272015571594 244
1694179913315 -0.5511414408683777 245
1694179915188 -0.5010817646980286 246
1694179917069 -0.47133609652519226 247
1694179918938 -0.49571532011032104 248
1694179920807 -0.5543899536132812 249
1694179922666 -0.5470483899116516 250
1694179924637 -0.5120394229888916 251
1694179926597 -0.5094861388206482 252
1694179928475 -0.5023741126060486 253
1694179930365 -0.5088446140289307 254
1694179932240 -0.5092293620109558 0
1694179934183 -0.5257481932640076 1
1694179936060 -0.5423814058303833 2
1694179937986 -0.5333541035652161 3
1694179939853 -0.5176819562911987 4
1694179941721 -0.4920293092727661 5
1694179943597 -0.5039956569671631 6
1694179945470 -0.5318495631217957 7
1694179947342 -0.5518975257873535 8
1694179949203 -0.540798544883728 9
1694179951139 -0.5237751007080078 10
1694179953034 -0.49777743220329285 11
1694179954911 -0.5259529948234558 12
1694179956836 -0.5047791600227356 13
1694179958705 -0.5162367224693298 14
1694179960599 -0.5219089984893799 15
1694179962481 -0.5429997444152832 16
1694179964358 -0.5025513768196106 17
1694179966295 -0.5289352536201477 18
1694179968168 -0.5520724058151245 19
1694179970046 -0.5145848393440247 20
1694179971909 -0.5121201872825623 21
1694179973788 -0.5208432078361511 22
1694179975668 -0.5410388708114624 23
1694179977535 -0.5419796109199524 24
1694179979484 -0.5069534778594971 25
1694179981355 -0.5132868885993958 26
1694179983213 -0.5159288644790649 27
1694179985085 -0.5383804440498352 28
1694179986966 -0.5151394605636597 29
1694179988980 -0.5287432670593262 30
1694179991203 -0.5219889879226685 31
1694179993191 -0.5482092499732971 32
1694179995130 -0.5427150726318359 33
1694179997258 -0.5448637008666992 34
1694179999120 -0.5255883932113647 35
1694180000997 -0.5274553894996643 36
1694180002864 -0.513821542263031 37
1694180004717 -0.5363135933876038 38
1694180006574 -0.552609384059906 39
1694180008433 -0.5582492351531982 40
1694180010297 -0.5071807503700256 41
1694180012162 -0.5120774507522583 42
1694180014018 -0.529699981212616 43
1694180015884 -0.5522324442863464 44
1694180017831 -0.5532865524291992 45
1694180019799 -0.5226821303367615 46
1694180021687 -0.5452874898910522 47
1694180023551 -0.5136321783065796 48
1694180025408 -0.5299637317657471 49
1694180027273 -0.5581871271133423 50
1694180029182 -0.5618202090263367 51
1694180031190 -0.5446659326553345 52
1694180033055 -0.5269370079040527 53
1694180034918 -0.5172581076622009 54
1694180036786 -0.525993824005127 55
1694180038633 -0.5383820533752441 56
1694180040769 -0.5551914572715759 57
1694180042683 -0.5354062914848328 58
1694180044559 -0.5363661050796509 59
1694180046504 -0.5399796366691589 60
1694180048374 -0.5481940507888794 61
1694180050277 -0.5588530898094177 62
1694180052145 -0.5492918491363525 63
1694180054012 -0.5808135867118835 64
1694180055967 -0.5143185257911682 65
1694180057817 -0.5027205348014832 66
1694180059680 -0.5253399014472961 67
1694180061572 -0.5496569275856018 68
1694180063432 -0.5686034560203552 69
1694180065312 -0.5762819051742554 70
1694180067201 -0.5514621138572693 71
1694180069071 -0.56047123670578 72
1694180070946 -0.5198941230773926 73
1694180072809 -0.5223121643066406 74
1694180074687 -0.5586326718330383 75
1694180076551 -0.5883861184120178 76
1694180078409 -0.5523386597633362 77
1694180080290 -0.5351569056510925 78
1694180082154 -0.5500141978263855 79
1694180084017 -0.5491062998771667 80
1694180085910 -0.5557268857955933 81
1694180087770 -0.5464227795600891 82
1694180089630 -0.5569566488265991 83
1694180091483 -0.5621922612190247 84
1694180093336 -0.5513831973075867 85
1694180095194 -0.5473828315734863 86
1694180097072 -0.5546197891235352 87
1694180098929 -0.5735978484153748 88
1694180100801 -0.5621058940887451 89
1694180102660 -0.5411190986633301 90
1694180104535 -0.5400278568267822 91
1694180106405 -0.5492978692054749 92
1694180108266 -0.5571511387825012 93
1694180110131 -0.5697863101959229 94
1694180111983 -0.5762895941734314 95
1694180113845 -0.5549449324607849 96
1694180115706 -0.5416114926338196 97
1694180117546 -0.5462512373924255 98
1694180119404 -0.5688416361808777 99
1694180121264 -0.5690869688987732 100
1694180123104 -0.5828240513801575 101
1694180124966 -0.5694162845611572 102
1694180126827 -0.5505498051643372 103
1694180128761 -0.5456488132476807 104
1694180130613 -0.5553476810455322 105
1694180132467 -0.5665596127510071 106
1694180134322 -0.5871875882148743 107
1694180136179 -0.5730791091918945 108
1694180138032 -0.5523180961608887 109
1694180139884 -0.551140546798706 110
1694180141754 -0.5821552276611328 111
1694180143604 -0.5766878128051758 112
1694180145466 -0.5598692893981934 113
1694180147321 -0.5600247383117676 114
1694180149170 -0.5705448985099792 115
1694180151032 -0.5621870160102844 116
1694180152882 -0.5963102579116821 117
1694180154733 -0.5528171062469482 118
1694180156587 -0.5451656579971313 119
1694180158434 -0.5364347100257874 120
1694180160294 -0.5547880530357361 121
1694180162139 -0.5982463359832764 122
1694180163991 -0.5704619884490967 123
1694180165851 -0.5668333172798157 124
1694180167708 -0.5548719167709351 125
1694180169580 -0.5532332062721252 126
1694180171448 -0.5605433583259583 127
1694180173299 -0.5724962949752808 128
1694180175147 -0.5877091884613037 129
1694180177003 -0.5855922698974609 130
1694180178862 -0.5940890312194824 131
1694180180730 -0.5618801712989807 132
1694180182584 -0.5587292909622192 133
1694180184485 -0.5398552417755127 134
1694180186374 -0.5724954605102539 135
1694180188227 -0.5870275497436523 136
1694180190076 -0.5927770733833313 137
1694180191936 -0.6146219968795776 138
1694180193786 -0.5585381388664246 139
1694180195664 -0.5722494721412659 140
1694180197524 -0.5380441546440125 141
1694180199477 -0.5897766351699829 142
1694180201334 -0.5568708777427673 143
1694180203186 -0.6223666071891785 144
1694180205032 -0.5641005039215088 145
1694180206885 -0.565579891204834 146
1694180208731 -0.5793493986129761 147
1694180210600 -0.6133427619934082 148
1694180212446 -0.5952593684196472 149
1694180214291 -0.5866223573684692 150
1694180216138 -0.5905824303627014 151
1694180217991 -0.5535944104194641 152
1694180219838 -0.5565119981765747 153
1694180221698 -0.5794129967689514 154
1694180223544 -0.5960379242897034 155
1694180225398 -0.6159342527389526 156
1694180227254 -0.5830355286598206 157
1694180229109 -0.5712444186210632 158
1694180230994 -0.5848039388656616 159
1694180232847 -0.572213351726532 160
1694180234705 -0.5846009850502014 161
1694180236561 -0.6207277178764343 162
1694180238412 -0.5929859280586243 163
1694180240266 -0.5860713720321655 164
1694180242135 -0.5753705501556396 165
1694180244000 -0.578143835067749 166
1694180245887 -0.5693870782852173 167
1694180247742 -0.6144012212753296 168
1694180249586 -0.6016762256622314 169
1694180251463 -0.5899088382720947 170
1694180253324 -0.5565804839134216 171
1694180255188 -0.5615947842597961 172
1694180257052 -0.5977458953857422 173
1694180258922 -0.6101943850517273 174
1694180260788 -0.6010246276855469 175
1694180262657 -0.6182438135147095 176
1694180264509 -0.604780375957489 177
1694180266391 -0.5802300572395325 178
1694180268241 -0.5641076564788818 179
1694180270102 -0.575329601764679 180
1694180271981 -0.6105578541755676 181
1694180273937 -0.6310067176818848 182
1694180275803 -0.5970062017440796 183
1694180277652 -0.576697587966919 184
1694180279509 -0.5933847427368164 185
1694180281387 -0.6101164817810059 186
1694180283246 -0.6015890836715698 187
1694180285100 -0.6174839735031128 188
1694180286949 -0.6005675792694092 189
1694180288795 -0.585265576839447 190
1694180290664 -0.5908485651016235 191
1694180292522 -0.6056512594223022 192
1694180294381 -0.5773800611495972 193
1694180296247 -0.6037869453430176 194
1694180298106 -0.575145423412323 195
1694180299961 -0.622041642665863 196
1694180301830 -0.62516188621521 197
1694180303679 -0.6073573231697083 198
1694180305538 -0.5722488164901733 199
1694180307406 -0.5909423828125 200
1694180309251 -0.6056433916091919 201
1694180311118 -0.6186612248420715 202
1694180312999 -0.6195620894432068 203
1694180314847 -0.6087779998779297 204
1694180316690 -0.5907338261604309 205
1694180318536 -0.5843551158905029 206
1694180320385 -0.6211940050125122 207
1694180322230 -0.6133868098258972 208
1694180324067 -0.6572303771972656 209
1694180325923 -0.5819970369338989 210
1694180327769 -0.5572535395622253 211
1694180329608 -0.5732033848762512 212
1694180331468 -0.6266621947288513 213
1694180333318 -0.6363815069198608 214
1694180335160 -0.6173704862594604 215
1694180337013 -0.5933982729911804 216
1694180338853 -0.5992249846458435 217
1694180340711 -0.6265716552734375 218
1694180342578 -0.6348388195037842 219
1694180344438 -0.6261667013168335 220
1694180346397 -0.6028693914413452 221
1694180348259 -0.6028301119804382 222
1694180350122 -0.6103187799453735 223
1694180351980 -0.5849104523658752 224
1694180353839 -0.640280544757843 225
1694180355698 -0.6449820399284363 226
1694180357555 -0.5732819437980652 227
1694180359416 -0.5944926142692566 228
1694180361288 -0.6093142032623291 229
1694180363141 -0.6334841847419739 230
1694180364994 -0.6175090074539185 231
1694180366866 -0.6185804605484009 232
1694180368738 -0.6437233686447144 233
1694180370591 -0.6045080423355103 234
1694180372457 -0.6375865340232849 235
1694180374307 -0.5792689323425293 236
1694180376169 -0.5892622470855713 237
1694180378011 -0.6500446796417236 238
1694180379856 -0.6094973087310791 239
1694180381720 -0.6130741238594055 240
1694180383577 -0.5999860167503357 241
1694180385444 -0.652248203754425 242
1694180387309 -0.6137757301330566 243
1694180389173 -0.6162983179092407 244
1694180391041 -0.618102490901947 245
1694180392892 -0.6614236831665039 246
1694180394743 -0.6267470717430115 247
1694180396605 -0.6214074492454529 248
1694180398453 -0.6286482810974121 249
1694180400307 -0.6115083694458008 250
1694180402166 -0.6132823824882507 251
1694180404033 -0.6396830081939697 252
1694180405891 -0.6097787022590637 253
1694180407763 -0.6357194185256958 254
