1694178922194 1.1386001110076904 0
1694178924121 1.5402486324310303 1
1694178925975 1.8820605278015137 2
1694178927838 3.1111831665039062 3
1694178929686 4.602126121520996 4
1694178931537 6.204740047454834 5
1694178933397 7.448916435241699 6
1694178935257 8.386728286743164 7
1694178937104 9.301318168640137 8
1694178938959 10.076534271240234 9
1694178940828 10.583568572998047 10
1694178942682 11.11299991607666 11
1694178944554 11.457296371459961 12
1694178946442 11.643900871276855 13
1694178948290 11.811803817749023 14
1694178950179 11.808873176574707 15
1694178952046 11.821786880493164 16
1694178953915 12.055341720581055 17
1694178955803 11.824105262756348 18
1694178957673 11.82166576385498 19
1694178959543 11.814703941345215 20
1694178961406 11.712715148925781 21
1694178963277 11.283397674560547 22
1694178965155 11.188655853271484 23
1694178967034 11.047832489013672 24
1694178968898 10.861764907836914 25
1694178970771 10.515948295593262 26
1694178972631 10.316366195678711 27
1694178974503 9.923737525939941 28
1694178976382 9.96465015411377 29
1694178978363 9.428850173950195 30
1694178980242 9.534460067749023 31
1694178982129 9.295896530151367 32
1694178984000 8.935640335083008 33
1694178985871 8.558221817016602 34
1694178987747 8.482614517211914 35
1694178989623 8.354829788208008 36
1694178991503 7.806117534637451 37
1694178993384 7.568062782287598 38
1694178995297 7.434417247772217 39
1694178997175 7.133387565612793 40
1694178999059 6.877538204193115 41
1694179000938 6.462037086486816 42
1694179002803 6.3312907218933105 43
1694179004671 5.943207263946533 44
1694179006537 5.765446662902832 45
1694179008405 5.574000358581543 46
1694179010290 5.244421482086182 47
1694179012158 4.869160175323486 48
1694179014022 4.662098407745361 49
1694179015893 4.465183734893799 50
1694179017762 4.024454116821289 51
1694179019627 3.9194209575653076 52
1694179021477 3.6449732780456543 53
1694179023348 3.3100273609161377 54
1694179025216 3.05184006690979 55
1694179027091 2.814089059829712 56
1694179028957 2.6408169269561768 57
1694179030834 2.341130495071411 58
1694179032696 2.069946527481079 59
1694179034552 1.9204577207565308 60
1694179036417 1.7033501863479614 61
1694179038277 1.4544181823730469 62
1694179040139 1.171999454498291 63
1694179042009 1.0269851684570312 64
1694179043875 0.7861570119857788 65
1694179045749 0.5698936581611633 66
1694179047699 0.3918628394603729 67
1694179049556 0.20543719828128815 68
1694179051440 -0.008744210004806519 69
1694179053310 -0.17597360908985138 70
1694179055178 -0.3223240077495575 71
1694179057051 -0.5193968415260315 72
1694179058927 -0.6867191195487976 73
1694179060818 -0.8256914615631104 74
1694179062690 -0.9628942012786865 75
1694179064564 -1.080027461051941 76
1694179066439 -1.1561665534973145 77
1694179068309 -1.2788232564926147 78
1694179070175 -1.3252954483032227 79
1694179072047 -1.3001598119735718 80
1694179073923 -1.294760823249817 81
1694179075807 -1.339892029762268 82
1694179077679 -1.324409008026123 83
1694179079548 -1.3597490787506104 84
1694179081416 -1.3738906383514404 85
1694179083287 -1.2867556810379028 86
1694179085161 -1.2607553005218506 87
1694179087046 -1.147287130355835 88
1694179088932 -1.1033481359481812 89
1694179090816 -1.2511718273162842 90
1694179092687 -1.0357259511947632 91
1694179094547 -1.3825780153274536 92
1694179096434 -1.8243989944458008 93
1694179098331 -2.43973445892334 94
1694179100196 -2.435640335083008 95
1694179102062 -2.196687698364258 96
1694179103925 -2.030651330947876 97
1694179105794 -2.0755929946899414 98
1694179107660 -1.9900469779968262 99
1694179109531 -1.9218707084655762 100
1694179111413 -1.7705059051513672 101
1694179113278 -1.711323618888855 102
1694179115132 -1.5920991897583008 103
1694179116992 -1.4381256103515625 104
1694179118859 -1.3301076889038086 105
1694179120720 -1.1065353155136108 106
1694179122677 -0.9879399538040161 107
1694179124535 -0.9489173889160156 108
1694179126399 -0.8703887462615967 109
1694179128259 -0.8194491863250732 110
1694179130121 -0.7100932002067566 111
1694179131992 -0.8192662000656128 112
1694179133852 -0.8142607808113098 113
1694179135903 -0.9085276126861572 114
1694179138013 -0.8375518321990967 115
1694179139960 -0.8772497177124023 116
1694179141949 -0.613402247428894 117
1694179143849 -0.7138327360153198 118
1694179145799 -0.5836465358734131 119
1694179147671 -0.476846843957901 120
1694179149550 -0.5231532454490662 121
1694179151422 -0.5051988959312439 122
1694179153309 -0.5412697792053223 123
1694179155189 -0.4678579568862915 124
1694179157049 -0.5054501295089722 125
1694179158932 -0.46532341837882996 126
1694179160814 -0.5030150413513184 127
1694179162687 -0.43410101532936096 128
1694179164560 -0.4307122230529785 129
1694179166417 -0.5540897846221924 130
1694179168292 -0.45656266808509827 131
1694179170160 -0.4862971007823944 132
1694179172069 -0.395418643951416 133
1694179174002 -0.5613490343093872 134
1694179175866 -0.37458595633506775 135
1694179177731 -0.33672982454299927 136
1694179179591 -0.556131899356842 137
1694179181453 -0.5397310256958008 138
1694179183317 -0.4848765432834625 139
1694179185176 -0.5414707660675049 140
1694179187066 -0.4854566752910614 141
1694179188945 -0.5187763571739197 142
1694179190806 -0.3366447985172272 143
1694179192658 -0.30947697162628174 144
1694179194525 -0.3675539195537567 145
1694179196465 -0.3417539894580841 146
1694179198327 -0.5242425203323364 147
1694179200217 -0.40390482544898987 148
1694179202068 -0.535237729549408 149
1694179203950 -0.544813871383667 150
1694179205817 -0.3974136412143707 151
1694179207830 -0.3355792164802551 152
1694179209933 -0.49814343452453613 153
1694179211806 -0.4281163811683655 154
1694179213752 -0.5017430782318115 155
1694179215745 -0.5554081201553345 156
1694179217707 -0.6688948273658752 157
1694179219596 -0.6054563522338867 158
1694179221475 -0.423337459564209 159
1694179223381 -0.3733217716217041 160
1694179225373 -0.6430228352546692 161
1694179227236 -0.5974756479263306 162
1694179229087 -0.4692811965942383 163
1694179230943 -0.687492847442627 164
1694179232791 -0.33318832516670227 165
1694179234637 -0.367171972990036 166
1694179236479 -0.40170609951019287 167
1694179238332 -0.264804482460022 168
1694179240186 -0.3022075891494751 169
1694179242044 -0.31245848536491394 170
1694179243895 -0.28629565238952637 171
1694179245748 -0.35872405767440796 172
1694179247591 -0.31234467029571533 173
1694179249436 -0.20775794982910156 174
1694179251297 -0.2999255061149597 175
1694179253149 -0.33834192156791687 176
1694179255013 -0.33078694343566895 177
1694179256861 -0.3649815022945404 178
1694179258693 -0.3067081868648529 179
1694179260538 -0.23438265919685364 180
1694179262379 -0.384439080953598 181
1694179264370 -0.2747967839241028 182
1694179266402 -0.25135767459869385 183
1694179268369 -0.31339994072914124 184
1694179270219 -0.38266414403915405 185
1694179272088 -0.23052045702934265 186
1694179273978 -0.1975463330745697 187
1694179275861 -0.1314469277858734 188
1694179277721 -0.20419266819953918 189
1694179279586 -0.25156012177467346 190
1694179281445 -0.2207343876361847 191
1694179283316 -0.2717500329017639 192
1694179285156 -0.39932113885879517 193
1694179287087 -0.18326064944267273 194
1694179289164 -0.14949682354927063 195
1694179291287 -0.19502809643745422 196
1694179293441 -0.20376527309417725 197
1694179295598 -0.21488556265830994 198
1694179297664 -0.2545108497142792 199
1694179299734 -0.2664875388145447 200
1694179301754 -0.22476762533187866 201
1694179303809 -0.24829617142677307 202
1694179305992 -0.13596773147583008 203
1694179308090 -0.30926957726478577 204
1694179310202 -0.15789514780044556 205
1694179312250 -0.1300061047077179 206
1694179314451 -0.18179389834403992 207
1694179316593 -0.19580772519111633 208
1694179318742 -0.19568124413490295 209
1694179320778 -0.2153642475605011 210
1694179322811 -0.21282896399497986 211
1694179324987 -0.1678040623664856 212
1694179327112 -0.22634443640708923 213
1694179329199 -0.15914428234100342 214
1694179331303 -0.3441794812679291 215
1694179333331 -0.11975917220115662 216
1694179335473 -0.18437406420707703 217
1694179337680 -0.17957621812820435 218
1694179339882 -0.18709039688110352 219
1694179342129 -0.1972147524356842 220
1694179344227 -0.1821269989013672 221
1694179346409 -0.21469378471374512 222
1694179348645 -0.2796427011489868 223
1694179350795 -0.2177184522151947 224
1694179352850 -0.12270641326904297 225
1694179354906 -0.13159814476966858 226
1694179356949 -0.1903626024723053 227
1694179359007 -0.23377308249473572 228
1694179361038 -0.2100059688091278 229
1694179363066 -0.20791712403297424 230
1694179364999 -0.19337615370750427 231
1694179366860 -0.22656181454658508 232
1694179368768 -0.2166469395160675 233
1694179370820 -0.14745908975601196 234
1694179372707 -0.14086151123046875 235
1694179374597 -0.173224538564682 236
1694179376473 -0.2639674246311188 237
1694179378347 -0.17058414220809937 238
1694179380356 -0.16332906484603882 239
1694179382448 -0.14966344833374023 240
1694179384838 -0.1700250506401062 241
1694179386953 -0.169399231672287 242
1694179388875 -0.1743212193250656 243
1694179390770 -0.14857465028762817 244
1694179392662 -0.22854864597320557 245
1694179394606 -0.1687714010477066 246
1694179396767 -0.1473446488380432 247
1694179398724 -0.18310078978538513 248
1694179400738 -0.17460250854492188 249
1694179402753 -0.1775626689195633 250
1694179405002 -0.16464576125144958 251
1694179407126 -0.20362836122512817 252
1694179409225 -0.20672090351581573 253
1694179411285 -0.1741127371788025 254
1694179413457 -0.1466851532459259 0
1694179415595 -0.18092216551303864 1
1694179417697 -0.17495763301849365 2
1694179419817 -0.16620424389839172 3
1694179422093 -0.1615082025527954 4
1694179424305 -0.18920861184597015 5
1694179426230 -0.17383840680122375 6
1694179428114 -0.14483296871185303 7
1694179430190 -0.1440640091896057 8
1694179432098 -0.16599132120609283 9
1694179434107 -0.19354389607906342 10
1694179436144 -0.14635372161865234 11
1694179438166 -0.18921273946762085 12
1694179440365 -0.1719120889902115 13
1694179442556 -0.1367681324481964 14
1694179444749 -0.13448044657707214 15
1694179446870 -0.1334652602672577 16
1694179449016 -0.23086877167224884 17
1694179451247 -0.1896064579486847 18
1694179453419 -0.18372613191604614 19
1694179455338 -0.1809069961309433 20
1694179457434 -0.17609985172748566 21
1694179459531 -0.1877768486738205 22
1694179461766 -0.19752107560634613 23
1694179463854 -0.21170489490032196 24
1694179465945 -0.13895100355148315 25
1694179468039 -0.15536284446716309 26
1694179470143 -0.3128289580345154 27
1694179472298 -0.11308819055557251 28
1694179474388 -0.11223763227462769 29
1694179476661 -0.1390242576599121 30
1694179478899 -0.18598981201648712 31
1694179481020 -0.20384031534194946 32
1694179483109 -0.17366288602352142 33
1694179485181 -0.2510153651237488 34
1694179487392 -0.1775263249874115 35
1694179489647 -0.17808662354946136 36
1694179491736 -0.164328932762146 37
1694179493832 -0.194660946726799 38
1694179495895 -0.2381143867969513 39
1694179497953 -0.1802554428577423 40
1694179500030 -0.12453198432922363 41
1694179502105 -0.15583553910255432 42
1694179504173 -0.20782886445522308 43
1694179506324 -0.2246527373790741 44
1694179508505 -0.21045748889446259 45
1694179510775 -0.23802845180034637 46
1694179513023 -0.18548330664634705 47
1694179514968 -0.17764069139957428 48
1694179516957 -0.2405792623758316 49
1694179518849 -0.14079955220222473 50
1694179520794 -0.1690029501914978 51
1694179522688 -0.12575829029083252 52
1694179524602 -0.14923357963562012 53
1694179526845 -0.20819227397441864 54
1694179529106 -0.2176395207643509 55
1694179531382 -0.22058933973312378 56
1694179533478 -0.22240597009658813 57
1694179535581 -0.20971709489822388 58
1694179537823 -0.18179206550121307 59
1694179540051 -0.1826944798231125 60
1694179542323 -0.17692521214485168 61
1694179544568 -0.20142285525798798 62
1694179546704 -0.20239493250846863 63
1694179548772 -0.22862599790096283 64
1694179550857 -0.22727225720882416 65
1694179552929 -0.21531474590301514 66
1694179555039 -0.1809488981962204 67
1694179557120 -0.2359689325094223 68
1694179559176 -0.2165013700723648 69
1694179561266 -0.2313651144504547 70
1694179563391 -0.25933021306991577 71
1694179565703 -0.2180824726819992 72
1694179567785 -0.20489603281021118 73
1694179569857 -0.16881506145000458 74
1694179571943 -0.22126404941082 75
1694179574019 -0.2101050466299057 76
1694179576095 -0.22821664810180664 77
1694179578158 -0.2296013981103897 78
1694179580263 -0.1904887706041336 79
1694179582533 -0.2628336548805237 80
1694179584784 -0.19652487337589264 81
1694179586978 -0.19726167619228363 82
1694179589165 -0.19716401398181915 83
1694179591104 -0.20976155996322632 84
1694179592992 -0.22430023550987244 85
1694179595015 -0.18287931382656097 86
1694179597122 -0.21300096809864044 87
1694179599299 -0.23546431958675385 88
1694179601424 -0.21760664880275726 89
1694179603468 -0.19130119681358337 90
1694179605502 -0.20494867861270905 91
1694179607680 -0.21092891693115234 92
1694179609884 -0.2208126187324524 93
1694179612127 -0.23907525837421417 94
1694179614355 -0.1812461018562317 95
1694179616386 -0.20871157944202423 96
1694179618513 -0.27504709362983704 97
1694179620620 -0.23421142995357513 98
1694179622736 -0.23159925639629364 99
1694179624856 -0.2874740660190582 100
1694179626885 -0.1877140998840332 101
1694179628871 -0.22379007935523987 102
1694179630856 -0.18242307007312775 103
1694179632906 -0.20886367559432983 104
1694179634887 -0.21637777984142303 105
1694179636880 -0.19701245427131653 106
1694179638855 -0.23079276084899902 107
1694179640886 -0.27240699529647827 108
1694179642861 -0.22506016492843628 109
1694179644872 -0.2356230467557907 110
1694179646874 -0.1973358392715454 111
1694179648858 -0.19590070843696594 112
1694179650836 -0.21080608665943146 113
1694179652804 -0.2354549765586853 114
1694179654783 -0.23667727410793304 115
1694179656768 -0.2553657293319702 116
1694179658730 -0.26582157611846924 117
1694179660714 -0.22121210396289825 118
1694179662689 -0.23093019425868988 119
1694179664682 -0.2621382474899292 120
1694179666656 -0.26687830686569214 121
1694179668619 -0.22672522068023682 122
1694179670601 -0.2595275044441223 123
1694179672560 -0.23835183680057526 124
1694179674632 -0.20937281847000122 125
1694179676620 -0.23986181616783142 126
1694179678603 -0.29503971338272095 127
1694179680590 -0.23630984127521515 128
1694179682571 -0.22826062142848969 129
1694179684555 -0.23868447542190552 130
1694179686558 -0.24856580793857574 131
1694179688553 -0.25482797622680664 132
1694179690550 -0.2485421746969223 133
1694179692567 -0.1848389357328415 134
1694179694567 -0.18245992064476013 135
1694179696586 -0.26098865270614624 136
1694179698611 -0.28855031728744507 137
1694179700646 -0.2673393487930298 138
1694179702696 -0.23600107431411743 139
1694179704697 -0.20779334008693695 140
1694179706689 -0.22636224329471588 141
1694179708705 -0.224452942609787 142
1694179710747 -0.2667008936405182 143
1694179712754 -0.26328957080841064 144
1694179714772 -0.25001758337020874 145
1694179716784 -0.25792568922042847 146
1694179718814 -0.2557017505168915 147
1694179720806 -0.2723388075828552 148
1694179722794 -0.25310301780700684 149
1694179724795 -0.25058478116989136 150
1694179726791 -0.2643418312072754 151
1694179728774 -0.25747039914131165 152
1694179730768 -0.24233096837997437 153
1694179732770 -0.21105924248695374 154
1694179734749 -0.2021290361881256 155
1694179736763 -0.2181546539068222 156
1694179738740 -0.27450376749038696 157
1694179740716 -0.2808639109134674 158
1694179742723 -0.2418268769979477 159
1694179744693 -0.23361951112747192 160
1694179746665 -0.25318819284439087 161
1694179748654 -0.2598501443862915 162
1694179750742 -0.27680960297584534 163
1694179752716 -0.2599952220916748 164
1694179754676 -0.25158965587615967 165
1694179756658 -0.24528340995311737 166
1694179758615 -0.23046518862247467 167
1694179760583 -0.26099270582199097 168
1694179762583 -0.2767485976219177 169
1694179764541 -0.2806621193885803 170
1694179766529 -0.27551478147506714 171
1694179768476 -0.2874203324317932 172
1694179770439 -0.27002328634262085 173
1694179772401 -0.24906989932060242 174
1694179774352 -0.23577730357646942 175
1694179776314 -0.3092128038406372 176
1694179778303 -0.31632792949676514 177
1694179780256 -0.21346154808998108 178
1694179782222 -0.24953033030033112 179
1694179784189 -0.22820955514907837 180
1694179786166 -0.2718902826309204 181
1694179788159 -0.2983694076538086 182
1694179790143 -0.2541247010231018 183
1694179792126 -0.2713019847869873 184
1694179794135 -0.1868472397327423 185
1694179796125 -0.2241983860731125 186
1694179798265 -0.3020284175872803 187
1694179800236 -0.3230302929878235 188
1694179802259 -0.2841531038284302 189
1694179804222 -0.24922440946102142 190
1694179806246 -0.284053772687912 191
1694179808301 -0.3423617482185364 192
1694179810304 -0.28564807772636414 193
1694179812304 -0.23824065923690796 194
1694179814290 -0.2627214193344116 195
1694179816293 -0.28955554962158203 196
1694179818294 -0.32228124141693115 197
1694179820252 -0.2802969515323639 198
1694179822261 -0.2587648034095764 199
1694179824211 -0.24036456644535065 200
1694179826174 -0.2523691654205322 201
1694179828176 -0.3009808659553528 202
1694179830241 -0.3040633201599121 203
1694179832204 -0.29542893171310425 204
1694179834158 -0.3067474961280823 205
1694179836128 -0.30182987451553345 206
1694179838099 -0.27224451303482056 207
1694179840071 -0.30331915616989136 208
1694179842067 -0.26074233651161194 209
1694179844017 -0.24629856646060944 210
1694179845993 -0.26134276390075684 211
1694179847968 -0.3128543794155121 212
1694179849921 -0.31623661518096924 213
1694179851873 -0.32365715503692627 214
1694179853842 -0.2652911841869354 215
1694179855823 -0.271895170211792 216
1694179857776 -0.27715566754341125 217
1694179859729 -0.2552081048488617 218
1694179861853 -0.30399686098098755 219
1694179863936 -0.34991657733917236 220
1694179866099 -0.2844030261039734 221
1694179868414 -0.2989616096019745 222
1694179870349 -0.34511294960975647 223
1694179872246 -0.2695186734199524 224
1694179874517 -0.23816129565238953 225
1694179876639 -0.2686496376991272 226
1694179878623 -0.2832692265510559 227
1694179880581 -0.27577462792396545 228
1694179882488 -0.29877737164497375 229
1694179884570 -0.2874583601951599 230
1694179886528 -0.2718011140823364 231
1694179888478 -0.29735738039016724 232
1694179890475 -0.31115585565567017 233
1694179892417 -0.2542896270751953 234
1694179894335 -0.26868122816085815 235
1694179896265 -0.31097862124443054 236
1694179898178 -0.2824189066886902 237
1694179900063 -0.2566639184951782 238
1694179901955 -0.27809110283851624 239
1694179903843 -0.3000885248184204 240
1694179905721 -0.2944045066833496 241
1694179907695 -0.2508492171764374 242
1694179909568 -0.29702991247177124 243
1694179911451 -0.3397510349750519 244
1694179913317 -0.3658066391944885 245
1694179915190 -0.2728041410446167 246
1694179917070 -0.22746199369430542 247
1694179918939 -0.2724546492099762 248
1694179920808 -0.3634241223335266 249
1694179922667 -0.3564767837524414 250
1694179924638 -0.2953816056251526 251
1694179926598 -0.2886330485343933 252
1694179928476 -0.27859658002853394 253
1694179930366 -0.29383620619773865 254
1694179932241 -0.2926204800605774 0
1694179934184 -0.3279038071632385 1
1694179936061 -0.34687140583992004 2
1694179937987 -0.33154886960983276 3
1694179939854 -0.30437982082366943 4
1694179941722 -0.25189730525016785 5
1694179943598 -0.28383752703666687 6
1694179945471 -0.3340814709663391 7
1694179947343 -0.3627941310405731 8
1694179949204 -0.34075453877449036 9
1694179951141 -0.31919777393341064 10
1694179953035 -0.2583291232585907 11
1694179954912 -0.3188473582267761 12
1694179956837 -0.2823909819126129 13
1694179958706 -0.29953306913375854 14
1694179960600 -0.30359387397766113 15
1694179962482 -0.34486252069473267 16
1694179964359 -0.28165221214294434 17
1694179966296 -0.329922616481781 18
1694179968169 -0.36637675762176514 19
1694179970048 -0.30077749490737915 20
1694179971910 -0.29712626338005066 21
1694179973789 -0.3095688819885254 22
1694179975669 -0.3480207324028015 23
1694179977537 -0.33297452330589294 24
1694179979486 -0.27956095337867737 25
1694179981356 -0.2881447672843933 26
1694179983214 -0.30201852321624756 27
1694179985086 -0.34139156341552734 28
1694179986967 -0.29184943437576294 29
1694179988981 -0.3265998065471649 30
1694179991205 -0.31674790382385254 31
1694179993192 -0.3609519600868225 32
1694179995131 -0.35045289993286133 33
1694179997259 -0.35447537899017334 34
1694179999121 -0.3187373876571655 35
1694180000998 -0.32161450386047363 36
1694180002865 -0.2977973520755768 37
1694180004718 -0.3353766202926636 38
1694180006575 -0.3643606901168823 39
1694180008434 -0.364480197429657 40
1694180010298 -0.2809315323829651 41
1694180012163 -0.2862304449081421 42
1694180014019 -0.31673699617385864 43
1694180015885 -0.35203099250793457 44
1694180017832 -0.3566482663154602 45
1694180019800 -0.29779690504074097 46
1694180021688 -0.3483765721321106 47
1694180023552 -0.2894795536994934 48
1694180025410 -0.3298214375972748 49
1694180027274 -0.368945837020874 50
1694180029183 -0.3658154010772705 51
1694180031191 -0.33786290884017944 52
1694180033056 -0.3034810423851013 53
1694180034919 -0.30492064356803894 54
1694180036787 -0.30871886014938354 55
1694180038634 -0.33387070894241333 56
1694180040771 -0.3459062874317169 57
1694180042684 -0.3201757073402405 58
1694180044561 -0.32626837491989136 59
1694180046506 -0.33136433362960815 60
1694180048380 -0.352422297000885 61
1694180050278 -0.36916983127593994 62
1694180052146 -0.34064269065856934 63
1694180054013 -0.3896349370479584 64
1694180055968 -0.29113882780075073 65
1694180057818 -0.26138073205947876 66
1694180059681 -0.30175232887268066 67
1694180061573 -0.349659264087677 68
1694180063433 -0.3763566017150879 69
1694180065313 -0.38918864727020264 70
1694180067204 -0.3476818799972534 71
1694180069072 -0.3725717067718506 72
1694180070947 -0.29078972339630127 73
1694180072810 -0.3021613359451294 74
1694180074688 -0.3631860017776489 75
1694180076552 -0.4069082736968994 76
1694180078410 -0.3486067056655884 77
1694180080296 -0.3247607946395874 78
1694180082155 -0.3356097936630249 79
1694180084018 -0.3396652340888977 80
1694180085911 -0.3515487611293793 81
1694180087771 -0.3388175964355469 82
1694180089631 -0.3558519184589386 83
1694180091484 -0.368830144405365 84
1694180093337 -0.343863844871521 85
1694180095195 -0.3401217460632324 86
1694180097073 -0.3561033010482788 87
1694180098930 -0.37834954261779785 88
1694180100802 -0.3515776991844177 89
1694180102661 -0.32423722743988037 90
1694180104536 -0.3260733485221863 91
1694180106406 -0.34390610456466675 92
1694180108267 -0.35427701473236084 93
1694180110132 -0.37707793712615967 94
1694180111985 -0.3793908357620239 95
1694180113846 -0.35166066884994507 96
1694180115707 -0.3132990002632141 97
1694180117547 -0.3416765630245209 98
1694180119405 -0.3733590543270111 99
1694180121265 -0.3762868642807007 100
1694180123105 -0.396293044090271 101
1694180124967 -0.375779926776886 102
1694180126828 -0.34641146659851074 103
1694180128762 -0.3317902386188507 104
1694180130614 -0.3437530994415283 105
1694180132468 -0.3668507933616638 106
1694180134323 -0.3949013352394104 107
1694180136180 -0.38111963868141174 108
1694180138033 -0.34773728251457214 109
1694180139885 -0.3405061960220337 110
1694180141755 -0.39197683334350586 111
1694180143606 -0.3925706744194031 112
1694180145467 -0.3537890613079071 113
1694180147322 -0.34895026683807373 114
1694180149171 -0.3802710771560669 115
1694180151033 -0.357008695602417 116
1694180152884 -0.3959043323993683 117
1694180154734 -0.32666948437690735 118
1694180156588 -0.31536900997161865 119
1694180158435 -0.3027331233024597 120
1694180160295 -0.33047953248023987 121
1694180162140 -0.40650731325149536 122
1694180163992 -0.3709976077079773 123
1694180165852 -0.35084861516952515 124
1694180167709 -0.32586944103240967 125
1694180169581 -0.3329651355743408 126
1694180171449 -0.3434004783630371 127
1694180173305 -0.3616831302642822 128
1694180175148 -0.39968883991241455 129
1694180177004 -0.38148850202560425 130
1694180178863 -0.40370362997055054 131
1694180180731 -0.34912994503974915 132
1694180182585 -0.339294970035553 133
1694180184491 -0.31013402342796326 134
1694180186375 -0.3685387372970581 135
1694180188228 -0.38623419404029846 136
1694180190077 -0.39398637413978577 137
1694180191937 -0.43390029668807983 138
1694180193788 -0.3428184986114502 139
1694180195665 -0.3637867569923401 140
1694180197525 -0.30385881662368774 141
1694180199484 -0.3824407160282135 142
1694180201335 -0.33838343620300293 143
1694180203187 -0.4433506727218628 144
1694180205033 -0.349476158618927 145
1694180206886 -0.346951961517334 146
1694180208732 -0.37381285429000854 147
1694180210601 -0.43703746795654297 148
1694180212447 -0.4036891460418701 149
1694180214292 -0.38068586587905884 150
1694180216145 -0.38347673416137695 151
1694180217992 -0.3288085460662842 152
1694180219839 -0.32707974314689636 153
1694180221699 -0.37446701526641846 154
1694180223545 -0.39702022075653076 155
1694180225399 -0.44053298234939575 156
1694180227255 -0.3771010637283325 157
1694180229110 -0.3495061993598938 158
1694180230995 -0.36468589305877686 159
1694180232848 -0.35810956358909607 160
1694180234706 -0.3792141079902649 161
1694180236562 -0.4377988576889038 162
1694180238413 -0.39680272340774536 163
1694180240267 -0.3853098452091217 164
1694180242141 -0.35589903593063354 165
1694180244001 -0.364374041557312 166
1694180245888 -0.33998239040374756 167
1694180247743 -0.42834702134132385 168
1694180249587 -0.3947853744029999 169
1694180251464 -0.3824784457683563 170
1694180253325 -0.31733089685440063 171
1694180255189 -0.32693755626678467 172
1694180257053 -0.39074790477752686 173
1694180258923 -0.41804155707359314 174
1694180260794 -0.4050784707069397 175
1694180262658 -0.4334055781364441 176
1694180264510 -0.4066559076309204 177
1694180266392 -0.3616889715194702 178
1694180268242 -0.33702415227890015 179
1694180270104 -0.3573874235153198 180
1694180271982 -0.4060218930244446 181
1694180273938 -0.447537362575531 182
1694180275804 -0.4002440571784973 183
1694180277654 -0.36296170949935913 184
1694180279510 -0.39091116189956665 185
1694180281388 -0.41165870428085327 186
1694180283247 -0.4072328209877014 187
1694180285101 -0.40355604887008667 188
1694180286950 -0.4068456292152405 189
1694180288796 -0.3688555955886841 190
1694180290665 -0.37688714265823364 191
1694180292529 -0.3988981246948242 192
1694180294382 -0.34929531812667847 193
1694180296248 -0.401574045419693 194
1694180298112 -0.3395054042339325 195
1694180299962 -0.43416789174079895 196
1694180301831 -0.43698394298553467 197
1694180303680 -0.3979613184928894 198
1694180305539 -0.342658668756485 199
1694180307407 -0.3824848532676697 200
1694180309252 -0.40855392813682556 201
1694180311119 -0.4270178973674774 202
1694180313000 -0.4195931553840637 203
1694180314848 -0.4103916883468628 204
1694180316691 -0.3750782012939453 205
1694180318537 -0.361329048871994 206
1694180320386 -0.43108564615249634 207
1694180322231 -0.4189728796482086 208
1694180324068 -0.4838263690471649 209
1694180325924 -0.34984707832336426 210
1694180327770 -0.29916316270828247 211
1694180329609 -0.3479664921760559 212
1694180331469 -0.43958723545074463 213
1694180333319 -0.45700180530548096 214
1694180335161 -0.41431790590286255 215
1694180337014 -0.38186952471733093 216
1694180338854 -0.39237600564956665 217
1694180340712 -0.43373405933380127 218
1694180342579 -0.44551074504852295 219
1694180344439 -0.4260501563549042 220
1694180346403 -0.386627733707428 221
1694180348260 -0.4020286798477173 222
1694180350123 -0.40351617336273193 223
1694180351982 -0.35743123292922974 224
1694180353845 -0.44873499870300293 225
1694180355699 -0.44617217779159546 226
1694180357556 -0.3417985141277313 227
1694180359417 -0.37725478410720825 228
1694180361289 -0.4042515754699707 229
1694180363142 -0.4338003993034363 230
1694180364995 -0.4143528342247009 231
1694180366867 -0.42557984590530396 232
1694180368739 -0.4496612250804901 233
1694180370597 -0.3850996494293213 234
1694180372458 -0.4434211850166321 235
1694180374308 -0.34356939792633057 236
1694180376170 -0.35849472880363464 237
1694180378012 -0.4638643264770508 238
1694180379857 -0.39385658502578735 239
1694180381721 -0.4068606495857239 240
1694180383578 -0.3845266103744507 241
1694180385445 -0.477108895778656 242
1694180387311 -0.40480518341064453 243
1694180389174 -0.4099649488925934 244
1694180391042 -0.4052634835243225 245
1694180392894 -0.49483728408813477 246
1694180394744 -0.4258791208267212 247
1694180396606 -0.41472703218460083 248
1694180398454 -0.4349885582923889 249
1694180400308 -0.39515823125839233 250
1694180402167 -0.3971886932849884 251
1694180404034 -0.4367842674255371 252
1694180405892 -0.39254266023635864 253
1694180407769 -0.4316944479942322 254
