1695125462796 2210.802001953125 0
1695125466465 2174.432373046875 1
1695125466639 2192.093505859375 2
1695125466814 2211.82568359375 3
1695125466988 2195.3564453125 4
1695125467162 2167.044677734375 5
1695125467339 2106.3857421875 6
1695125467516 2024.7613525390625 7
1695125467694 2124.79931640625 8
1695125467870 2072.97607421875 9
1695125468047 2023.906982421875 10
1695125468222 2070.607177734375 11
1695125468396 1895.3106689453125 12
1695125468575 1972.679443359375 13
1695125468751 1886.3094482421875 14
1695125468927 1879.214111328125 15
1695125469104 1818.9267578125 16
1695125469282 1896.5582275390625 17
1695125469465 1872.5906982421875 18
1695125469644 1783.606689453125 19
1695125469818 1743.45751953125 20
1695125469998 1759.070556640625 21
1695125470172 1752.458251953125 22
1695125470347 1748.053955078125 23
1695125470525 1746.773681640625 24
1695125470699 1763.620849609375 25
1695125470888 1753.714111328125 26
1695125471078 1785.52685546875 27
1695125471267 1742.2001953125 28
1695125471457 1639.61279296875 29
1695125471644 1725.3336181640625 30
1695125471820 1597.9825439453125 31
1695125472002 1540.0057373046875 32
1695125472186 1621.617919921875 33
1695125472368 1627.2724609375 34
1695125472544 1697.16943359375 35
1695125472723 1596.4334716796875 36
1695125472900 1613.01513671875 37
1695125473089 1537.0738525390625 38
1695125473278 1482.4189453125 39
1695125473469 1508.628662109375 40
1695125473657 1573.599853515625 41
