1695118931552 2250.75830078125 0
1695118935798 2240.699951171875 1
1695118935972 2203.19091796875 2
1695118936147 2216.669677734375 3
1695118936322 2228.371826171875 4
1695118936500 2181.814697265625 5
1695118936688 2106.615234375 6
1695118936874 2179.12548828125 7
1695118937063 2191.96533203125 8
1695118937250 2108.9599609375 9
1695118937443 2058.730712890625 10
1695118937636 2093.921630859375 11
1695118937828 1900.1068115234375 12
1695118938011 2055.087646484375 13
1695118938187 1972.861572265625 14
1695118938372 1991.767333984375 15
1695118938554 2007.26025390625 16
1695118938728 1946.5885009765625 17
1695118938901 1932.875244140625 18
1695118939082 1926.39111328125 19
1695118939262 1770.743896484375 20
1695118939434 1923.8941650390625 21
1695118939610 1931.5556640625 22
1695118939783 1938.822265625 23
1695118939956 1875.2508544921875 24
1695118940131 1788.341552734375 25
1695118940312 1876.995361328125 26
1695118940504 1801.73876953125 27
1695118940678 1776.3121337890625 28
1695118940852 1811.0482177734375 29
1695118941030 1805.4481201171875 30
1695118941221 1750.4300537109375 31
1695118941402 1811.1749267578125 32
1695118941580 1791.602783203125 33
1695118941755 1752.13623046875 34
1695118941931 1774.974365234375 35
1695118942104 1808.2222900390625 36
1695118942279 1773.3472900390625 37
1695118942459 1753.3917236328125 38
1695118942647 1741.6746826171875 39
1695118942832 1716.690673828125 40
1695118943008 1773.4752197265625 41
1695118943183 1730.583740234375 42
1695118943380 1612.043701171875 43
1695118943572 1621.55078125 44
1695118943754 1601.839599609375 45
1695118943929 1620.2626953125 46
1695118944101 1670.064453125 47
1695118944282 1643.063720703125 48
1695118944471 1629.804443359375 49
1695118944655 1596.202880859375 50
1695118944841 1601.17041015625 51
1695118945018 1499.01416015625 52
1695118945198 1609.297607421875 53
1695118945372 1567.2772216796875 54
1695118945549 1581.745849609375 55
1695118945732 1571.3538818359375 56
1695118945919 1506.48291015625 57
1695118946104 1449.91552734375 58
1695118946288 1544.973876953125 59
1695118946471 1380.740966796875 60
1695118946650 1553.422607421875 61
1695118946838 1554.130126953125 62
1695118947022 1388.2962646484375 63
1695118947202 1517.373291015625 64
1695118947388 1494.7054443359375 65
1695118947573 1378.0372314453125 66
1695118947761 1521.40087890625 67
1695118947951 1386.14990234375 68
1695118948135 1366.56982421875 69
1695118948310 1348.6895751953125 70
1695118948488 1367.74853515625 71
1695118948660 1486.642578125 72
1695118948833 1380.13427734375 73
1695118949010 1393.9356689453125 74
1695118949194 1385.940673828125 75
1695118949379 1376.2745361328125 76
1695118949565 1449.611083984375 77
1695118949756 1357.08935546875 78
1695118949947 1325.67529296875 79
1695118950144 1374.753173828125 80
1695118950333 1401.428466796875 81
1695118950513 1411.941650390625 82
1695118950694 1393.1903076171875 83
1695118950875 1312.2490234375 84
1695118951054 1426.656982421875 85
1695118951240 1331.7901611328125 86
1695118951424 1458.71337890625 87
1695118951612 1393.896240234375 88
1695118951788 1397.1279296875 89
1695118951962 1330.831787109375 90
1695118952137 1303.3931884765625 91
1695118952315 1276.7880859375 92
1695118952504 1309.0152587890625 93
1695118952683 1275.1240234375 94
1695118952857 1319.536376953125 95
1695118953040 1326.38671875 96
1695118953228 1326.7242431640625 97
1695118953405 1381.350830078125 98
1695118953578 1297.483642578125 99
1695118953754 1415.8944091796875 100
1695118958031 1294.793212890625 101
1695118958205 1304.0283203125 102
1695118958376 1324.15673828125 103
1695118958565 1311.3782958984375 104
1695118958748 1302.311767578125 105
1695118958941 1250.3670654296875 106
1695118959130 1320.07763671875 107
1695118959306 1301.427001953125 108
1695118959485 1336.55615234375 109
1695118959661 1310.5 110
1695118959839 1309.6416015625 111
1695118960015 1292.5968017578125 112
1695118960189 1246.0770263671875 113
1695118960366 1231.318359375 114
1695118960541 1266.67578125 115
1695118960717 1287.9918212890625 116
1695118960894 1374.26611328125 117
1695118961071 1283.26171875 118
1695118961249 1279.609375 119
1695118961425 1238.5751953125 120
1695118961604 1219.387939453125 121
1695118961781 1203.7672119140625 122
1695118961957 1215.5169677734375 123
1695118962131 1205.44287109375 124
1695118962307 1247.96044921875 125
1695118962482 1263.3387451171875 126
1695118962656 1293.342041015625 127
1695118962836 1204.1953125 128
1695118963013 1200.7078857421875 129
1695118963191 1318.51220703125 130
1695118963365 1169.004150390625 131
1695118963540 1192.808349609375 132
1695118963715 1309.937255859375 133
1695118963892 1290.79248046875 134
1695118964069 1225.791015625 135
1695118964248 1263.471435546875 136
1695118964425 1188.2442626953125 137
1695118964600 1129.434814453125 138
1695118964777 1381.16259765625 139
1695118964956 1176.2371826171875 140
1695118965150 1265.4390869140625 141
1695118965339 1207.12646484375 142
1695118965528 1151.640869140625 143
1695118965726 1215.021484375 144
1695118965919 1199.83349609375 145
1695118966109 1147.24951171875 146
1695118966302 1236.1375732421875 147
1695118966494 1171.600830078125 148
1695118966671 1181.74560546875 149
1695118966847 1166.0390625 150
1695118967025 1226.55419921875 151
1695118967208 1208.6280517578125 152
1695118967394 1182.637451171875 153
1695118967578 1127.53662109375 154
1695118967752 1131.0308837890625 155
1695118967935 1184.1015625 156
1695118968118 1159.05615234375 157
1695118968297 1228.71630859375 158
1695118968472 1174.25830078125 159
1695118968646 1099.665771484375 160
1695118968835 1276.9384765625 161
1695118969009 1159.1763916015625 162
1695118969183 1173.64453125 163
1695118969356 1127.6795654296875 164
1695118969535 1266.701416015625 165
1695118969722 1098.058837890625 166
1695118969903 1119.379638671875 167
1695118970078 1112.1676025390625 168
1695118970258 1240.1669921875 169
1695118970444 1241.2674560546875 170
1695118970625 1114.332275390625 171
1695118970815 1105.518310546875 172
1695118971006 1111.785400390625 173
1695118971201 1151.0994873046875 174
1695118971393 1071.3057861328125 175
1695118971582 1163.7884521484375 176
1695118971773 1145.9029541015625 177
1695118971966 1123.5882568359375 178
1695118972159 1172.0028076171875 179
1695118972334 1106.149169921875 180
1695118972507 1171.487548828125 181
1695118972686 1089.09423828125 182
1695118972863 1133.25927734375 183
1695118973038 1080.4654541015625 184
1695118973214 1093.02001953125 185
1695118973404 1104.873779296875 186
1695118973594 1058.208740234375 187
1695118973766 1107.90087890625 188
1695118973941 1171.761962890625 189
1695118974122 1179.7001953125 190
1695118974303 1047.9814453125 191
1695118974486 1178.53857421875 192
1695118974675 1094.83056640625 193
1695118974849 1175.21533203125 194
1695118975026 1118.121337890625 195
1695118975201 1072.0106201171875 196
1695118975379 1127.8328857421875 197
1695118975556 1075.524169921875 198
1695118975731 1101.0050048828125 199
1695118975911 1063.60791015625 200
1695118979741 1079.95361328125 201
1695118979919 1045.7432861328125 202
1695118980110 1138.5552978515625 203
1695118980284 1169.03515625 204
1695118980459 1041.26953125 205
1695118980643 1072.5872802734375 206
1695118980836 1116.144775390625 207
1695118981029 1117.7401123046875 208
1695118981220 1116.2147216796875 209
1695118981408 1093.14208984375 210
1695118981593 1177.9202880859375 211
1695118981776 1005.1253662109375 212
1695118981964 1087.014892578125 213
1695118982160 1112.14013671875 214
1695118982352 1076.9041748046875 215
1695118982542 1288.199951171875 216
1695118982736 1046.776611328125 217
1695118982930 1018.4002075195312 218
1695118983116 1036.1220703125 219
1695118983297 1075.916259765625 220
1695118983483 1071.173583984375 221
1695118983661 1118.614990234375 222
1695118983834 1115.525146484375 223
1695118984008 1014.035888671875 224
1695118984182 1034.08642578125 225
1695118984360 1187.1322021484375 226
1695118984535 1020.9016723632812 227
1695118984711 1018.0426635742188 228
1695118984887 1070.57080078125 229
1695118985062 1074.539306640625 230
1695118985238 1003.341064453125 231
1695118985417 1083.57177734375 232
1695118985591 989.57080078125 233
1695118985766 1104.6649169921875 234
1695118985938 993.1314086914062 235
1695118986112 1026.72607421875 236
1695118986290 1124.1485595703125 237
1695118986463 1119.9453125 238
1695118986639 999.083740234375 239
1695118986818 1025.1146240234375 240
1695118986991 1060.008056640625 241
1695118987166 962.2840576171875 242
1695118987341 998.5260620117188 243
1695118987515 1019.2152099609375 244
1695118987690 1107.7264404296875 245
1695118987865 1012.74853515625 246
1695118988040 1068.154296875 247
1695118988215 1028.869140625 248
1695118988389 1025.148193359375 249
1695118988564 1007.61474609375 250
1695118988739 953.4691162109375 251
1695118988912 1046.41748046875 252
1695118989087 998.7353515625 253
1695118989261 1016.638427734375 254
1695118989450 1089.813232421875 255
1695118989640 1154.765380859375 256
1695118989817 1115.754638671875 257
1695118989993 1038.6776123046875 258
1695118990169 1007.0220947265625 259
1695118990346 946.4608764648438 260
1695118990522 1055.4788818359375 261
1695118990699 1042.446533203125 262
1695118990873 1006.0543212890625 263
1695118991051 947.2929077148438 264
1695118991227 1039.37255859375 265
1695118991402 1012.8006591796875 266
1695118991577 1007.5626220703125 267
1695118991756 1075.8670654296875 268
1695118991940 1012.389892578125 269
1695118992117 997.9735717773438 270
1695118992293 1014.5345458984375 271
1695118992469 1056.456298828125 272
1695118992646 983.7596435546875 273
1695118992822 983.1988525390625 274
1695118993001 1011.5728759765625 275
1695118993178 1095.3857421875 276
1695118993351 969.347900390625 277
1695118993526 1070.3349609375 278
1695118993700 1063.758544921875 279
1695118993876 951.4959106445312 280
1695118994050 1056.96630859375 281
1695118994232 1008.3816528320312 282
1695118994409 967.7227783203125 283
1695118994586 993.9581909179688 284
1695118994763 967.684326171875 285
1695118994942 991.237548828125 286
1695118995124 1049.598388671875 287
1695118995301 1111.901123046875 288
1695118995478 998.0223388671875 289
1695118995655 939.26171875 290
1695118995832 971.5693359375 291
1695118996006 1049.214599609375 292
1695118996180 1017.1939697265625 293
1695118996354 936.7801513671875 294
1695118996529 956.6934814453125 295
1695118996703 1040.458984375 296
1695118996879 926.0241088867188 297
1695118997053 1004.921630859375 298
1695118997228 921.4675903320312 299
1695118997404 971.57275390625 300
1695119001217 996.767333984375 301
1695119001393 971.5791015625 302
1695119001569 964.1752319335938 303
1695119001743 974.372802734375 304
1695119001918 950.1766357421875 305
1695119002096 1025.198974609375 306
1695119002274 1072.68603515625 307
1695119002449 998.7794799804688 308
1695119002626 977.7153930664062 309
1695119002803 944.2052001953125 310
1695119002977 1007.894775390625 311
1695119003153 943.5032958984375 312
1695119003327 1110.4989013671875 313
1695119003512 994.7081909179688 314
1695119003710 1061.701416015625 315
1695119003903 963.4293212890625 316
1695119004091 982.6417236328125 317
1695119004272 928.0211791992188 318
1695119004450 934.21923828125 319
1695119004624 951.5701904296875 320
1695119004797 908.4818115234375 321
1695119004971 1003.11181640625 322
1695119005145 973.23095703125 323
1695119005319 1000.290771484375 324
1695119005493 921.16015625 325
1695119005676 951.378662109375 326
1695119005874 1031.88330078125 327
1695119006057 945.9266357421875 328
1695119006233 946.181396484375 329
1695119006409 993.0951538085938 330
1695119006584 951.0540161132812 331
1695119006757 1024.103759765625 332
1695119006932 956.2969970703125 333
1695119007105 1079.271728515625 334
1695119007279 945.7212524414062 335
1695119007460 976.731201171875 336
1695119007635 996.1480102539062 337
1695119007813 981.5703125 338
1695119007990 988.7293701171875 339
1695119008164 983.0371704101562 340
1695119008338 1018.876953125 341
1695119008515 1029.3067626953125 342
1695119008688 937.8299560546875 343
1695119008862 936.4571533203125 344
1695119009036 986.2872314453125 345
1695119009213 934.1487426757812 346
1695119009389 902.0464477539062 347
1695119009564 951.969970703125 348
1695119009743 964.694091796875 349
1695119009919 899.0497436523438 350
1695119010094 925.9151000976562 351
1695119010269 958.9605102539062 352
1695119010443 892.4228515625 353
1695119010617 964.0162353515625 354
1695119010791 949.8076171875 355
1695119010966 883.7730712890625 356
1695119011140 940.261962890625 357
1695119011313 946.8865966796875 358
1695119011488 925.315185546875 359
1695119011663 881.0914306640625 360
1695119011836 958.5452880859375 361
1695119012014 958.3654174804688 362
1695119012191 851.6365966796875 363
1695119012367 1029.525634765625 364
1695119012542 925.9727783203125 365
1695119012718 917.5889892578125 366
1695119012896 1034.434326171875 367
1695119013074 1069.169677734375 368
1695119013250 927.33642578125 369
1695119013426 944.45361328125 370
1695119013602 1093.303955078125 371
1695119013778 892.8216552734375 372
1695119013954 869.4161376953125 373
1695119014129 920.6887817382812 374
1695119014303 908.9417724609375 375
1695119014478 951.1351928710938 376
1695119014653 966.6673583984375 377
1695119014826 907.9735107421875 378
1695119015000 897.934326171875 379
1695119015175 935.8780517578125 380
1695119015349 931.4970703125 381
1695119015524 939.6448974609375 382
1695119015698 864.9359130859375 383
1695119015873 979.454833984375 384
1695119016048 987.6580200195312 385
1695119016222 896.06689453125 386
1695119016411 920.6879272460938 387
1695119016600 918.1494140625 388
1695119016791 895.29736328125 389
1695119016987 850.3955688476562 390
1695119017181 901.5958251953125 391
1695119017367 866.833251953125 392
1695119017557 847.794189453125 393
1695119017752 899.23681640625 394
1695119017940 893.1375122070312 395
1695119018131 875.258544921875 396
1695119018327 904.4650268554688 397
1695119018522 908.0120239257812 398
1695119018713 952.2559814453125 399
1695119018908 920.6353149414062 400
1695119023149 903.1973876953125 401
1695119023346 916.900634765625 402
1695119023528 871.056884765625 403
1695119023708 1006.5606079101562 404
1695119023886 916.8029174804688 405
1695119024061 960.6683959960938 406
1695119024240 981.4010009765625 407
1695119024414 870.6455078125 408
1695119024588 893.6437377929688 409
1695119024763 871.7086181640625 410
1695119024936 878.205078125 411
1695119025113 876.2510986328125 412
1695119025286 888.12890625 413
1695119025459 923.5203857421875 414
1695119025631 872.9339599609375 415
1695119025803 891.0386962890625 416
1695119025976 922.8055419921875 417
1695119026151 911.947509765625 418
1695119026325 899.805419921875 419
1695119026503 859.4473266601562 420
1695119026676 856.274658203125 421
1695119026860 831.4786987304688 422
1695119027044 866.7232666015625 423
1695119027221 893.5216674804688 424
1695119027395 1048.2435302734375 425
1695119027572 827.0582275390625 426
1695119027766 1001.7353515625 427
1695119027952 886.4775390625 428
1695119028136 873.096435546875 429
1695119028314 971.9349365234375 430
1695119028486 915.9404296875 431
1695119028670 838.8922119140625 432
1695119028853 898.5215454101562 433
1695119029027 982.3096923828125 434
1695119029207 870.4337158203125 435
1695119029382 822.14501953125 436
1695119029566 825.196044921875 437
1695119029747 943.967041015625 438
1695119029929 874.8768920898438 439
1695119030114 823.0775756835938 440
1695119030302 867.9876098632812 441
1695119030496 886.400634765625 442
1695119030685 890.9624633789062 443
1695119030876 854.151611328125 444
1695119031072 827.5538330078125 445
1695119031249 922.3120727539062 446
1695119031435 852.8589477539062 447
1695119031621 862.323974609375 448
1695119031798 918.9537353515625 449
1695119031971 895.4046630859375 450
1695119032143 851.9505615234375 451
1695119032318 964.9222412109375 452
1695119032494 922.2733154296875 453
1695119032675 858.5924072265625 454
1695119032861 845.534912109375 455
1695119033035 918.0132446289062 456
1695119033210 864.0166015625 457
1695119033386 943.6011962890625 458
1695119033564 895.7852783203125 459
1695119033740 828.74853515625 460
1695119033916 820.1358642578125 461
1695119034088 850.4480590820312 462
1695119034264 973.3439331054688 463
1695119034446 837.6510009765625 464
1695119034643 877.3236694335938 465
1695119034832 873.9928588867188 466
1695119035019 908.3409423828125 467
1695119035206 858.8262329101562 468
1695119035404 914.8394775390625 469
1695119035595 952.4744873046875 470
1695119035784 937.6423950195312 471
1695119035980 895.7880249023438 472
1695119036180 1000.3936767578125 473
1695119036360 863.9824829101562 474
1695119036534 839.9769897460938 475
1695119036710 904.8614501953125 476
1695119036884 826.596923828125 477
1695119037057 815.3677978515625 478
1695119037244 853.2293701171875 479
1695119037429 882.603759765625 480
1695119037603 888.906005859375 481
1695119037786 803.8267211914062 482
1695119037969 965.0147705078125 483
1695119038142 869.8469848632812 484
1695119038316 847.5092163085938 485
1695119038491 822.199462890625 486
1695119038663 850.367431640625 487
1695119038836 866.547119140625 488
1695119039008 802.46923828125 489
1695119039182 878.1585693359375 490
1695119039365 922.2182006835938 491
1695119039552 885.0526123046875 492
1695119039738 846.86376953125 493
1695119039923 936.70654296875 494
1695119040101 787.651123046875 495
1695119040276 839.9640502929688 496
1695119040449 808.1185913085938 497
1695119040623 879.96875 498
1695119040798 997.9903564453125 499
1695119040972 889.899169921875 500
1695119044792 847.4017333984375 501
1695119044984 943.99267578125 502
1695119045178 864.0870361328125 503
1695119045367 784.6599731445312 504
1695119045567 918.719970703125 505
1695119045745 919.4989013671875 506
1695119045919 762.1182861328125 507
1695119046104 839.23828125 508
1695119046287 812.421630859375 509
1695119046461 766.6708984375 510
1695119046646 846.656494140625 511
1695119046829 840.8159790039062 512
1695119047005 833.7222900390625 513
1695119047183 943.76904296875 514
1695119047360 843.4034423828125 515
1695119047533 905.562744140625 516
1695119047708 843.0303344726562 517
1695119047886 811.4815063476562 518
1695119048061 787.5535888671875 519
1695119048235 896.439697265625 520
1695119048411 839.8011474609375 521
1695119048585 817.1981201171875 522
1695119048768 825.7342529296875 523
1695119048954 853.3001708984375 524
1695119049128 1025.9666748046875 525
1695119049302 864.387451171875 526
1695119049475 809.6376953125 527
1695119049649 801.9013061523438 528
1695119049822 849.7409057617188 529
1695119050002 798.7333984375 530
1695119050188 846.4072265625 531
1695119050365 806.6358642578125 532
1695119050538 864.8894653320312 533
1695119050712 880.6781616210938 534
1695119050889 879.105712890625 535
1695119051074 819.3543701171875 536
1695119051249 877.4968872070312 537
1695119051421 805.923828125 538
1695119051597 848.051513671875 539
1695119051772 887.4319458007812 540
1695119051956 815.6907958984375 541
1695119052140 901.1987915039062 542
1695119052316 777.3092651367188 543
1695119052491 846.6401977539062 544
1695119052664 776.3555908203125 545
1695119052840 782.429931640625 546
1695119053026 860.9348754882812 547
1695119053220 844.5791015625 548
1695119053402 777.2803955078125 549
1695119053579 862.098388671875 550
1695119053766 791.132568359375 551
1695119053950 817.1925048828125 552
1695119054124 912.7125244140625 553
1695119054311 896.6024780273438 554
1695119054497 802.5452880859375 555
1695119054682 791.010986328125 556
1695119054872 845.8499755859375 557
1695119055065 886.4752807617188 558
1695119055256 772.3245849609375 559
1695119055445 818.6798095703125 560
1695119055640 765.8812255859375 561
1695119055823 852.1917724609375 562
1695119056001 813.8734130859375 563
1695119056176 803.383544921875 564
1695119056351 772.1198120117188 565
1695119056525 885.900390625 566
1695119056701 865.886962890625 567
1695119056878 857.81982421875 568
1695119057065 837.8819580078125 569
1695119057250 846.7200927734375 570
1695119057434 796.968994140625 571
1695119057608 920.042236328125 572
1695119057782 879.37109375 573
1695119057956 925.3115844726562 574
1695119058130 767.1475219726562 575
1695119058313 860.742919921875 576
1695119058508 803.9847412109375 577
1695119058693 860.1943359375 578
1695119058869 799.0621948242188 579
1695119059069 864.409423828125 580
1695119059259 715.7711181640625 581
1695119059452 812.136474609375 582
1695119059642 789.8018798828125 583
1695119059831 812.8733520507812 584
1695119060004 809.7310791015625 585
1695119060180 853.2861328125 586
1695119060358 928.8662719726562 587
1695119060532 809.5917358398438 588
1695119060707 759.1456298828125 589
1695119060881 787.9710083007812 590
1695119061065 764.49853515625 591
1695119061245 797.780517578125 592
1695119061434 835.24560546875 593
1695119061626 797.564453125 594
1695119061814 869.4154663085938 595
1695119062009 827.45751953125 596
1695119062207 862.669189453125 597
1695119062394 816.5797729492188 598
1695119062578 813.396240234375 599
1695119062759 792.838134765625 600
1695119066526 813.975830078125 601
1695119066713 887.8707275390625 602
1695119066904 801.2186889648438 603
1695119067094 793.8792724609375 604
1695119067282 706.4788818359375 605
1695119067470 855.479736328125 606
1695119067666 833.7452392578125 607
1695119067857 823.4417724609375 608
1695119068050 791.4756469726562 609
1695119068242 764.6884155273438 610
1695119068430 864.0472412109375 611
1695119068619 870.919677734375 612
1695119068806 776.7459106445312 613
1695119068999 853.5775756835938 614
1695119069194 757.806884765625 615
1695119069385 760.966064453125 616
1695119069573 876.4991455078125 617
1695119069772 852.1196899414062 618
1695119069957 835.82470703125 619
1695119070141 841.3270263671875 620
1695119070320 796.22607421875 621
1695119070497 754.9175415039062 622
1695119070677 902.3814697265625 623
1695119070862 842.0768432617188 624
1695119071037 793.50244140625 625
1695119071213 818.8484497070312 626
1695119071388 759.7542114257812 627
1695119071565 771.1193237304688 628
1695119071740 803.3272705078125 629
1695119071917 861.4393310546875 630
1695119072095 816.7704467773438 631
1695119072270 799.580078125 632
1695119072444 854.18115234375 633
1695119072617 869.2976684570312 634
1695119072788 852.7305297851562 635
1695119072961 819.667236328125 636
1695119073145 804.8809204101562 637
1695119073342 801.1058349609375 638
1695119073529 826.2052612304688 639
1695119073706 800.54541015625 640
1695119073886 815.4261474609375 641
1695119074065 893.6759033203125 642
1695119074244 836.510009765625 643
1695119074419 826.6511840820312 644
1695119074595 793.9810791015625 645
1695119074770 766.7684326171875 646
1695119074945 765.4722900390625 647
1695119075121 743.8643798828125 648
1695119075297 785.566650390625 649
1695119075471 859.7693481445312 650
1695119075645 789.74560546875 651
1695119075820 888.0075073242188 652
1695119075993 786.1015014648438 653
1695119076168 757.952880859375 654
1695119076341 760.0139770507812 655
1695119076517 762.9825439453125 656
1695119076691 803.1807250976562 657
1695119076864 793.7822265625 658
1695119077039 797.103759765625 659
1695119077213 941.32373046875 660
1695119077387 782.0748901367188 661
1695119077562 846.3983764648438 662
1695119077736 818.7009887695312 663
1695119077911 768.6809692382812 664
1695119078086 744.9255981445312 665
1695119078260 783.860107421875 666
1695119078434 874.686767578125 667
1695119078610 877.0667114257812 668
1695119078783 745.4337158203125 669
1695119078957 750.0071411132812 670
1695119079132 830.1727294921875 671
1695119079311 800.6166381835938 672
1695119079488 764.4995727539062 673
1695119079664 725.5812377929688 674
1695119079841 764.2640380859375 675
1695119080015 823.58251953125 676
1695119080189 817.2298583984375 677
1695119080363 810.08056640625 678
1695119080537 768.3637084960938 679
1695119080712 754.6913452148438 680
1695119080885 805.09033203125 681
1695119081061 786.196044921875 682
1695119081235 817.310791015625 683
1695119081411 736.7098388671875 684
1695119081585 779.281494140625 685
1695119081759 823.649169921875 686
1695119081934 763.427978515625 687
1695119082111 852.9202880859375 688
1695119082287 796.0641479492188 689
1695119082462 828.8765869140625 690
1695119082638 801.04833984375 691
1695119082814 848.6737060546875 692
1695119082989 847.4371337890625 693
1695119083165 821.3662109375 694
1695119083340 745.261962890625 695
1695119083514 852.3780517578125 696
1695119083697 774.7828369140625 697
1695119083895 761.68408203125 698
1695119084091 775.7427978515625 699
1695119084274 774.201171875 700
1695119087859 766.8192138671875 701
1695119088034 818.6279907226562 702
1695119088213 878.0121459960938 703
1695119088386 830.0965576171875 704
1695119088560 727.1143798828125 705
1695119088735 842.1950073242188 706
1695119088912 829.0536499023438 707
1695119089085 792.7200927734375 708
1695119089260 761.9403686523438 709
1695119089442 734.8724365234375 710
1695119089619 791.4176635742188 711
1695119089793 835.4448852539062 712
1695119089966 808.5640869140625 713
1695119090140 806.2779541015625 714
1695119090318 775.2239990234375 715
1695119090507 767.6029663085938 716
1695119090692 722.3011474609375 717
1695119090869 792.62109375 718
1695119091046 808.2218017578125 719
1695119091225 760.1878051757812 720
1695119091402 759.1395263671875 721
1695119091577 755.0899658203125 722
1695119091753 786.3255004882812 723
1695119091929 787.908935546875 724
1695119092107 840.3365478515625 725
1695119092281 766.3055419921875 726
1695119092453 831.7943725585938 727
1695119092627 746.0960693359375 728
1695119092800 797.5198364257812 729
1695119092975 829.6881103515625 730
1695119093148 816.8203125 731
1695119093321 790.7581787109375 732
1695119093494 769.9398193359375 733
1695119093667 766.9207763671875 734
1695119093840 764.344970703125 735
1695119094014 745.8014526367188 736
1695119094187 842.65380859375 737
1695119094360 748.641357421875 738
1695119094532 815.6329956054688 739
1695119094705 795.654052734375 740
1695119094878 741.1964111328125 741
1695119095052 759.5963134765625 742
1695119095226 720.5831298828125 743
1695119095399 821.1445922851562 744
1695119095572 824.0257568359375 745
1695119095745 803.9544677734375 746
1695119095919 772.5811157226562 747
1695119096092 840.73388671875 748
1695119096265 758.6375122070312 749
1695119096439 803.5372314453125 750
1695119096612 859.7431640625 751
1695119096784 727.42333984375 752
1695119096956 784.60107421875 753
1695119097130 767.8547973632812 754
1695119097303 736.2772216796875 755
1695119097478 753.46484375 756
1695119097652 754.2528686523438 757
1695119097825 821.1300048828125 758
1695119097998 786.749755859375 759
1695119098172 815.614990234375 760
1695119098345 823.134765625 761
1695119098518 817.4542236328125 762
1695119098691 742.9815673828125 763
1695119098871 699.7455444335938 764
1695119099065 811.6949462890625 765
1695119099251 800.4384765625 766
1695119099434 785.460205078125 767
1695119099613 732.5853271484375 768
1695119099787 798.5074462890625 769
1695119099963 785.8199462890625 770
1695119100136 797.2061767578125 771
1695119100311 741.7127685546875 772
1695119100489 737.7387084960938 773
1695119100678 777.7449951171875 774
1695119100864 758.477294921875 775
1695119101038 810.429443359375 776
1695119101212 745.0346069335938 777
1695119101393 722.3290405273438 778
1695119101588 751.9953002929688 779
1695119101785 731.732421875 780
1695119101977 807.3692626953125 781
1695119102164 776.4788818359375 782
1695119102359 740.042724609375 783
1695119102538 720.83056640625 784
1695119102711 735.971435546875 785
1695119102886 814.8425903320312 786
1695119103062 765.8118896484375 787
1695119103236 745.5972900390625 788
1695119103410 728.1162109375 789
1695119103583 747.6709594726562 790
1695119103756 768.83544921875 791
1695119103930 815.851318359375 792
1695119104114 765.4459838867188 793
1695119104307 763.6934814453125 794
1695119104497 752.4322509765625 795
1695119104687 723.164306640625 796
1695119104872 750.7274169921875 797
1695119105048 764.046630859375 798
1695119105223 773.735107421875 799
1695119105400 879.8240966796875 800
1695119109057 832.9585571289062 801
1695119109234 802.1803588867188 802
1695119109413 740.3170166015625 803
1695119109588 781.7999877929688 804
1695119109766 711.3394775390625 805
1695119109942 813.3710327148438 806
1695119110118 885.9708251953125 807
1695119110295 798.9642944335938 808
1695119110492 704.8697509765625 809
1695119110685 820.6610107421875 810
1695119110870 716.4109497070312 811
1695119111053 784.7741088867188 812
1695119111236 762.0059814453125 813
1695119111408 751.2721557617188 814
1695119111596 792.7882080078125 815
1695119111781 814.130615234375 816
1695119111976 785.782470703125 817
1695119112170 729.4454345703125 818
1695119112363 744.0240478515625 819
1695119112552 728.7562255859375 820
1695119112744 807.8512573242188 821
1695119112940 738.6543579101562 822
1695119113128 696.2286376953125 823
1695119113313 761.6766967773438 824
1695119113496 733.558349609375 825
1695119113683 765.7284545898438 826
1695119113865 830.51318359375 827
1695119114040 829.6898803710938 828
1695119114214 702.3614501953125 829
1695119114390 817.048828125 830
1695119114564 697.8792724609375 831
1695119114738 771.2246704101562 832
1695119114915 780.1644287109375 833
1695119115088 684.915771484375 834
1695119115267 777.5699462890625 835
1695119115443 795.9136962890625 836
1695119115629 771.3382568359375 837
1695119115808 729.89794921875 838
1695119115982 717.1139526367188 839
1695119116155 750.4324951171875 840
1695119116328 765.546142578125 841
1695119116502 733.330078125 842
1695119116675 740.7386474609375 843
1695119116849 753.5047607421875 844
1695119117024 751.3826904296875 845
1695119117198 767.648681640625 846
1695119117372 735.6171264648438 847
1695119117546 759.1356201171875 848
1695119117720 772.886962890625 849
1695119117893 792.2095947265625 850
1695119118067 817.8251953125 851
1695119118239 752.3092041015625 852
1695119118414 742.4560546875 853
1695119118588 733.4155883789062 854
1695119118761 724.013427734375 855
1695119118935 742.5924682617188 856
1695119119110 846.80810546875 857
1695119119284 804.3414306640625 858
1695119119458 887.0696411132812 859
1695119119632 783.9718627929688 860
1695119119806 772.8917846679688 861
1695119119980 888.9494018554688 862
1695119120153 727.5684204101562 863
1695119120326 761.2816162109375 864
1695119120499 763.029052734375 865
1695119120673 832.0526733398438 866
1695119120846 775.463623046875 867
1695119121019 765.09814453125 868
1695119121192 730.356689453125 869
1695119121367 713.6112060546875 870
1695119121540 806.039306640625 871
1695119121715 759.79296875 872
1695119121889 748.572998046875 873
1695119122062 812.1617431640625 874
1695119122236 795.4451904296875 875
1695119122409 781.38671875 876
1695119122592 759.1898193359375 877
1695119122767 711.22265625 878
1695119122942 803.169677734375 879
1695119123116 692.2504272460938 880
1695119123291 711.78662109375 881
1695119123464 771.1712646484375 882
1695119123638 851.7999877929688 883
1695119123813 790.7012939453125 884
1695119123986 763.1859741210938 885
1695119124159 754.068603515625 886
1695119124331 767.9136962890625 887
1695119124505 772.46923828125 888
1695119124678 750.4612426757812 889
1695119124852 739.9818725585938 890
1695119125025 918.9825439453125 891
1695119125199 776.7528076171875 892
1695119125373 710.4781494140625 893
1695119125546 688.0010986328125 894
1695119125723 761.6570434570312 895
1695119125897 801.98828125 896
1695119126073 740.0242919921875 897
1695119126247 728.930908203125 898
1695119126421 743.8379516601562 899
1695119126595 768.2889404296875 900
1695119130248 843.21240234375 901
1695119130424 766.1527099609375 902
1695119130598 853.22900390625 903
1695119130774 796.4208984375 904
1695119130949 756.5361938476562 905
1695119131122 766.885009765625 906
1695119131295 714.4423828125 907
1695119131469 733.3316040039062 908
1695119131643 800.3756103515625 909
1695119131818 698.83984375 910
1695119131991 731.1533203125 911
1695119132164 743.2047729492188 912
1695119132337 736.3265380859375 913
1695119132509 756.499755859375 914
1695119132690 791.655517578125 915
1695119132864 801.2156372070312 916
1695119133038 734.0317993164062 917
1695119133213 731.72998046875 918
1695119133388 739.071044921875 919
1695119133562 837.8126220703125 920
1695119133735 749.3648681640625 921
1695119133908 759.3226318359375 922
1695119134082 907.7799682617188 923
1695119134255 726.5865478515625 924
1695119134429 725.8714599609375 925
1695119134603 838.99072265625 926
1695119134775 788.0255737304688 927
1695119134948 752.33251953125 928
1695119135121 710.5529174804688 929
1695119135294 748.6867065429688 930
1695119135467 800.0120239257812 931
1695119135640 782.4804077148438 932
1695119135814 721.5797119140625 933
1695119135988 784.7122802734375 934
1695119136161 741.3180541992188 935
1695119136335 816.0147705078125 936
1695119136509 745.3195190429688 937
1695119136683 732.3283081054688 938
1695119136857 731.6195678710938 939
1695119137033 763.8446044921875 940
1695119137207 689.731201171875 941
1695119137380 746.5712890625 942
1695119137555 806.0130004882812 943
1695119137730 722.3263549804688 944
1695119137904 773.01220703125 945
1695119138079 758.6778564453125 946
1695119138253 780.150390625 947
1695119138426 819.176513671875 948
1695119138600 783.0384521484375 949
1695119138773 742.4508666992188 950
1695119138947 768.63134765625 951
1695119139120 759.445556640625 952
1695119139293 790.4494018554688 953
1695119139465 724.099853515625 954
1695119139638 776.5399169921875 955
1695119139812 705.4732666015625 956
1695119139985 677.20068359375 957
1695119140158 753.9091186523438 958
1695119140332 722.1658935546875 959
1695119140505 730.2032470703125 960
1695119140679 684.9429931640625 961
1695119140853 745.5264892578125 962
1695119141026 783.9898681640625 963
1695119141200 756.659912109375 964
1695119141375 687.896728515625 965
1695119141550 783.6939697265625 966
1695119141724 727.2723388671875 967
1695119141898 750.444091796875 968
1695119142071 706.5106811523438 969
1695119142245 701.541259765625 970
1695119142419 725.8300170898438 971
1695119142605 728.510986328125 972
1695119142778 752.31591796875 973
1695119142952 720.3020629882812 974
1695119143127 735.363525390625 975
1695119143300 700.02294921875 976
1695119143472 696.927978515625 977
1695119143646 759.6915283203125 978
1695119143820 733.2402954101562 979
1695119143995 742.100341796875 980
1695119144168 766.299560546875 981
1695119144342 774.5374755859375 982
1695119144517 685.4324951171875 983
1695119144691 783.0897827148438 984
1695119144866 759.8710327148438 985
1695119145040 671.3291015625 986
1695119145214 760.899169921875 987
1695119145388 730.409912109375 988
1695119145563 682.7916259765625 989
1695119145737 725.0616455078125 990
1695119145911 730.6854858398438 991
1695119146086 736.5006103515625 992
1695119146260 770.8455810546875 993
1695119146433 776.616455078125 994
1695119146607 692.773681640625 995
1695119146782 795.369873046875 996
1695119146954 877.8192138671875 997
1695119147129 768.6795654296875 998
1695119147302 710.6807861328125 999
1695119147476 700.1727905273438 1000
1695119151039 737.4888305664062 1001
1695119151212 678.616943359375 1002
1695119151385 800.607421875 1003
1695119151556 736.547607421875 1004
1695119151730 702.1416015625 1005
1695119151903 698.0423583984375 1006
1695119152076 800.3558349609375 1007
1695119152250 702.2340087890625 1008
1695119152423 741.9432373046875 1009
1695119152609 729.622802734375 1010
1695119152784 752.11865234375 1011
1695119152959 725.5006103515625 1012
1695119153134 819.9456787109375 1013
1695119153308 705.268798828125 1014
1695119153482 709.7760620117188 1015
1695119153656 681.3292846679688 1016
1695119153831 767.517333984375 1017
1695119154006 732.7242431640625 1018
1695119154179 721.4182739257812 1019
1695119154352 728.5870971679688 1020
1695119154527 750.5119018554688 1021
1695119154701 719.2427978515625 1022
1695119154875 701.8857421875 1023
1695119155050 702.4447631835938 1024
1695119155228 736.4105834960938 1025
1695119155402 722.52783203125 1026
1695119155576 794.2025146484375 1027
1695119155750 684.6805419921875 1028
1695119155924 708.20751953125 1029
1695119156111 769.6737060546875 1030
1695119156295 739.6759643554688 1031
1695119156482 685.916748046875 1032
1695119156667 768.8533935546875 1033
1695119156841 768.0830078125 1034
1695119157028 694.32666015625 1035
1695119157212 729.0241088867188 1036
1695119157399 703.1097412109375 1037
1695119157586 798.5286254882812 1038
1695119157767 733.9970703125 1039
1695119157958 707.9371337890625 1040
1695119158159 793.18359375 1041
1695119158352 732.721435546875 1042
1695119158541 659.0850830078125 1043
1695119158722 680.0584716796875 1044
1695119158915 766.1435546875 1045
1695119159105 750.682373046875 1046
1695119159278 690.119873046875 1047
1695119159452 773.33447265625 1048
1695119159631 722.8277587890625 1049
1695119159804 656.642822265625 1050
1695119159987 775.52392578125 1051
1695119160174 717.5844116210938 1052
1695119160355 731.622314453125 1053
1695119160531 767.2977905273438 1054
1695119160708 778.4983520507812 1055
1695119160887 674.62744140625 1056
1695119161063 793.6512451171875 1057
1695119161239 676.50146484375 1058
1695119161411 753.1044921875 1059
1695119161587 729.145263671875 1060
1695119161765 702.8099365234375 1061
1695119161941 705.8045654296875 1062
1695119162117 823.1085205078125 1063
1695119162291 668.7643432617188 1064
1695119162467 688.373291015625 1065
1695119162650 921.8687744140625 1066
1695119162843 673.8102416992188 1067
1695119163029 724.4271850585938 1068
1695119163215 720.3977661132812 1069
1695119163414 715.329833984375 1070
1695119163604 769.9452514648438 1071
1695119163793 742.1409912109375 1072
1695119163981 721.2095336914062 1073
1695119164177 778.2127075195312 1074
1695119164358 754.6300048828125 1075
1695119164532 736.1150512695312 1076
1695119164707 698.57861328125 1077
1695119164881 695.2584228515625 1078
1695119165055 767.9862060546875 1079
1695119165230 738.017822265625 1080
1695119165406 771.798828125 1081
1695119165589 697.4057006835938 1082
1695119165774 771.869140625 1083
1695119165950 802.6267700195312 1084
1695119166124 745.540771484375 1085
1695119166298 703.9034423828125 1086
1695119166470 688.7596435546875 1087
1695119166644 756.494384765625 1088
1695119166817 693.4655151367188 1089
1695119166992 753.4688720703125 1090
1695119167165 745.769287109375 1091
1695119167339 846.81591796875 1092
1695119167512 740.4130859375 1093
1695119167685 747.8670654296875 1094
1695119167857 731.70361328125 1095
1695119168030 697.845947265625 1096
1695119168204 745.6196899414062 1097
1695119168377 744.1555786132812 1098
1695119168550 792.9635009765625 1099
1695119168724 771.518798828125 1100
1695119172307 742.177734375 1101
1695119172480 733.3836669921875 1102
1695119172655 700.486328125 1103
1695119172829 758.093017578125 1104
1695119173014 748.7579956054688 1105
1695119173186 694.101806640625 1106
1695119173360 671.9193115234375 1107
1695119173534 820.8707275390625 1108
1695119173708 779.611328125 1109
1695119173891 747.2007446289062 1110
1695119174064 688.2177124023438 1111
1695119174236 737.184814453125 1112
1695119174409 768.9007568359375 1113
1695119174585 710.995849609375 1114
1695119174760 673.975341796875 1115
1695119174933 655.98291015625 1116
1695119175106 739.0487060546875 1117
1695119175280 697.1677856445312 1118
1695119175454 702.1824340820312 1119
1695119175639 677.7183227539062 1120
1695119175824 677.13232421875 1121
1695119176008 723.6495971679688 1122
1695119176192 747.73828125 1123
1695119176379 735.1220703125 1124
1695119176566 685.92578125 1125
1695119176758 628.9677124023438 1126
1695119176947 710.52490234375 1127
1695119177139 712.8762817382812 1128
1695119177332 727.2742919921875 1129
1695119177525 738.39013671875 1130
1695119177699 745.9876098632812 1131
1695119177873 797.16455078125 1132
1695119178046 685.0111694335938 1133
1695119178231 748.0665283203125 1134
1695119178414 732.8260498046875 1135
1695119178588 693.5822143554688 1136
1695119178765 711.0855102539062 1137
1695119178940 691.47509765625 1138
1695119179116 815.3673095703125 1139
1695119179289 691.8406982421875 1140
1695119179465 752.4690551757812 1141
1695119179639 721.854736328125 1142
1695119179814 692.2059326171875 1143
1695119179987 760.357421875 1144
1695119180161 742.9405517578125 1145
1695119180336 741.9529418945312 1146
1695119180511 707.4678955078125 1147
1695119180685 669.0022583007812 1148
1695119180859 675.3080444335938 1149
1695119181032 719.362060546875 1150
1695119181207 704.779541015625 1151
1695119181381 716.7967529296875 1152
1695119181556 701.2543334960938 1153
1695119181730 650.7769775390625 1154
1695119181905 721.7821044921875 1155
1695119182078 691.4404296875 1156
1695119182253 757.28271484375 1157
1695119182445 749.0624389648438 1158
1695119182634 688.5609130859375 1159
1695119182821 765.8214111328125 1160
1695119183002 660.774658203125 1161
1695119183181 737.2617797851562 1162
1695119183357 753.217529296875 1163
1695119183535 736.4682006835938 1164
1695119183723 717.607421875 1165
1695119183915 686.146728515625 1166
1695119184105 727.3179931640625 1167
1695119184295 729.5228271484375 1168
1695119184481 735.0104370117188 1169
1695119184654 759.0716552734375 1170
1695119184829 723.058349609375 1171
1695119185003 726.1790771484375 1172
1695119185181 727.514404296875 1173
1695119185357 763.7778930664062 1174
1695119185533 668.9534912109375 1175
1695119185710 715.07421875 1176
1695119185887 713.3443603515625 1177
1695119186063 756.9210815429688 1178
1695119186241 720.4434204101562 1179
1695119186417 658.2545166015625 1180
1695119186593 708.26318359375 1181
1695119186769 677.626220703125 1182
1695119186948 691.7823486328125 1183
1695119187127 686.9949951171875 1184
1695119187303 724.84326171875 1185
1695119187478 709.953857421875 1186
1695119187655 725.583251953125 1187
1695119187840 635.3441162109375 1188
1695119188017 671.4345092773438 1189
1695119188197 796.487548828125 1190
1695119188373 712.052001953125 1191
1695119188547 687.0864868164062 1192
1695119188724 702.6754150390625 1193
1695119188899 680.9363403320312 1194
1695119189075 739.7152709960938 1195
1695119189265 720.855712890625 1196
1695119189440 739.136962890625 1197
1695119189614 669.0371704101562 1198
1695119189790 660.6990356445312 1199
1695119189965 695.201171875 1200
1695119193823 678.3983154296875 1201
1695119193996 694.8233032226562 1202
1695119194170 715.75927734375 1203
1695119194344 698.9531860351562 1204
1695119194518 705.2440185546875 1205
1695119194692 690.7835083007812 1206
1695119194867 657.02099609375 1207
1695119195042 646.5057373046875 1208
1695119195222 818.8033447265625 1209
1695119195397 724.6216430664062 1210
1695119195571 714.0086059570312 1211
1695119195744 648.6768188476562 1212
1695119195916 686.3959350585938 1213
1695119196088 683.85498046875 1214
1695119196265 631.8344116210938 1215
1695119196437 710.19677734375 1216
1695119196610 706.0302124023438 1217
1695119196783 674.8438720703125 1218
1695119196957 682.54248046875 1219
1695119197140 655.0238647460938 1220
1695119197315 770.1173095703125 1221
1695119197488 749.169189453125 1222
1695119197661 663.2686767578125 1223
1695119197835 746.4169921875 1224
1695119198008 736.660888671875 1225
1695119198180 787.3369140625 1226
1695119198352 708.869140625 1227
1695119198526 691.933349609375 1228
1695119198699 713.9075317382812 1229
1695119198873 703.82470703125 1230
1695119199047 670.3387451171875 1231
1695119199220 831.8463745117188 1232
1695119199394 690.37109375 1233
1695119199567 714.359130859375 1234
1695119199742 696.7573852539062 1235
1695119199935 724.1066284179688 1236
1695119200120 667.25341796875 1237
1695119200301 668.1708374023438 1238
1695119200482 678.416015625 1239
1695119200657 667.547119140625 1240
1695119200835 706.0285034179688 1241
1695119201009 679.1406860351562 1242
1695119201182 619.6027221679688 1243
1695119201358 700.06201171875 1244
1695119201531 643.255126953125 1245
1695119201705 666.4835205078125 1246
1695119201880 719.7681884765625 1247
1695119202053 648.392578125 1248
1695119202229 628.357666015625 1249
1695119202403 719.763671875 1250
1695119202579 708.6373901367188 1251
1695119202754 744.5400390625 1252
1695119202930 775.135009765625 1253
1695119203107 699.96435546875 1254
1695119203283 680.406494140625 1255
1695119203460 848.2651977539062 1256
1695119203636 703.1341552734375 1257
1695119203811 655.6200561523438 1258
1695119203985 705.672607421875 1259
1695119204160 672.4127807617188 1260
1695119204334 694.2752075195312 1261
1695119204509 772.954345703125 1262
1695119204682 688.1221923828125 1263
1695119204859 627.4741821289062 1264
1695119205034 723.87109375 1265
1695119205211 666.116455078125 1266
1695119205387 682.595947265625 1267
1695119205563 673.2965087890625 1268
1695119205739 706.2166137695312 1269
1695119205915 697.2113037109375 1270
1695119206089 683.655029296875 1271
1695119206265 679.4947509765625 1272
1695119206439 692.745849609375 1273
1695119206616 644.0213012695312 1274
1695119206794 687.4671020507812 1275
1695119206970 742.638427734375 1276
1695119207147 700.190673828125 1277
1695119207323 670.2213134765625 1278
1695119207498 791.4752197265625 1279
1695119207672 628.896484375 1280
1695119207846 702.1718139648438 1281
1695119208021 709.7468872070312 1282
1695119208197 659.0211791992188 1283
1695119208375 679.2810668945312 1284
1695119208552 660.00244140625 1285
1695119208727 791.08203125 1286
1695119208903 703.5789794921875 1287
1695119209078 754.4990234375 1288
1695119209254 703.623046875 1289
1695119209430 711.6153564453125 1290
1695119209606 638.1392822265625 1291
1695119209782 674.2354125976562 1292
1695119209957 694.2774658203125 1293
1695119210133 677.3755493164062 1294
1695119210310 705.189208984375 1295
1695119210486 699.07080078125 1296
1695119210660 753.3804931640625 1297
1695119210834 650.2139892578125 1298
1695119211009 691.8551025390625 1299
1695119211183 643.1277465820312 1300
1695119214790 680.8402709960938 1301
1695119214961 780.8826904296875 1302
1695119215136 767.353759765625 1303
1695119215309 650.0982666015625 1304
1695119215485 675.3970947265625 1305
1695119215660 663.530517578125 1306
1695119215834 692.9105834960938 1307
1695119216007 655.9183349609375 1308
1695119216182 680.8633422851562 1309
1695119216355 697.2341918945312 1310
1695119216529 759.1102905273438 1311
1695119216707 710.1326293945312 1312
1695119216883 686.5201416015625 1313
1695119217061 730.4760131835938 1314
1695119217241 700.779052734375 1315
1695119217414 690.9796142578125 1316
1695119217588 662.642578125 1317
1695119217762 733.772705078125 1318
1695119217936 718.2359619140625 1319
1695119218109 664.6881103515625 1320
1695119218283 741.1337890625 1321
1695119218456 687.7843627929688 1322
1695119218630 662.1162719726562 1323
1695119218803 737.6057739257812 1324
1695119218977 634.4207153320312 1325
1695119219151 629.2117919921875 1326
1695119219324 757.7119750976562 1327
1695119219497 679.0086669921875 1328
1695119219671 683.1428833007812 1329
1695119219843 736.5228881835938 1330
1695119220015 663.2296752929688 1331
1695119220190 665.9826049804688 1332
1695119220364 710.962890625 1333
1695119220538 630.6318969726562 1334
1695119220712 719.530517578125 1335
1695119220886 676.986572265625 1336
1695119221059 661.236572265625 1337
1695119221233 721.233642578125 1338
1695119221410 692.2311401367188 1339
1695119221596 719.04052734375 1340
1695119221776 671.9639892578125 1341
1695119221949 735.9398193359375 1342
1695119222121 689.985107421875 1343
1695119222293 707.5614013671875 1344
1695119222467 669.2552490234375 1345
1695119222642 647.66943359375 1346
1695119222817 654.8341674804688 1347
1695119222990 649.1104736328125 1348
1695119223167 648.74609375 1349
1695119223339 659.76611328125 1350
1695119223513 858.1610107421875 1351
1695119223687 677.61865234375 1352
1695119223860 664.5010986328125 1353
1695119224034 730.2401123046875 1354
1695119224210 783.91357421875 1355
1695119224384 692.54296875 1356
1695119224558 628.5886840820312 1357
1695119224731 636.001953125 1358
1695119224904 683.0050659179688 1359
1695119225079 677.7783203125 1360
1695119225253 656.66259765625 1361
1695119225427 691.5804443359375 1362
1695119225601 693.963623046875 1363
1695119225775 710.084228515625 1364
1695119225949 660.5845947265625 1365
1695119226123 760.38720703125 1366
1695119226299 721.023681640625 1367
1695119226473 726.62158203125 1368
1695119226647 736.5701293945312 1369
1695119226821 691.5111083984375 1370
1695119226995 691.6920166015625 1371
1695119227181 725.974609375 1372
1695119227356 718.5416870117188 1373
1695119227530 662.2884521484375 1374
1695119227705 749.8510131835938 1375
1695119227880 672.021240234375 1376
1695119228057 655.8587036132812 1377
1695119228232 644.1111450195312 1378
1695119228405 693.291015625 1379
1695119228579 751.9650268554688 1380
1695119228752 675.5330810546875 1381
1695119228926 659.2349243164062 1382
1695119229100 709.2677001953125 1383
1695119229274 669.8067626953125 1384
1695119229449 708.4703369140625 1385
1695119229622 771.0194091796875 1386
1695119229797 744.734619140625 1387
1695119229972 695.3257446289062 1388
1695119230146 641.9769287109375 1389
1695119230321 733.00830078125 1390
1695119230506 734.1605834960938 1391
1695119230695 684.6751098632812 1392
1695119230878 690.5323486328125 1393
1695119231058 691.1913452148438 1394
1695119231244 765.25146484375 1395
1695119231428 676.3231201171875 1396
1695119231622 677.36376953125 1397
1695119231815 703.50146484375 1398
1695119232004 700.591064453125 1399
1695119232193 739.9934692382812 1400
1695119235775 657.3486938476562 1401
1695119235949 689.328857421875 1402
1695119236131 656.4278564453125 1403
1695119236303 718.8909301757812 1404
1695119236476 682.4021606445312 1405
1695119236650 742.4390869140625 1406
1695119236825 688.8757934570312 1407
1695119237000 694.272216796875 1408
1695119237174 730.9410400390625 1409
1695119237348 736.668701171875 1410
1695119237522 690.1929931640625 1411
1695119237695 701.8255615234375 1412
1695119237869 719.3572998046875 1413
1695119238045 702.6135864257812 1414
1695119238219 662.7044067382812 1415
1695119238393 694.7939453125 1416
1695119238569 735.9425048828125 1417
1695119238743 649.0047607421875 1418
1695119238916 677.926513671875 1419
1695119239090 717.27197265625 1420
1695119239263 696.2416381835938 1421
1695119239437 628.0721435546875 1422
1695119239611 742.7947998046875 1423
1695119239784 709.3668212890625 1424
1695119239957 706.080078125 1425
1695119240131 670.8367919921875 1426
1695119240305 682.3555908203125 1427
1695119240478 704.724853515625 1428
1695119240652 816.9541015625 1429
1695119240826 692.2608642578125 1430
1695119241000 695.50341796875 1431
1695119241173 703.9912109375 1432
1695119241346 700.3214721679688 1433
1695119241518 661.337890625 1434
1695119241691 692.0160522460938 1435
1695119241865 666.9645385742188 1436
1695119242050 695.7535400390625 1437
1695119242222 780.6212158203125 1438
1695119242397 619.681396484375 1439
1695119242570 751.279541015625 1440
1695119242744 620.5380859375 1441
1695119242920 675.0953369140625 1442
1695119243094 677.4296875 1443
1695119243268 751.7379150390625 1444
1695119243442 662.9998779296875 1445
1695119243616 746.9715576171875 1446
1695119243792 675.4970703125 1447
1695119243965 691.9195556640625 1448
1695119244139 791.6876220703125 1449
1695119244312 689.1065673828125 1450
1695119244486 707.352294921875 1451
1695119244660 631.79931640625 1452
1695119244834 763.125244140625 1453
1695119245007 653.1481323242188 1454
1695119245181 686.6217041015625 1455
1695119245355 645.7260131835938 1456
1695119245527 619.6128540039062 1457
1695119245698 679.68017578125 1458
1695119245872 746.2398071289062 1459
1695119246046 733.3742065429688 1460
1695119246219 730.5224609375 1461
1695119246392 630.474609375 1462
1695119246566 666.6563720703125 1463
1695119246739 717.7554931640625 1464
1695119246913 723.7484130859375 1465
1695119247086 693.0635986328125 1466
1695119247259 661.3578491210938 1467
1695119247432 678.3872680664062 1468
1695119247604 654.037109375 1469
1695119247776 707.470458984375 1470
1695119247949 628.496337890625 1471
1695119248122 644.8483276367188 1472
1695119248295 717.729248046875 1473
1695119248468 719.80859375 1474
1695119248643 689.5853881835938 1475
1695119248816 597.848876953125 1476
1695119248990 719.3966674804688 1477
1695119249163 700.415771484375 1478
1695119249337 695.646728515625 1479
1695119249511 661.4821166992188 1480
1695119249688 788.0709228515625 1481
1695119249862 726.5073852539062 1482
1695119250036 638.6768798828125 1483
1695119250210 712.1612548828125 1484
1695119250383 752.449462890625 1485
1695119250556 658.980712890625 1486
1695119250729 721.6569213867188 1487
1695119250902 648.668701171875 1488
1695119251075 644.4334716796875 1489
1695119251248 657.2251586914062 1490
1695119251433 663.0125732421875 1491
1695119251626 683.2044677734375 1492
1695119251818 620.542724609375 1493
1695119252008 647.8580322265625 1494
1695119252208 733.1964111328125 1495
1695119252398 705.0375366210938 1496
1695119252573 771.8388671875 1497
1695119252750 629.7032470703125 1498
1695119252926 715.6087646484375 1499
1695119253102 653.609619140625 1500
1695119257282 685.4405517578125 1501
1695119257456 733.5584716796875 1502
1695119257634 699.7219848632812 1503
1695119257808 698.540771484375 1504
1695119257984 662.4638671875 1505
1695119258160 657.4366455078125 1506
1695119258334 649.823486328125 1507
1695119258509 644.098876953125 1508
1695119258685 726.989013671875 1509
1695119258859 697.4398803710938 1510
1695119259033 700.5467529296875 1511
1695119259208 631.631591796875 1512
1695119259382 694.6563720703125 1513
1695119259555 769.9895629882812 1514
1695119259729 716.140869140625 1515
1695119259903 722.5478515625 1516
1695119260076 751.5362548828125 1517
1695119260250 635.9224853515625 1518
1695119260423 709.5859375 1519
1695119260596 689.9908447265625 1520
1695119260769 652.2864990234375 1521
1695119260941 692.701171875 1522
1695119261115 765.6337890625 1523
1695119261289 689.6817016601562 1524
1695119261462 668.843994140625 1525
1695119261636 737.3759765625 1526
1695119261811 632.287109375 1527
1695119261985 658.0737915039062 1528
1695119262160 686.1285400390625 1529
1695119262335 809.4195556640625 1530
1695119262508 627.0053100585938 1531
1695119262683 652.6559448242188 1532
1695119262858 657.0902099609375 1533
1695119263034 718.2911376953125 1534
1695119263207 648.9210205078125 1535
1695119263380 750.2201538085938 1536
1695119263553 616.7344970703125 1537
1695119263726 679.533203125 1538
1695119263899 640.8041381835938 1539
1695119264074 632.7132568359375 1540
1695119264248 712.0490112304688 1541
1695119264421 643.462158203125 1542
1695119264595 685.4513549804688 1543
1695119264768 803.5218505859375 1544
1695119264943 640.7900390625 1545
1695119265117 653.4290771484375 1546
1695119265290 652.2596435546875 1547
1695119265464 629.1275634765625 1548
1695119265640 621.100341796875 1549
1695119265829 668.3402099609375 1550
1695119266004 665.8645629882812 1551
1695119266177 668.5758056640625 1552
1695119266352 697.0826416015625 1553
1695119266525 688.755859375 1554
1695119266700 725.6968994140625 1555
1695119266875 672.1612548828125 1556
1695119267049 761.6607055664062 1557
1695119267222 698.0380249023438 1558
1695119267397 716.5037231445312 1559
1695119267572 636.7530517578125 1560
1695119267745 671.9984130859375 1561
1695119267919 678.6488037109375 1562
1695119268092 671.339111328125 1563
1695119268266 688.46875 1564
1695119268439 664.7542114257812 1565
1695119268612 647.219482421875 1566
1695119268784 641.7259521484375 1567
1695119268956 644.376220703125 1568
1695119269129 669.7275390625 1569
1695119269303 670.1655883789062 1570
1695119269476 680.1053466796875 1571
1695119269649 686.3772583007812 1572
1695119269822 680.0438232421875 1573
1695119269996 773.6717529296875 1574
1695119270171 670.6023559570312 1575
1695119270345 617.5496826171875 1576
1695119270518 642.69921875 1577
1695119270692 678.7349853515625 1578
1695119270865 639.3084716796875 1579
1695119271038 714.803466796875 1580
1695119271211 684.9253540039062 1581
1695119271384 746.007568359375 1582
1695119271558 683.5806884765625 1583
1695119271734 690.8367919921875 1584
1695119271906 653.0040283203125 1585
1695119272079 649.5303955078125 1586
1695119272253 622.5137329101562 1587
1695119272427 666.3629150390625 1588
1695119272603 621.9823608398438 1589
1695119272777 603.0142822265625 1590
1695119272951 632.615478515625 1591
1695119273124 702.5811767578125 1592
1695119273298 672.3532104492188 1593
1695119273472 657.283447265625 1594
1695119273647 686.8990478515625 1595
1695119273822 617.9852905273438 1596
1695119274002 656.3458862304688 1597
1695119274174 620.0206909179688 1598
1695119274346 635.717041015625 1599
1695119274519 703.9854125976562 1600
1695119278111 721.377685546875 1601
1695119278284 629.8607788085938 1602
1695119278456 666.1103515625 1603
1695119278630 634.3442993164062 1604
1695119278804 642.7052001953125 1605
1695119278978 686.592529296875 1606
1695119279153 715.5765380859375 1607
1695119279328 675.3068237304688 1608
1695119279501 716.5308837890625 1609
1695119279675 660.79638671875 1610
1695119279849 658.0804443359375 1611
1695119280024 705.5189208984375 1612
1695119280199 637.7706909179688 1613
1695119280373 649.92626953125 1614
1695119280547 664.0177612304688 1615
1695119280720 691.0306396484375 1616
1695119280894 711.6529541015625 1617
1695119281067 719.3446044921875 1618
1695119281240 649.2169799804688 1619
1695119281412 681.7553100585938 1620
1695119281584 600.20263671875 1621
1695119281758 646.362548828125 1622
1695119281934 686.5148315429688 1623
1695119282107 727.9368896484375 1624
1695119282281 675.4364624023438 1625
1695119282455 684.177978515625 1626
1695119282628 695.6541748046875 1627
1695119282802 617.0349731445312 1628
1695119282975 667.9998168945312 1629
1695119283148 737.8155517578125 1630
1695119283322 659.0274658203125 1631
1695119283497 635.3333740234375 1632
1695119283670 624.8333740234375 1633
1695119283844 683.8433837890625 1634
1695119284022 730.0250244140625 1635
1695119284196 735.6908569335938 1636
1695119284369 710.86181640625 1637
1695119284543 699.9354248046875 1638
1695119284716 671.2135620117188 1639
1695119284889 636.1612548828125 1640
1695119285063 661.4417724609375 1641
1695119285236 647.9022827148438 1642
1695119285409 647.121826171875 1643
1695119285582 625.9549560546875 1644
1695119285768 663.8434448242188 1645
1695119285940 648.1530151367188 1646
1695119286114 667.0533447265625 1647
1695119286288 677.1912231445312 1648
1695119286462 636.2905883789062 1649
1695119286636 641.16796875 1650
1695119286809 687.82958984375 1651
1695119286984 731.3511352539062 1652
1695119287160 699.8685913085938 1653
1695119287334 676.9566650390625 1654
1695119287508 701.1967163085938 1655
1695119287681 748.725830078125 1656
1695119287855 846.8701171875 1657
1695119288029 625.7257690429688 1658
1695119288202 660.352783203125 1659
1695119288376 641.61669921875 1660
1695119288549 655.5569458007812 1661
1695119288722 666.58642578125 1662
1695119288895 634.6077270507812 1663
1695119289068 620.87451171875 1664
1695119289239 788.7238159179688 1665
1695119289413 684.2696533203125 1666
1695119289586 696.9510498046875 1667
1695119289759 702.0036010742188 1668
1695119289932 662.1734619140625 1669
1695119290106 646.9490966796875 1670
1695119290280 650.462890625 1671
1695119290454 701.18505859375 1672
1695119290627 665.4583740234375 1673
1695119290800 672.0963745117188 1674
1695119290976 689.0180053710938 1675
1695119291150 734.984375 1676
1695119291323 775.5137329101562 1677
1695119291496 685.9767456054688 1678
1695119291669 686.5929565429688 1679
1695119291842 606.9197998046875 1680
1695119292014 667.154296875 1681
1695119292187 643.6737670898438 1682
1695119292361 681.638427734375 1683
1695119292536 670.5123901367188 1684
1695119292709 639.842041015625 1685
1695119292885 723.3360595703125 1686
1695119293058 691.0611572265625 1687
1695119293233 697.5302734375 1688
1695119293407 634.2256469726562 1689
1695119293581 612.3363037109375 1690
1695119293754 633.1143798828125 1691
1695119293927 634.5050659179688 1692
1695119294102 644.6458740234375 1693
1695119294276 706.4505004882812 1694
1695119294449 692.61376953125 1695
1695119294624 683.1995849609375 1696
1695119294798 652.762939453125 1697
1695119294972 660.509521484375 1698
1695119295145 684.78369140625 1699
1695119295318 623.6998291015625 1700
1695119299011 611.5171508789062 1701
1695119299197 718.498291015625 1702
1695119299382 725.6439208984375 1703
1695119299587 800.5640869140625 1704
1695119299776 665.0941162109375 1705
1695119299966 682.3248291015625 1706
1695119300156 645.0526123046875 1707
1695119300346 606.0595703125 1708
1695119300543 737.6466064453125 1709
1695119300738 650.0164184570312 1710
1695119300926 691.5242919921875 1711
1695119301117 663.6783447265625 1712
1695119301303 789.879150390625 1713
1695119301495 635.0256958007812 1714
1695119301670 703.7088623046875 1715
1695119301843 711.105712890625 1716
1695119302025 685.0863037109375 1717
1695119302214 700.9252319335938 1718
1695119302401 678.9959716796875 1719
1695119302591 653.5150146484375 1720
1695119302777 635.540771484375 1721
1695119302957 644.4152221679688 1722
1695119303135 649.3759155273438 1723
1695119303310 646.0103759765625 1724
1695119303487 655.2945556640625 1725
1695119303662 685.774169921875 1726
1695119303836 620.9689331054688 1727
1695119304012 686.2621459960938 1728
1695119304188 698.9143676757812 1729
1695119304360 665.0313720703125 1730
1695119304539 687.9896850585938 1731
1695119304713 681.8013916015625 1732
1695119304885 619.5469970703125 1733
1695119305063 677.5184936523438 1734
1695119305236 722.258056640625 1735
1695119305429 627.3613891601562 1736
1695119305618 701.2391967773438 1737
1695119305792 686.0269165039062 1738
1695119305967 584.1046142578125 1739
1695119306153 623.063720703125 1740
1695119306338 726.12744140625 1741
1695119306523 625.7017211914062 1742
1695119306705 619.5390625 1743
1695119306880 753.7470703125 1744
1695119307065 688.873291015625 1745
1695119307261 632.8172607421875 1746
1695119307449 634.4010009765625 1747
1695119307639 598.078857421875 1748
1695119307821 658.9755249023438 1749
1695119308016 655.1585693359375 1750
1695119308214 625.5611572265625 1751
1695119308388 582.9515991210938 1752
1695119308572 611.5010375976562 1753
1695119308754 674.0262451171875 1754
1695119308928 759.9483642578125 1755
1695119309101 680.9868774414062 1756
1695119309286 644.7664184570312 1757
1695119309471 656.2409057617188 1758
1695119309648 628.9404296875 1759
1695119309824 651.9631958007812 1760
1695119310001 596.8954467773438 1761
1695119310174 653.3151245117188 1762
1695119310348 686.8134765625 1763
1695119310521 646.208740234375 1764
1695119310697 635.4194946289062 1765
1695119310871 623.5682373046875 1766
1695119311047 661.4722900390625 1767
1695119311232 612.95703125 1768
1695119311412 646.5234375 1769
1695119311585 676.140380859375 1770
1695119311759 629.31884765625 1771
1695119311933 682.5449829101562 1772
1695119312106 608.1868286132812 1773
1695119312284 619.8035278320312 1774
1695119312476 570.3077392578125 1775
1695119312673 674.6873168945312 1776
1695119312863 703.8963623046875 1777
1695119313052 673.122314453125 1778
1695119313242 638.8759155273438 1779
1695119313433 655.521728515625 1780
1695119313623 680.5753784179688 1781
1695119313812 737.7354125976562 1782
1695119313989 731.7334594726562 1783
