1695119550779 3287.083984375 0
1695119554542 3172.92333984375 1
1695119554719 3078.258544921875 2
1695119554896 3268.94384765625 3
1695119555077 3126.170166015625 4
1695119555252 3081.19677734375 5
1695119555427 3434.466796875 6
1695119555602 3014.130615234375 7
1695119555777 3095.529052734375 8
1695119555953 2908.2275390625 9
1695119556130 3744.2900390625 10
1695119556306 5362.89599609375 11
1695119556482 2662.5400390625 12
1695119556657 3109.071533203125 13
1695119556830 3624.47998046875 14
1695119557007 3943.2490234375 15
1695119557180 3936.753173828125 16
1695119557354 3794.397705078125 17
1695119557532 2738.637939453125 18
1695119557708 2821.892822265625 19
1695119557887 10886.615234375 20
1695119558065 3236.472412109375 21
1695119558239 2957.01416015625 22
1695119558413 2434.561767578125 23
1695119558588 3301.7119140625 24
1695119558762 3181.2890625 25
1695119558936 3166.359375 26
1695119559111 2778.03173828125 27
1695119559285 3199.20458984375 28
1695119559461 2956.7431640625 29
1695119559652 3118.699462890625 30
1695119559837 2553.896728515625 31
1695119560025 4545.126953125 32
1695119560220 2465.365234375 33
1695119560411 3366.62939453125 34
1695119560583 2800.029296875 35
1695119560766 2532.33935546875 36
1695119560964 3188.301025390625 37
1695119561156 2515.3828125 38
1695119561339 2570.19140625 39
1695119561522 6290.50244140625 40
1695119561697 2199.268798828125 41
1695119561879 2146.8603515625 42
1695119562067 2335.80810546875 43
1695119562258 17309.35546875 44
1695119562434 3123.5771484375 45
1695119562613 2380.13232421875 46
1695119562789 2344.046875 47
1695119562968 2152.192138671875 48
1695119563144 2273.51318359375 49
1695119563321 2244.0986328125 50
1695119563511 2509.72998046875 51
1695119563699 6785.88720703125 52
1695119563889 2243.31982421875 53
1695119564075 4802.076171875 54
1695119564261 2726.27685546875 55
1695119564450 2762.377197265625 56
1695119564641 2102.84716796875 57
1695119564825 2278.631591796875 58
1695119565012 2111.50146484375 59
1695119565200 4030.96337890625 60
1695119565387 2627.555908203125 61
1695119565580 2144.198486328125 62
1695119565771 2589.040283203125 63
1695119565967 2186.803466796875 64
1695119566161 2193.73583984375 65
1695119566350 2215.75732421875 66
1695119566538 2204.232666015625 67
1695119566717 2187.8701171875 68
1695119566893 2126.685546875 69
1695119567069 2212.166259765625 70
1695119567245 2135.426513671875 71
1695119567419 2170.464111328125 72
1695119567594 2085.08935546875 73
1695119567768 2136.46337890625 74
1695119567943 74610.1484375 75
1695119568118 2149.2734375 76
1695119568291 2756.798828125 77
1695119568466 2180.4521484375 78
1695119568639 2151.060302734375 79
1695119568815 2008.4705810546875 80
1695119569002 59306.0 81
1695119569191 2307.043212890625 82
1695119569376 2159.48046875 83
1695119569564 2244.299560546875 84
1695119569755 62935.83203125 85
1695119569949 3263.336181640625 86
1695119570141 77387.484375 87
1695119570335 2184.536376953125 88
1695119570529 2181.47607421875 89
1695119570724 2134.541015625 90
1695119570901 2136.548828125 91
1695119571075 2196.10595703125 92
1695119571251 2251.90576171875 93
1695119571426 2189.940185546875 94
1695119571602 2089.086669921875 95
1695119571776 2184.872314453125 96
1695119571963 7753.36669921875 97
1695119572146 2198.69677734375 98
1695119572336 2160.6396484375 99
1695119572526 68700.8046875 100
1695119576547 2142.063720703125 101
1695119576724 2374.46533203125 102
1695119576899 2378.553955078125 103
1695119577073 2350.329833984375 104
1695119577260 2877.23583984375 105
1695119577448 2287.09521484375 106
1695119577641 2212.342041015625 107
1695119577830 2131.044677734375 108
1695119578023 2225.27001953125 109
1695119578219 37917.06640625 110
1695119578408 2489.43212890625 111
1695119578597 2023.2667236328125 112
1695119578774 2235.69482421875 113
1695119578951 2067.21484375 114
1695119579123 2293.62158203125 115
1695119579296 2341.920166015625 116
1695119579489 2240.95556640625 117
1695119579678 2026.4287109375 118
1695119579855 2104.2587890625 119
1695119580036 2284.217529296875 120
1695119580211 2054.140869140625 121
1695119580386 2051.98876953125 122
1695119580561 24432.578125 123
1695119580738 2219.4423828125 124
1695119580916 2172.106201171875 125
1695119581091 2063.34619140625 126
1695119581266 2289.794189453125 127
1695119581440 2136.696044921875 128
1695119581616 74850.4609375 129
1695119581791 8486.4501953125 130
1695119581965 63150.69921875 131
1695119582140 2138.36328125 132
1695119582314 2153.54931640625 133
1695119582488 2131.419677734375 134
1695119582662 2864.220703125 135
1695119582837 2155.91259765625 136
1695119583012 2047.405029296875 137
1695119583189 2247.23681640625 138
1695119583368 2361.6181640625 139
1695119583545 2683.54931640625 140
1695119583723 2215.031005859375 141
1695119583897 2153.09375 142
1695119584074 2136.028564453125 143
1695119584250 2259.563232421875 144
1695119584426 2188.85498046875 145
1695119584607 2134.69921875 146
1695119584783 2288.004150390625 147
1695119584957 2173.41943359375 148
1695119585133 42936.0703125 149
1695119585319 2343.774658203125 150
1695119585495 2183.8095703125 151
1695119585671 2185.6142578125 152
1695119585847 15172.0439453125 153
1695119586023 2282.626708984375 154
1695119586200 2133.574951171875 155
1695119586375 2142.35888671875 156
1695119586551 2265.36181640625 157
1695119586725 2190.151123046875 158
1695119586903 2178.76708984375 159
1695119587078 2134.541015625 160
1695119587254 2193.993408203125 161
1695119587430 2207.66552734375 162
1695119587606 2141.44970703125 163
1695119587783 2136.715087890625 164
1695119587958 2174.292724609375 165
1695119588132 2174.7763671875 166
1695119588307 2306.089599609375 167
1695119588480 2302.591064453125 168
1695119588655 2188.302978515625 169
1695119588829 2167.73828125 170
1695119589004 2139.776123046875 171
1695119589178 65132.5625 172
1695119589352 2311.2939453125 173
1695119589526 2192.156005859375 174
1695119589703 2208.5078125 175
1695119589879 70146.0703125 176
1695119590055 2184.4501953125 177
1695119590230 2195.7421875 178
1695119590407 2251.45849609375 179
1695119590585 2139.010498046875 180
1695119590760 2389.740234375 181
1695119590934 2277.798828125 182
1695119591109 2270.067626953125 183
1695119591284 2170.14404296875 184
1695119591459 2127.6064453125 185
1695119591634 2169.403564453125 186
1695119591809 2180.8583984375 187
1695119591984 4231.3193359375 188
1695119592159 2374.342041015625 189
1695119592336 2357.988525390625 190
1695119592513 2002.4681396484375 191
1695119592691 2287.3642578125 192
1695119592866 2169.850341796875 193
1695119593043 2192.603759765625 194
1695119593218 2659.80859375 195
1695119593394 2181.921630859375 196
1695119593571 2287.72314453125 197
1695119593747 2161.505126953125 198
1695119593924 2198.43310546875 199
1695119594099 2110.8681640625 200
1695119597938 2277.542236328125 201
1695119598114 2179.70947265625 202
1695119598291 2214.621826171875 203
1695119598466 2153.28955078125 204
1695119598640 3098.538818359375 205
1695119598817 75030.7421875 206
1695119599007 9642.5322265625 207
1695119599198 76671.453125 208
1695119599390 40773.57421875 209
1695119599582 2001.947509765625 210
1695119599759 2040.8873291015625 211
1695119599941 2363.408203125 212
1695119600127 4951.6220703125 213
1695119600306 2441.9228515625 214
1695119600481 2325.14794921875 215
1695119600659 2569.421875 216
1695119600840 2002.6005859375 217
1695119601014 2014.1646728515625 218
1695119601190 2504.632080078125 219
1695119601365 2405.69677734375 220
1695119601540 2422.708251953125 221
1695119601715 2014.478515625 222
1695119601892 2004.4417724609375 223
1695119602069 25689.552734375 224
1695119602245 2381.249755859375 225
1695119602423 2306.3779296875 226
1695119602597 14917.1435546875 227
1695119602774 12655.2568359375 228
1695119602955 2222.8330078125 229
1695119603136 55246.71484375 230
1695119603314 3198.61181640625 231
1695119603493 2006.0069580078125 232
1695119603669 51650.91015625 233
1695119603844 15460.767578125 234
1695119604020 2215.11181640625 235
1695119604199 13300.216796875 236
1695119604377 35151.95703125 237
1695119604557 3284.61376953125 238
1695119604738 2062.9521484375 239
1695119604917 2272.6376953125 240
1695119605097 2079.712890625 241
1695119605276 12087.02734375 242
1695119605452 2139.9453125 243
1695119605627 2002.340087890625 244
1695119605808 2325.52490234375 245
1695119605988 2260.996337890625 246
1695119606162 2348.7373046875 247
1695119606338 2269.271728515625 248
1695119606519 2129.109375 249
1695119606696 2268.37353515625 250
1695119606873 2260.04638671875 251
1695119607048 2349.29296875 252
1695119607224 12603.3193359375 253
1695119607399 2175.128173828125 254
1695119607575 2139.861083984375 255
1695119607763 2133.358154296875 256
1695119607952 2163.676513671875 257
1695119608143 2209.673828125 258
1695119608333 2142.728759765625 259
1695119608525 57231.14453125 260
1695119608711 2173.761474609375 261
1695119608894 39684.0703125 262
1695119609083 2156.62646484375 263
1695119609274 2180.4736328125 264
1695119609464 2183.030517578125 265
1695119609651 2162.714599609375 266
1695119609826 7889.71923828125 267
1695119610017 2244.584716796875 268
1695119610209 2237.318359375 269
1695119610400 3946.749267578125 270
1695119610590 72803.34375 271
1695119610782 2190.257080078125 272
1695119610970 2173.6923828125 273
1695119611169 2161.51171875 274
1695119611354 4440.8916015625 275
1695119611526 2167.989501953125 276
1695119611699 2041.82568359375 277
1695119611872 83760.03125 278
1695119612044 68344.671875 279
1695119612229 81227.984375 280
1695119612405 2011.509765625 281
1695119612593 2184.264404296875 282
1695119612771 2154.3037109375 283
1695119612960 2312.616455078125 284
1695119613148 2265.85693359375 285
1695119613342 2254.530517578125 286
1695119613534 12474.23828125 287
1695119613724 27657.712890625 288
1695119613922 12105.162109375 289
1695119614111 26421.181640625 290
1695119614298 2194.3740234375 291
1695119614480 2232.33740234375 292
1695119614657 2226.62939453125 293
1695119614830 2246.595458984375 294
1695119615006 2358.046630859375 295
1695119615180 2419.31640625 296
1695119615368 2480.93896484375 297
1695119615559 16188.99609375 298
1695119615735 2309.295166015625 299
1695119615922 2168.861083984375 300
1695119619802 2606.64892578125 301
1695119619982 3124.8212890625 302
1695119620158 2084.8349609375 303
1695119620333 2094.9580078125 304
1695119620509 2338.619873046875 305
1695119620686 6236.00439453125 306
1695119620865 2377.144775390625 307
1695119621045 2162.36083984375 308
1695119621222 2146.445068359375 309
1695119621404 2282.331787109375 310
1695119621580 2333.67236328125 311
1695119621755 2284.88037109375 312
1695119621937 2455.874267578125 313
1695119622120 8799.9814453125 314
1695119622313 19442.31640625 315
1695119622506 5454.59765625 316
1695119622702 4086.466064453125 317
1695119622897 7583.4970703125 318
1695119623088 11774.4560546875 319
1695119623278 10224.4765625 320
1695119623468 2517.281494140625 321
1695119623664 3134.4306640625 322
1695119623853 10137.97265625 323
1695119624044 2450.562744140625 324
1695119624238 13261.779296875 325
1695119624424 7362.87109375 326
1695119624596 2993.3974609375 327
1695119624769 2548.196533203125 328
1695119624955 12493.224609375 329
1695119625135 3296.694091796875 330
1695119625308 54393.88671875 331
1695119625483 2913.076416015625 332
1695119625655 8517.470703125 333
1695119625827 10380.1796875 334
1695119625998 2325.89892578125 335
1695119626172 2254.31787109375 336
1695119626345 7918.21630859375 337
1695119626518 2991.4521484375 338
1695119626690 6542.9951171875 339
1695119626865 3375.55908203125 340
1695119627053 2262.702880859375 341
1695119627240 2155.927001953125 342
1695119627433 3843.84033203125 343
1695119627624 5356.0576171875 344
1695119627813 2392.450927734375 345
1695119628004 2186.043701171875 346
1695119628198 2602.857421875 347
1695119628374 2721.8525390625 348
1695119628551 4507.4755859375 349
1695119628727 2401.0595703125 350
1695119628905 70179.8671875 351
1695119629079 2414.37158203125 352
1695119629252 2501.49560546875 353
1695119629437 3003.53466796875 354
1695119629626 2342.3935546875 355
1695119629820 2356.9267578125 356
1695119630008 2499.40380859375 357
1695119630196 2756.57080078125 358
1695119630393 2347.40380859375 359
1695119630574 2276.715576171875 360
1695119630750 2404.634033203125 361
1695119630935 2392.245849609375 362
1695119631121 17272.25 363
1695119631298 3551.75927734375 364
1695119631476 2499.6943359375 365
1695119631655 4580.2998046875 366
1695119631832 2588.799560546875 367
1695119632009 2228.61962890625 368
1695119632186 2396.667724609375 369
1695119632363 2432.864013671875 370
1695119632539 2340.919677734375 371
1695119632718 2333.713623046875 372
1695119632895 2376.3798828125 373
1695119633071 2417.40234375 374
1695119633248 2390.832763671875 375
1695119633425 2616.022216796875 376
1695119633600 5659.48876953125 377
1695119633775 2190.608642578125 378
1695119633954 2220.140380859375 379
1695119634131 2615.98095703125 380
1695119634307 2133.27783203125 381
1695119634486 2349.3779296875 382
1695119634662 3378.8291015625 383
1695119634837 12237.2529296875 384
1695119635012 2277.561279296875 385
1695119635188 6479.42236328125 386
1695119635365 2727.12255859375 387
1695119635540 2338.285400390625 388
1695119635718 25767.388671875 389
1695119635896 2193.397216796875 390
1695119636073 2053.178466796875 391
1695119636250 2272.56005859375 392
1695119636427 23511.66015625 393
1695119636603 2166.99267578125 394
1695119636779 2296.133544921875 395
1695119636955 2104.4716796875 396
1695119637132 2147.408447265625 397
1695119637307 2164.647216796875 398
1695119637487 2129.719970703125 399
1695119637665 26076.8671875 400
1695119641437 2596.18701171875 401
1695119641615 6033.89453125 402
1695119641790 2218.693359375 403
1695119641965 2719.93798828125 404
1695119642142 3442.83740234375 405
1695119642320 2524.72265625 406
1695119642494 4485.3701171875 407
1695119642670 3023.9814453125 408
1695119642848 2443.726318359375 409
1695119643024 2146.644287109375 410
1695119643202 2275.84033203125 411
1695119643383 2281.501220703125 412
1695119643560 2613.118896484375 413
1695119643736 2450.51708984375 414
1695119643912 16080.3193359375 415
1695119644090 2851.796630859375 416
1695119644267 25340.041015625 417
1695119644444 2227.947509765625 418
1695119644620 2085.87451171875 419
1695119644794 2310.569580078125 420
1695119644981 2317.075927734375 421
1695119645177 2215.443115234375 422
1695119645368 72963.5703125 423
1695119645562 2144.875 424
1695119645756 2588.137939453125 425
1695119645943 2463.054931640625 426
1695119646119 2326.26416015625 427
1695119646306 2130.784912109375 428
1695119646496 2414.56201171875 429
1695119646690 2222.77294921875 430
1695119646880 2269.403564453125 431
1695119647069 2258.295654296875 432
1695119647261 2267.020751953125 433
1695119647458 2474.685791015625 434
1695119647641 25287.66015625 435
1695119647814 2321.7802734375 436
1695119647988 2164.713134765625 437
1695119648162 2416.753662109375 438
1695119648334 24709.18359375 439
1695119648506 2163.871337890625 440
1695119648679 2259.328125 441
1695119648868 2271.893798828125 442
1695119649055 2319.409423828125 443
1695119649239 2285.98486328125 444
1695119649420 39896.3828125 445
1695119649595 5186.68701171875 446
1695119649767 2231.1201171875 447
1695119649942 2157.148193359375 448
1695119650131 2157.7880859375 449
1695119650331 2251.2958984375 450
1695119650517 2207.706298828125 451
1695119650702 2204.39306640625 452
1695119650893 2135.32763671875 453
1695119651082 2160.246337890625 454
1695119651268 2186.402099609375 455
1695119651448 32510.177734375 456
1695119651625 2190.539306640625 457
1695119651808 2231.93505859375 458
1695119651983 2214.49169921875 459
1695119652158 2273.568115234375 460
1695119652334 2238.769287109375 461
1695119652509 2164.03857421875 462
1695119652696 2161.029052734375 463
1695119652885 2315.778076171875 464
1695119653072 2182.957763671875 465
1695119653259 2036.24755859375 466
1695119653445 2215.639892578125 467
1695119653624 2178.2666015625 468
1695119653796 2163.365966796875 469
1695119653969 2169.38720703125 470
1695119654144 17654.498046875 471
1695119654331 2192.49169921875 472
1695119654524 2206.041015625 473
1695119654715 2129.472900390625 474
1695119654895 2199.421630859375 475
1695119655071 2195.072998046875 476
1695119655246 2363.87841796875 477
1695119655425 2251.11865234375 478
1695119655610 2294.419189453125 479
1695119655789 2189.0869140625 480
1695119655964 2159.3359375 481
1695119656138 4060.51708984375 482
1695119656311 2194.32421875 483
1695119656486 2232.921142578125 484
1695119656660 2157.6357421875 485
1695119656833 2192.895751953125 486
1695119657009 2253.49853515625 487
1695119657183 2305.27587890625 488
1695119657360 2146.037109375 489
1695119657550 2241.3134765625 490
1695119657742 2194.71044921875 491
1695119657931 2222.962158203125 492
1695119658110 2169.16455078125 493
1695119658286 2332.1064453125 494
