1695149832810 1829.841552734375 0
1695149836804 1804.430419921875 1
1695149837270 1764.977294921875 2
1695149837738 1711.4547119140625 3
1695149838208 1717.5662841796875 4
1695149838675 1548.5927734375 5
1695149839139 1451.809326171875 6
1695149839606 1311.718994140625 7
1695149840072 1253.64453125 8
1695149840539 1126.37646484375 9
1695149841004 1049.2420654296875 10
1695149841472 1019.431640625 11
1695149841938 950.4830322265625 12
1695149842408 866.806640625 13
1695149842878 863.999267578125 14
1695149843349 823.094482421875 15
1695149843818 850.7687377929688 16
1695149844289 781.2208251953125 17
1695149844756 758.6031494140625 18
1695149845224 718.4022827148438 19
1695149845695 691.3475341796875 20
1695149846164 848.8231201171875 21
1695149846632 787.8953857421875 22
1695149847104 674.6904296875 23
1695149847572 830.5960693359375 24
1695149848044 666.7156982421875 25
1695149848538 628.6397705078125 26
1695149849051 804.7298583984375 27
1695149849542 726.7557373046875 28
1695149850032 698.598388671875 29
1695149850516 591.0980224609375 30
1695149850991 605.5235595703125 31
1695149851460 669.1149291992188 32
1695149851928 668.499267578125 33
1695149852398 614.5240478515625 34
1695149852870 565.4696044921875 35
1695149853341 641.6014404296875 36
1695149853834 653.8871459960938 37
1695149854339 678.5863037109375 38
1695149854844 627.5489501953125 39
1695149855342 542.989501953125 40
1695149855838 611.4371337890625 41
1695149856352 614.7874145507812 42
1695149856867 595.1766357421875 43
1695149857388 595.2401123046875 44
1695149857885 533.3739013671875 45
1695149858368 539.571533203125 46
1695149858851 543.3216552734375 47
1695149859338 588.9095458984375 48
1695149859846 576.0633544921875 49
1695149860320 531.2337036132812 50
1695149860799 538.465576171875 51
1695149861282 514.5029907226562 52
1695149861771 532.2554321289062 53
1695149862250 615.5098876953125 54
1695149862765 589.3379516601562 55
1695149863241 566.564453125 56
1695149863742 497.9734191894531 57
1695149864216 568.318359375 58
1695149864688 503.21270751953125 59
1695149865180 527.341796875 60
1695149865662 503.10980224609375 61
1695149866188 561.9346923828125 62
1695149866670 490.5027770996094 63
1695149867144 561.592041015625 64
1695149867613 567.921630859375 65
1695149868083 504.756591796875 66
1695149868552 494.15155029296875 67
1695149869048 503.26129150390625 68
1695149869526 528.4100341796875 69
1695149870024 680.2535400390625 70
1695149870521 510.06488037109375 71
1695149871021 541.8160400390625 72
1695149871529 545.4822998046875 73
1695149872011 540.194580078125 74
1695149872489 494.43505859375 75
1695149872963 558.646728515625 76
1695149873457 564.663330078125 77
1695149873963 496.11517333984375 78
1695149874469 539.351806640625 79
1695149874977 480.9320068359375 80
1695149875448 528.87939453125 81
1695149875919 489.7152099609375 82
1695149876394 509.7613830566406 83
1695149876864 466.60894775390625 84
1695149877334 501.4322814941406 85
1695149877806 535.27490234375 86
1695149878274 518.4822998046875 87
1695149878744 472.54388427734375 88
1695149879212 473.32720947265625 89
1695149879679 490.22637939453125 90
1695149880155 517.7940063476562 91
1695149880628 447.64117431640625 92
1695149881098 440.8143310546875 93
1695149881568 453.76593017578125 94
1695149882039 461.5406799316406 95
1695149882508 530.2647705078125 96
1695149882976 503.9146423339844 97
1695149883444 479.4749755859375 98
1695149883916 502.635498046875 99
1695149884384 471.32080078125 100
1695149888346 494.8743896484375 101
1695149888815 452.0193176269531 102
1695149889295 450.42755126953125 103
1695149889817 497.8252258300781 104
1695149890347 468.9988098144531 105
1695149890879 459.1051940917969 106
1695149891381 481.72772216796875 107
1695149891877 441.1563415527344 108
1695149892359 516.731689453125 109
1695149892828 490.07452392578125 110
1695149893312 480.15869140625 111
1695149893818 456.06719970703125 112
1695149894324 430.6212463378906 113
1695149894822 431.034423828125 114
1695149895299 464.38995361328125 115
1695149895800 417.2449951171875 116
1695149896273 443.9376220703125 117
1695149896754 463.02410888671875 118
1695149897243 410.25201416015625 119
1695149897712 430.6941833496094 120
1695149898179 395.4354248046875 121
1695149898647 443.6112060546875 122
1695149899117 429.7245788574219 123
1695149899585 466.3443298339844 124
1695149900053 479.1759948730469 125
1695149900527 425.12066650390625 126
1695149900995 458.1048889160156 127
1695149901463 414.29473876953125 128
1695149901933 426.35980224609375 129
1695149902401 397.5016784667969 130
1695149902870 414.99127197265625 131
1695149903338 433.9992370605469 132
1695149903833 407.5142822265625 133
1695149904303 457.57659912109375 134
1695149904771 430.14654541015625 135
1695149905241 423.9404296875 136
1695149905712 394.25323486328125 137
1695149906182 398.06610107421875 138
1695149906653 379.92279052734375 139
1695149907120 434.25262451171875 140
1695149907587 421.6011047363281 141
1695149908057 408.322265625 142
1695149908528 385.91973876953125 143
1695149908996 432.43408203125 144
1695149909464 434.2139892578125 145
1695149909932 456.01702880859375 146
1695149910403 389.12811279296875 147
1695149910871 383.71099853515625 148
1695149911339 436.5623779296875 149
1695149911810 379.5268859863281 150
1695149912280 384.439208984375 151
1695149912748 493.5472412109375 152
1695149913216 376.8140869140625 153
1695149913703 373.56982421875 154
1695149914219 424.5755920410156 155
1695149914689 376.4173278808594 156
1695149915160 395.17822265625 157
1695149915629 381.28228759765625 158
1695149916100 370.0013427734375 159
1695149916569 388.6214599609375 160
1695149917037 411.4171142578125 161
1695149917507 389.52777099609375 162
1695149917977 404.0251770019531 163
1695149918445 357.62200927734375 164
1695149918916 383.81402587890625 165
1695149919384 400.77471923828125 166
1695149919852 387.02593994140625 167
1695149920323 348.1562194824219 168
1695149920791 357.6614685058594 169
1695149921259 405.8280944824219 170
1695149921729 380.70489501953125 171
1695149922199 440.10791015625 172
1695149922667 384.041015625 173
1695149923137 373.10406494140625 174
1695149923621 371.09375 175
1695149924108 363.44287109375 176
1695149924579 342.7850341796875 177
1695149925047 359.9548645019531 178
1695149925516 341.0318908691406 179
1695149925984 333.3187255859375 180
1695149926451 353.9018859863281 181
1695149926922 384.3172302246094 182
1695149927394 404.0583801269531 183
1695149927864 353.46221923828125 184
1695149928335 347.8064270019531 185
1695149928808 385.109619140625 186
1695149929279 393.8824462890625 187
1695149929747 370.1685485839844 188
1695149930215 378.305419921875 189
1695149930683 392.3427734375 190
1695149931155 334.12066650390625 191
1695149931623 357.8336181640625 192
1695149932093 337.6311950683594 193
1695149932563 373.6635437011719 194
1695149933032 372.28839111328125 195
1695149933500 364.31951904296875 196
1695149934000 381.55291748046875 197
1695149934470 351.3468322753906 198
1695149934940 351.3226623535156 199
1695149935408 346.271728515625 200
1695149939205 383.2865295410156 201
1695149939678 371.4154357910156 202
1695149940151 407.1588134765625 203
1695149940619 325.1945495605469 204
1695149941086 376.2083740234375 205
1695149941555 356.9364013671875 206
1695149942033 313.5640869140625 207
1695149942550 366.6990966796875 208
1695149943044 386.66668701171875 209
1695149943513 352.2169189453125 210
1695149944015 355.7984313964844 211
1695149944486 366.1440124511719 212
1695149944954 375.25048828125 213
1695149945435 334.1382141113281 214
1695149945917 343.6697082519531 215
1695149946388 323.6416320800781 216
1695149946855 401.7355041503906 217
1695149947323 359.0133972167969 218
1695149947791 338.0850830078125 219
1695149948259 334.0615234375 220
1695149948727 362.19146728515625 221
1695149949197 387.3600769042969 222
1695149949665 343.3306579589844 223
1695149950136 334.27862548828125 224
1695149950607 318.07159423828125 225
1695149951078 336.26666259765625 226
1695149951548 355.9073486328125 227
1695149952015 373.9117431640625 228
1695149952482 326.3566589355469 229
1695149952950 362.145751953125 230
1695149953419 351.32391357421875 231
1695149953919 328.53350830078125 232
1695149954387 316.58099365234375 233
1695149954855 350.5244445800781 234
1695149955323 385.02581787109375 235
1695149955793 351.9212646484375 236
1695149956265 361.3066711425781 237
1695149956732 349.59832763671875 238
1695149957203 330.0051574707031 239
1695149957671 398.5303039550781 240
1695149958139 382.5076904296875 241
1695149958616 318.8155517578125 242
1695149959138 319.98455810546875 243
1695149959639 340.9045104980469 244
1695149960131 325.34991455078125 245
1695149960614 331.9603271484375 246
1695149961111 318.293212890625 247
1695149961607 320.648681640625 248
1695149962107 314.9004821777344 249
1695149962579 363.16180419921875 250
1695149963070 320.2547607421875 251
1695149963542 347.6937255859375 252
1695149964048 316.36273193359375 253
1695149964516 353.86798095703125 254
1695149964985 317.8166809082031 255
1695149965455 303.4993591308594 256
1695149965925 329.08868408203125 257
1695149966397 350.3720703125 258
1695149966865 350.75189208984375 259
1695149967334 300.38427734375 260
1695149967803 381.82568359375 261
1695149968271 325.1846923828125 262
1695149968739 313.803466796875 263
1695149969210 299.9476013183594 264
1695149969679 345.5062561035156 265
1695149970149 339.4609375 266
1695149970621 302.75408935546875 267
1695149971088 308.77069091796875 268
1695149971556 343.25689697265625 269
1695149972025 308.732666015625 270
1695149972493 306.5619201660156 271
1695149972964 383.80010986328125 272
1695149973432 321.4797668457031 273
1695149973938 349.575439453125 274
1695149974409 315.8914794921875 275
1695149974882 294.84881591796875 276
1695149975353 290.6474914550781 277
1695149975820 347.962890625 278
1695149976289 304.0511474609375 279
1695149976757 324.12664794921875 280
1695149977226 326.6651611328125 281
1695149977696 307.04962158203125 282
1695149978168 326.30792236328125 283
1695149978635 313.8951416015625 284
1695149979104 351.02783203125 285
1695149979572 318.70947265625 286
1695149980041 299.5780944824219 287
1695149980510 324.73480224609375 288
1695149980981 339.6773681640625 289
1695149981449 328.8321228027344 290
1695149981917 335.606689453125 291
1695149982391 305.07427978515625 292
1695149982859 298.9522705078125 293
1695149983327 354.7276916503906 294
1695149983826 325.6252746582031 295
1695149984294 341.3855285644531 296
1695149984764 366.86572265625 297
1695149985231 337.0657958984375 298
1695149985699 339.436279296875 299
1695149986169 315.084228515625 300
1695149989927 308.10638427734375 301
1695149990400 295.1552734375 302
1695149990866 327.8385009765625 303
1695149991334 359.09326171875 304
1695149991802 319.585205078125 305
1695149992278 315.45989990234375 306
1695149992749 322.6153259277344 307
1695149993219 305.860595703125 308
1695149993723 338.7908935546875 309
1695149994190 308.1126708984375 310
1695149994658 308.2478942871094 311
1695149995125 352.71728515625 312
1695149995593 317.6864929199219 313
1695149996093 301.484375 314
1695149996628 342.8446350097656 315
1695149997105 295.3882141113281 316
1695149997588 291.88201904296875 317
1695149998062 329.42236328125 318
1695149998535 303.3105163574219 319
1695149999008 284.02288818359375 320
1695149999485 306.5511169433594 321
1695149999959 357.5190124511719 322
1695150000439 318.6420593261719 323
1695150000918 342.2813720703125 324
1695150001390 306.551025390625 325
1695150001864 284.032470703125 326
1695150002337 300.11444091796875 327
1695150002808 276.691162109375 328
1695150003275 352.7598876953125 329
1695150003770 317.8131103515625 330
1695150004268 360.80145263671875 331
1695150004740 331.02301025390625 332
1695150005208 320.3119201660156 333
1695150005675 284.51336669921875 334
1695150006144 295.3601989746094 335
1695150006642 295.14495849609375 336
1695150007124 284.11248779296875 337
1695150007599 306.80010986328125 338
1695150008083 298.87152099609375 339
1695150008598 307.05780029296875 340
1695150009073 302.83245849609375 341
1695150009573 292.20806884765625 342
1695150010051 324.11181640625 343
1695150010521 312.1980895996094 344
1695150010992 310.9051513671875 345
1695150011463 291.2905578613281 346
1695150011932 296.1899108886719 347
1695150012403 317.6005859375 348
1695150012871 276.1934509277344 349
1695150013339 308.185791015625 350
1695150013810 282.83953857421875 351
1695150014278 290.7351989746094 352
1695150014752 268.51593017578125 353
1695150015221 304.9598388671875 354
1695150015688 288.6996765136719 355
1695150016157 313.7640686035156 356
1695150016625 297.9642028808594 357
1695150017093 327.541748046875 358
1695150017561 303.74481201171875 359
1695150018031 293.34661865234375 360
1695150018499 295.4967041015625 361
1695150018968 323.03314208984375 362
1695150019438 310.12310791015625 363
1695150019908 267.4669494628906 364
1695150020377 282.31573486328125 365
1695150020846 292.3684387207031 366
1695150021314 295.77032470703125 367
1695150021783 297.38818359375 368
1695150022252 300.81011962890625 369
1695150022723 295.45086669921875 370
1695150023191 301.73565673828125 371
1695150023660 291.77484130859375 372
1695150024131 284.87255859375 373
1695150024600 266.7379150390625 374
1695150025069 299.30267333984375 375
1695150025537 288.1029052734375 376
1695150026011 310.5296936035156 377
1695150026483 284.38238525390625 378
1695150026951 292.84796142578125 379
1695150027423 275.5865478515625 380
1695150027890 285.5283203125 381
1695150028358 272.4685974121094 382
1695150028826 295.9756164550781 383
1695150029293 304.07965087890625 384
1695150029761 270.60943603515625 385
1695150030229 273.4908752441406 386
1695150030698 286.0654296875 387
1695150031171 270.64337158203125 388
1695150031639 300.7158203125 389
1695150032106 291.17559814453125 390
1695150032575 278.09698486328125 391
1695150033045 293.5921936035156 392
1695150033513 271.4645690917969 393
1695150033984 318.03564453125 394
1695150034452 284.4369812011719 395
1695150034920 305.1756591796875 396
1695150035391 302.50347900390625 397
1695150035859 310.4593811035156 398
1695150036327 276.2072448730469 399
1695150036797 281.1488952636719 400
1695150040710 295.0279541015625 401
1695150041180 316.911376953125 402
1695150041649 295.466064453125 403
1695150042119 292.4750061035156 404
1695150042590 262.36151123046875 405
1695150043058 303.3052978515625 406
1695150043527 303.2637939453125 407
1695150043995 307.86236572265625 408
1695150044465 284.05596923828125 409
1695150044934 264.29736328125 410
1695150045404 285.05877685546875 411
1695150045875 289.08648681640625 412
1695150046343 294.6416931152344 413
1695150046812 295.35333251953125 414
1695150047280 293.0271301269531 415
1695150047750 296.769287109375 416
1695150048219 305.071044921875 417
1695150048688 284.6317138671875 418
1695150049161 319.357666015625 419
1695150049634 313.3706970214844 420
1695150050106 269.9738464355469 421
1695150050575 293.71868896484375 422
1695150051044 282.1614685058594 423
1695150051513 286.4424743652344 424
1695150051982 278.44586181640625 425
1695150052451 291.93682861328125 426
1695150052924 280.28875732421875 427
1695150053393 256.87493896484375 428
1695150053863 275.6060791015625 429
1695150054331 297.9296569824219 430
1695150054801 263.8150634765625 431
1695150055269 292.60650634765625 432
1695150055739 280.6861572265625 433
1695150056208 264.06072998046875 434
1695150056675 297.8076171875 435
1695150057145 284.3968505859375 436
1695150057619 282.4140625 437
1695150058087 247.98776245117188 438
1695150058555 277.7613220214844 439
1695150059023 249.10931396484375 440
1695150059491 266.0820007324219 441
1695150059965 271.6239318847656 442
1695150060434 278.5968017578125 443
1695150060902 305.8898010253906 444
1695150061370 256.0049133300781 445
1695150061838 285.33758544921875 446
1695150062308 276.35809326171875 447
1695150062776 266.35113525390625 448
1695150063247 275.715087890625 449
1695150063715 285.79705810546875 450
1695150064187 276.6243896484375 451
1695150064655 291.05743408203125 452
1695150065123 259.02313232421875 453
1695150065592 255.80191040039062 454
1695150066060 260.61395263671875 455
1695150066532 269.6469421386719 456
1695150067000 277.05865478515625 457
1695150067468 265.2201232910156 458
1695150067938 252.24781799316406 459
1695150068406 252.37887573242188 460
1695150068876 265.1922912597656 461
1695150069346 274.1617736816406 462
1695150069814 276.73175048828125 463
1695150070283 278.8921203613281 464
1695150070754 274.5811767578125 465
1695150071223 282.8897705078125 466
1695150071695 272.05474853515625 467
1695150072162 285.46978759765625 468
1695150072630 288.41192626953125 469
1695150073102 290.4252014160156 470
1695150073570 288.02276611328125 471
1695150074038 287.46246337890625 472
1695150074508 282.50445556640625 473
1695150074977 281.949462890625 474
1695150075446 275.51885986328125 475
1695150075914 264.36328125 476
1695150076385 286.40142822265625 477
1695150076853 258.3867492675781 478
1695150077322 271.1954345703125 479
1695150077789 250.64019775390625 480
1695150078260 307.59930419921875 481
1695150078728 258.91851806640625 482
1695150079196 260.4881896972656 483
1695150079666 258.9022216796875 484
1695150080137 276.54638671875 485
1695150080610 284.75482177734375 486
1695150081078 262.0610046386719 487
1695150081546 268.0050354003906 488
1695150082014 263.9837646484375 489
1695150082482 271.77276611328125 490
1695150082951 252.52618408203125 491
1695150083420 271.8775634765625 492
1695150083890 251.86782836914062 493
1695150084358 281.0607604980469 494
1695150084832 274.6350402832031 495
1695150085299 254.54017639160156 496
1695150085768 272.4298400878906 497
1695150086236 264.3328552246094 498
1695150086704 248.35256958007812 499
1695150087193 270.42608642578125 500
1695150091159 254.56777954101562 501
1695150091626 265.7535400390625 502
1695150092093 294.3011169433594 503
1695150092562 297.4447021484375 504
1695150093031 262.14300537109375 505
1695150093503 253.20619201660156 506
1695150094063 273.3476257324219 507
1695150094546 281.8070068359375 508
1695150095018 276.2747497558594 509
1695150095495 249.91452026367188 510
1695150096005 265.4394836425781 511
1695150096481 246.2658233642578 512
1695150096952 251.314697265625 513
1695150097420 256.0184020996094 514
1695150097888 276.6875 515
1695150098356 250.42271423339844 516
1695150098825 251.13113403320312 517
1695150099295 268.7716979980469 518
1695150099763 250.90213012695312 519
1695150100236 277.0552978515625 520
1695150100707 274.2198486328125 521
1695150101178 267.75836181640625 522
1695150101648 248.20803833007812 523
1695150102120 274.87701416015625 524
1695150102589 266.439453125 525
1695150103058 237.24786376953125 526
1695150103529 276.5486145019531 527
1695150104032 256.8302917480469 528
1695150104503 264.2921142578125 529
1695150104972 244.09544372558594 530
1695150105441 257.4709777832031 531
1695150105913 260.9721984863281 532
1695150106384 290.05615234375 533
1695150106852 245.26370239257812 534
1695150107321 253.6724853515625 535
1695150107792 260.34893798828125 536
1695150108261 257.5315856933594 537
1695150108729 265.4961242675781 538
1695150109225 262.0521240234375 539
1695150109697 250.72894287109375 540
1695150110186 256.67401123046875 541
1695150110663 271.318115234375 542
1695150111132 305.4536437988281 543
1695150111599 255.96820068359375 544
1695150112068 234.08338928222656 545
1695150112536 254.55718994140625 546
1695150113005 259.75927734375 547
1695150113479 229.78199768066406 548
1695150113978 251.13137817382812 549
1695150114446 247.10792541503906 550
1695150114915 257.1100769042969 551
1695150115386 256.279296875 552
1695150115854 245.41403198242188 553
1695150116322 289.572509765625 554
1695150116790 264.94256591796875 555
1695150117258 254.79290771484375 556
1695150117726 258.8287048339844 557
1695150118196 258.5318603515625 558
1695150118664 266.2770690917969 559
1695150119133 267.311767578125 560
1695150119601 271.0860290527344 561
1695150120070 252.40176391601562 562
1695150120538 245.3087158203125 563
1695150121010 244.6112060546875 564
1695150121478 251.22801208496094 565
1695150121947 278.2777099609375 566
1695150122417 299.5948486328125 567
1695150122887 260.3006896972656 568
1695150123386 240.24278259277344 569
1695150123887 244.25794982910156 570
1695150124357 299.0517883300781 571
1695150124829 235.15269470214844 572
1695150125298 271.8973388671875 573
1695150125767 243.24237060546875 574
1695150126235 269.55145263671875 575
1695150126705 251.72589111328125 576
1695150127174 231.36573791503906 577
1695150127643 268.5177917480469 578
1695150128110 235.56008911132812 579
1695150128580 245.655029296875 580
1695150129049 240.2693328857422 581
1695150129518 241.6819610595703 582
1695150129989 271.2147521972656 583
1695150130458 256.78662109375 584
1695150130928 269.758056640625 585
1695150131399 243.62774658203125 586
1695150131894 249.7889862060547 587
1695150132365 251.00283813476562 588
1695150132834 254.1947021484375 589
1695150133302 256.79290771484375 590
1695150133811 231.1573028564453 591
1695150134292 273.9195556640625 592
1695150134760 237.35357666015625 593
1695150135230 245.64747619628906 594
1695150135699 261.730224609375 595
1695150136176 243.0664520263672 596
1695150136654 238.89125061035156 597
1695150137120 234.42999267578125 598
1695150137589 243.900390625 599
1695150138059 286.84442138671875 600
1695150141792 253.89537048339844 601
1695150142259 282.13507080078125 602
1695150142725 230.73016357421875 603
1695150143200 246.51370239257812 604
1695150143699 271.0562744140625 605
1695150144186 249.49481201171875 606
1695150144663 250.7162628173828 607
1695150145135 230.02197265625 608
1695150145613 253.39996337890625 609
1695150146084 230.6688995361328 610
1695150146553 230.65159606933594 611
1695150147037 225.70840454101562 612
1695150147505 234.236572265625 613
1695150147972 240.0025177001953 614
1695150148439 250.40383911132812 615
1695150148906 264.763671875 616
1695150149378 264.04339599609375 617
1695150149850 245.7530975341797 618
1695150150318 269.34173583984375 619
1695150150786 258.98583984375 620
1695150151255 240.66307067871094 621
1695150151724 278.9602966308594 622
1695150152200 257.083984375 623
1695150152673 241.73141479492188 624
1695150153143 224.42593383789062 625
1695150153625 248.90061950683594 626
1695150154121 235.11949157714844 627
1695150154611 237.8315887451172 628
1695150155081 226.4217071533203 629
1695150155574 250.57846069335938 630
1695150156091 230.76959228515625 631
1695150156575 245.5765380859375 632
1695150157068 239.0953369140625 633
1695150157552 236.08834838867188 634
1695150158030 247.39425659179688 635
1695150158537 238.61241149902344 636
1695150159046 229.1779327392578 637
1695150159517 221.17056274414062 638
1695150160008 239.5775604248047 639
1695150160496 260.9566955566406 640
1695150160975 251.83270263671875 641
1695150161448 232.67369079589844 642
1695150161918 288.6864013671875 643
1695150162395 235.32638549804688 644
1695150162863 249.82066345214844 645
1695150163330 239.6498565673828 646
1695150163798 280.8118896484375 647
1695150164267 262.13726806640625 648
1695150164736 254.98712158203125 649
1695150165206 242.5688018798828 650
1695150165677 256.0484924316406 651
1695150166150 234.502197265625 652
1695150166618 232.8206329345703 653
1695150167090 229.14492797851562 654
1695150167560 238.52700805664062 655
1695150168034 220.10748291015625 656
1695150168504 247.40200805664062 657
1695150168973 257.45794677734375 658
1695150169444 243.3964080810547 659
