1694175881473 0.9785691499710083 0
1694175882925 0.8377639055252075 1
1694175884338 0.6846297979354858 2
1694175885733 0.5979792475700378 3
1694175887129 0.4928807318210602 4
1694175888537 0.4889221787452698 5
1694175889937 0.45089977979660034 6
1694175891341 0.4639272689819336 7
1694175892734 0.5448476076126099 8
1694175894145 0.5728402137756348 9
1694175895558 0.5347851514816284 10
1694175896971 0.5062447786331177 11
1694175898385 0.46902480721473694 12
1694175899814 0.4359953701496124 13
1694175901218 0.42538878321647644 14
1694175902616 0.4348244369029999 15
1694175904026 0.4078878164291382 16
1694175905420 0.3977820575237274 17
1694175906819 0.38623112440109253 18
1694175908220 0.37786903977394104 19
1694175909624 0.37418287992477417 20
1694175911020 0.3696536123752594 21
1694175912432 0.3554736077785492 22
1694175913822 0.32568618655204773 23
1694175915225 0.3314931392669678 24
1694175916622 0.33832016587257385 25
1694175918015 0.30903491377830505 26
1694175919412 0.3162570893764496 27
1694175920817 0.28913789987564087 28
1694175922219 0.27556493878364563 29
1694175923630 0.2726210057735443 30
1694175925045 0.3044445514678955 31
1694175926580 0.27601006627082825 32
1694175928012 0.293628066778183 33
1694175929463 0.30875876545906067 34
1694175930899 0.25484490394592285 35
1694175932320 0.25907817482948303 36
1694175933742 0.27590125799179077 37
1694175935176 0.26447582244873047 38
1694175936599 0.22844329476356506 39
1694175938028 0.2255803644657135 40
1694175939459 0.2304825633764267 41
1694175940895 0.22132210433483124 42
1694175942309 0.22169335186481476 43
1694175943733 0.20084236562252045 44
1694175945163 0.2241782248020172 45
1694175946600 0.20774072408676147 46
1694175948032 0.21784570813179016 47
1694175949443 0.21120421588420868 48
1694175950871 0.19279177486896515 49
1694175952439 0.1980753242969513 50
1694175953888 0.2024332582950592 51
1694175955332 0.2345811277627945 52
1694175956741 0.19262675940990448 53
1694175958396 0.19469179213047028 54
1694175959901 0.196982741355896 55
1694175961359 0.19164033234119415 56
1694175962772 0.18504130840301514 57
1694175964180 0.18742969632148743 58
1694175965663 0.18669238686561584 59
1694175967099 0.1730128824710846 60
1694175968521 0.20393602550029755 61
1694175970118 0.1702437847852707 62
1694175971792 0.16942088305950165 63
1694175973236 0.1859155148267746 64
1694175974683 0.17947940528392792 65
1694175976127 0.1654352843761444 66
1694175977693 0.17506112158298492 67
1694175979214 0.17326226830482483 68
1694175980681 0.15973637998104095 69
1694175982340 0.1552553027868271 70
1694175984033 0.18093998730182648 71
1694175985469 0.16037440299987793 72
1694175986887 0.17710036039352417 73
1694175988303 0.17858555912971497 74
1694175989923 0.15387070178985596 75
1694175991357 0.17493438720703125 76
1694175992874 0.18229354918003082 77
1694175994394 0.16233877837657928 78
1694175995959 0.17443205416202545 79
1694175997449 0.1948765218257904 80
1694175998864 0.2079624980688095 81
1694176000404 0.1996913105249405 82
1694176002255 0.23987740278244019 83
1694176003795 0.23622308671474457 84
1694176005223 0.22349506616592407 85
1694176006662 0.22608470916748047 86
1694176008106 0.20881550014019012 87
1694176009796 0.23614057898521423 88
1694176011212 0.23391377925872803 89
1694176012622 0.24538370966911316 90
1694176014039 0.3115212619304657 91
1694176015454 0.5192674398422241 92
1694176016867 0.28394028544425964 93
1694176018269 0.3218689262866974 94
1694176019868 0.36684828996658325 95
1694176021280 0.46133214235305786 96
1694176022690 0.3716667592525482 97
1694176024126 0.3713507056236267 98
1694176025631 0.34265774488449097 99
1694176027047 0.3548028767108917 100
1694176028464 0.3560715913772583 101
1694176030073 0.33716532588005066 102
1694176031497 0.3099132776260376 103
1694176032901 0.32367581129074097 104
1694176034313 0.32706090807914734 105
1694176035731 0.34818539023399353 106
1694176037154 0.32316258549690247 107
1694176038570 0.3144207298755646 108
1694176040186 0.31967833638191223 109
1694176041605 0.3320073187351227 110
1694176043022 0.3115246295928955 111
1694176044437 0.31747332215309143 112
1694176045844 0.33102014660835266 113
1694176047250 0.3618967831134796 114
1694176048659 0.34360095858573914 115
1694176050284 0.29775166511535645 116
1694176051705 0.38553744554519653 117
1694176053126 0.34550875425338745 118
1694176054532 0.34007859230041504 119
1694176055946 0.3493371903896332 120
1694176057361 0.28728654980659485 121
1694176058775 0.29082074761390686 122
1694176060304 0.26669901609420776 123
1694176061720 0.2957417368888855 124
1694176063130 0.289913535118103 125
1694176064540 0.2930605709552765 126
1694176065951 0.2970060110092163 127
1694176067371 0.300746887922287 128
1694176068779 0.28562161326408386 129
1694176070305 0.2929057776927948 130
1694176071717 0.3207150995731354 131
1694176073139 0.3258569836616516 132
1694176074565 0.3217858076095581 133
1694176076066 0.3339039981365204 134
1694176077486 0.31204351782798767 135
1694176078903 0.3099781572818756 136
1694176080345 0.3244623839855194 137
1694176081759 0.3483850061893463 138
1694176083167 0.3394149839878082 139
1694176084587 0.3328664302825928 140
1694176086000 0.3349165916442871 141
1694176087433 0.31748273968696594 142
1694176088861 0.3505111634731293 143
1694176090313 0.3416431248188019 144
1694176091742 0.3261916935443878 145
1694176093165 0.3431418836116791 146
1694176094582 0.30442357063293457 147
1694176096000 0.3187375068664551 148
1694176097415 0.28026774525642395 149
1694176098832 0.31103235483169556 150
1694176100298 0.33544623851776123 151
1694176101710 0.3386409282684326 152
1694176103124 0.31809404492378235 153
1694176104540 0.31062740087509155 154
1694176105973 0.318755567073822 155
1694176107394 0.32019954919815063 156
1694176108820 0.3034013509750366 157
1694176110306 0.30592772364616394 158
1694176111729 0.2819894254207611 159
1694176113139 0.29817667603492737 160
1694176114549 0.2830023169517517 161
1694176115968 0.30348512530326843 162
1694176117386 0.31462767720222473 163
1694176118811 0.33543094992637634 164
1694176120353 0.3230358064174652 165
1694176121768 0.330005943775177 166
1694176123181 0.296965628862381 167
1694176124604 0.3062465488910675 168
1694176126013 0.29718950390815735 169
1694176127437 0.28264373540878296 170
1694176128858 0.2969661355018616 171
1694176130307 0.29760366678237915 172
1694176131724 0.3097573220729828 173
1694176133133 0.3346201479434967 174
1694176134555 0.28314468264579773 175
1694176135981 0.3021877706050873 176
1694176137407 0.314012348651886 177
1694176138828 0.2747946083545685 178
1694176140320 0.3037039637565613 179
1694176141748 0.25083962082862854 180
1694176143159 0.30196860432624817 181
1694176144577 0.30582568049430847 182
1694176145990 0.305909663438797 183
1694176147414 0.2890715003013611 184
1694176148835 0.2769840955734253 185
1694176150303 0.31653717160224915 186
1694176151727 0.3457663953304291 187
1694176153153 0.33365777134895325 188
1694176154576 0.28373000025749207 189
1694176155986 0.3301887512207031 190
1694176157416 0.3067946434020996 191
1694176158841 0.3231748342514038 192
1694176160301 0.31132808327674866 193
1694176161710 0.298786997795105 194
1694176163114 0.28854650259017944 195
1694176164535 0.298628568649292 196
1694176165968 0.2927725613117218 197
1694176167389 0.3252451717853546 198
1694176168801 0.32808104157447815 199
1694176170376 0.30921265482902527 200
1694176171789 0.31490734219551086 201
1694176173207 0.2940811514854431 202
1694176174619 0.26779696345329285 203
1694176176035 0.28251922130584717 204
1694176177439 0.3184927701950073 205
1694176178855 0.327571302652359 206
1694176180306 0.28384315967559814 207
1694176181733 0.29386967420578003 208
1694176183155 0.27674636244773865 209
1694176184582 0.31129658222198486 210
1694176185996 0.29308512806892395 211
1694176187429 0.29591798782348633 212
1694176188857 0.28351786732673645 213
1694176190308 0.2950499653816223 214
1694176191734 0.296428382396698 215
1694176193160 0.2900443375110626 216
1694176194584 0.3100004196166992 217
1694176196009 0.29542115330696106 218
1694176197442 0.2824467122554779 219
1694176198854 0.2777993381023407 220
1694176200316 0.28946444392204285 221
1694176201838 0.29258209466934204 222
1694176203474 0.29951807856559753 223
1694176204966 0.2638441026210785 224
1694176206443 0.3011234998703003 225
1694176207906 0.3087083399295807 226
1694176209383 0.2670568525791168 227
1694176210884 0.27953973412513733 228
1694176212361 0.2758979797363281 229
1694176213818 0.262480765581131 230
1694176215348 0.2808879613876343 231
1694176216804 0.29304686188697815 232
1694176218252 0.288692831993103 233
1694176219873 0.2601606249809265 234
1694176221290 0.26901936531066895 235
1694176222708 0.30034977197647095 236
1694176224137 0.27591025829315186 237
1694176225572 0.24572183191776276 238
1694176227002 0.2663154900074005 239
1694176228421 0.2780415713787079 240
1694176230042 0.27726539969444275 241
1694176231468 0.2652001976966858 242
1694176232892 0.27095097303390503 243
1694176234327 0.2515866160392761 244
1694176235761 0.30005767941474915 245
1694176237200 0.30527910590171814 246
1694176238615 0.26507845520973206 247
1694176240242 0.29069802165031433 248
1694176241672 0.2695963680744171 249
1694176243101 0.28044846653938293 250
1694176244525 0.2733117640018463 251
1694176245932 0.28125759959220886 252
1694176247351 0.2830905318260193 253
1694176248779 0.2547942101955414 254
1694176250340 0.2936647832393646 255
1694176251783 0.3046855926513672 256
1694176253219 0.30168408155441284 257
1694176254655 0.31414350867271423 258
1694176256079 0.25743478536605835 259
1694176257513 0.23901952803134918 260
1694176258942 0.2626045346260071 261
1694176260393 0.27626833319664 262
1694176261823 0.3124890923500061 263
1694176263250 0.3026655912399292 264
1694176264693 0.27307671308517456 0
1694176266215 0.28356122970581055 1
1694176267658 0.2651534378528595 2
1694176269081 0.29379069805145264 3
1694176270548 0.2981916069984436 4
1694176271986 0.2800394892692566 5
1694176273425 0.26052239537239075 6
1694176274858 0.229807049036026 7
1694176276298 0.23848159611225128 8
1694176277742 0.24063953757286072 9
1694176279172 0.2808817923069 10
1694176280640 0.32167214155197144 11
1694176282081 0.2773684859275818 12
1694176283525 0.292646586894989 13
1694176284960 0.26613491773605347 14
1694176286404 0.24381384253501892 15
1694176287822 0.22947555780410767 16
1694176289278 0.22808216512203217 17
1694176290743 0.24895276129245758 18
1694176292189 0.24880598485469818 19
1694176293649 0.2710598111152649 20
1694176295093 0.28571099042892456 21
1694176296535 0.2591182291507721 22
1694176297973 0.25129610300064087 23
1694176299412 0.25409576296806335 24
1694176300873 0.21701648831367493 25
1694176302313 0.2594309151172638 26
1694176303750 0.3102364242076874 27
1694176305191 0.2850961983203888 28
1694176306613 0.26412081718444824 29
1694176308041 0.22699780762195587 30
1694176309479 0.23315319418907166 31
1694176311057 0.2447289675474167 32
1694176312492 0.26143506169319153 33
1694176313925 0.2664596438407898 34
1694176315361 0.22428514063358307 35
1694176316808 0.23974111676216125 36
1694176318252 0.2468806505203247 37
1694176319892 0.24543055891990662 38
1694176321344 0.22192299365997314 39
1694176322785 0.2485773116350174 40
1694176324270 0.23701602220535278 41
1694176325735 0.27105894684791565 42
1694176327190 0.27006807923316956 43
1694176328627 0.2609792947769165 44
1694176330256 0.2609527111053467 45
1694176331699 0.24467001855373383 46
1694176333143 0.20993809401988983 47
1694176334591 0.22661258280277252 48
1694176336049 0.2465481460094452 49
1694176337499 0.24579468369483948 50
1694176338950 0.2585917115211487 51
1694176340412 0.2594558894634247 52
1694176341854 0.25682488083839417 53
1694176343301 0.22879959642887115 54
1694176344754 0.22506403923034668 55
1694176346207 0.24146303534507751 56
1694176347640 0.23022690415382385 57
1694176349079 0.2381906360387802 58
1694176350552 0.25477319955825806 59
1694176351989 0.2322351038455963 60
1694176353423 0.22738707065582275 61
1694176354913 0.2154320478439331 62
1694176356464 0.2502109408378601 63
1694176357917 0.23722204566001892 64
1694176359386 0.2263202667236328 65
1694176360832 0.22335854172706604 66
1694176362371 0.23392745852470398 67
1694176363821 0.24931900203227997 68
1694176365284 0.20993348956108093 69
1694176366740 0.23243314027786255 70
1694176368195 0.24902817606925964 71
1694176369675 0.2635825574398041 72
1694176371121 0.23109708726406097 73
1694176372585 0.22742848098278046 74
1694176374034 0.2231447845697403 75
1694176375493 0.24337013065814972 76
1694176376937 0.27103686332702637 77
1694176378412 0.2668229937553406 78
1694176379883 0.2539580762386322 79
1694176381331 0.23559129238128662 80
1694176382783 0.2319866567850113 81
1694176384231 0.20016153156757355 82
1694176385808 0.2437787503004074 83
1694176387246 0.2544906735420227 84
1694176388692 0.2793067395687103 85
1694176390297 0.2697897255420685 86
1694176391755 0.22213397920131683 87
1694176393194 0.19586163759231567 88
1694176394637 0.21082580089569092 89
1694176396070 0.2136499285697937 90
1694176397511 0.25939008593559265 91
1694176398959 0.2378276288509369 92
1694176400411 0.25309425592422485 93
1694176401844 0.2619771957397461 94
1694176403288 0.24227653443813324 95
1694176404741 0.2647261619567871 96
1694176406276 0.23730602860450745 97
1694176407839 0.22095122933387756 98
1694176409313 0.22416938841342926 99
1694176410785 0.22042033076286316 100
1694176412242 0.22067509591579437 101
1694176413687 0.21323680877685547 102
1694176415133 0.2607688307762146 103
1694176416685 0.23132075369358063 104
1694176418183 0.2600788176059723 105
1694176419864 0.23134586215019226 106
1694176421316 0.2414780706167221 107
1694176422779 0.2385810762643814 108
1694176424266 0.216422438621521 109
1694176425773 0.22049753367900848 110
1694176427220 0.22334375977516174 111
1694176428691 0.23588845133781433 112
1694176430136 0.21442249417304993 113
1694176431566 0.23831616342067719 114
1694176433179 0.24279680848121643 115
1694176434654 0.24720044434070587 116
1694176436129 0.22438330948352814 117
1694176437564 0.21933694183826447 118
1694176438988 0.20677156746387482 119
1694176440467 0.2267356961965561 120
1694176441917 0.22377480566501617 121
1694176443378 0.23196932673454285 122
1694176444822 0.23959589004516602 123
1694176446269 0.22910022735595703 124
1694176447742 0.2387174665927887 125
1694176449178 0.22366799414157867 126
1694176450652 0.22044263780117035 127
1694176452097 0.23780882358551025 128
1694176453544 0.2280168980360031 129
1694176454988 0.23416341841220856 130
1694176456415 0.21588927507400513 131
1694176457846 0.23193217813968658 132
1694176459378 0.22640220820903778 133
1694176460861 0.22978730499744415 134
1694176462293 0.2126830816268921 135
1694176463727 0.23097386956214905 136
1694176465179 0.21498584747314453 137
1694176466635 0.22414836287498474 138
1694176468111 0.2152332216501236 139
1694176469672 0.25661659240722656 140
1694176471123 0.20104709267616272 141
1694176472575 0.217402383685112 142
1694176474044 0.22176715731620789 143
1694176475481 0.24681279063224792 144
1694176476921 0.21839162707328796 145
1694176478353 0.2085874229669571 146
1694176479822 0.21939648687839508 147
1694176481377 0.20415230095386505 148
1694176482822 0.23374393582344055 149
1694176484297 0.23809514939785004 150
1694176485786 0.23081082105636597 151
1694176487233 0.2323378175497055 152
1694176488663 0.20724385976791382 153
1694176490367 0.20249390602111816 154
1694176491824 0.22273358702659607 155
1694176493284 0.21938064694404602 156
1694176494803 0.24036021530628204 157
1694176496308 0.2268322855234146 158
1694176497826 0.21852917969226837 159
1694176499315 0.21329562366008759 160
1694176500843 0.20735713839530945 161
1694176502303 0.19256918132305145 162
1694176503751 0.20511381328105927 163
1694176505318 0.24082176387310028 164
1694176506846 0.24609166383743286 165
1694176508293 0.23151838779449463 166
1694176509919 0.23021510243415833 167
1694176511389 0.21526820957660675 168
1694176512829 0.2054753452539444 169
1694176514263 0.24302531778812408 170
1694176515711 0.24246709048748016 171
1694176517153 0.22001585364341736 172
1694176518597 0.23824605345726013 173
1694176520218 0.23631227016448975 174
1694176521659 0.22605125606060028 175
1694176523090 0.19291239976882935 176
1694176524523 0.20585179328918457 177
1694176525957 0.23201079666614532 178
1694176527440 0.22133700549602509 179
1694176528982 0.23651617765426636 180
1694176530542 0.22659066319465637 181
1694176532130 0.20881809294223785 182
1694176533579 0.20219872891902924 183
1694176535032 0.22245071828365326 184
1694176536499 0.19533944129943848 185
1694176537945 0.22550734877586365 186
1694176539380 0.223723366856575 187
1694176540852 0.23533384501934052 188
1694176542294 0.24645556509494781 189
1694176543734 0.22452563047409058 190
1694176545172 0.23811222612857819 191
1694176546604 0.2106558084487915 192
1694176548039 0.21922847628593445 193
1694176549530 0.1977948397397995 194
1694176551191 0.21790391206741333 195
1694176552639 0.23659680783748627 196
1694176554074 0.21253949403762817 197
1694176555527 0.19515018165111542 198
1694176557058 0.24059852957725525 199
1694176558492 0.2794160544872284 200
1694176560132 0.2359861135482788 201
1694176561661 0.19550611078739166 202
1694176563242 0.20797064900398254 203
1694176564732 0.182424858212471 204
1694176566171 0.23359239101409912 205
1694176567659 0.23387494683265686 206
1694176569121 0.24270662665367126 207
1694176570693 0.2500426471233368 208
1694176572174 0.2129785567522049 209
1694176573688 0.20020027458667755 210
1694176575175 0.2109384834766388 211
1694176576675 0.23003649711608887 212
1694176578140 0.21558170020580292 213
1694176579732 0.21827411651611328 214
1694176581269 0.21966136991977692 215
1694176582783 0.21611721813678741 216
1694176584242 0.24373029172420502 217
1694176585792 0.27124232053756714 218
1694176587228 0.247263565659523 219
1694176588666 0.2373587042093277 220
1694176590271 0.20865371823310852 221
1694176591736 0.19373194873332977 222
1694176593192 0.21686311066150665 223
1694176594629 0.23916636407375336 224
1694176596056 0.23951388895511627 225
1694176597506 0.2374059110879898 226
1694176598952 0.2249392569065094 227
1694176600404 0.23126253485679626 228
1694176601852 0.24111472070217133 229
1694176603379 0.23690634965896606 230
1694176604805 0.22821195423603058 231
1694176606265 0.193414106965065 232
1694176607712 0.2178383469581604 233
1694176609149 0.2136867642402649 234
1694176610618 0.2317434549331665 235
1694176612063 0.2190311700105667 236
1694176613503 0.1995593160390854 237
1694176614926 0.19871588051319122 238
1694176616350 0.20694617927074432 239
1694176617782 0.2140064239501953 240
1694176619211 0.24288341403007507 241
1694176620699 0.22013123333454132 242
1694176622168 0.2152751088142395 243
1694176623617 0.18918782472610474 244
1694176625100 0.20174573361873627 245
1694176626550 0.23419015109539032 246
1694176627977 0.22786469757556915 247
1694176629421 0.23298923671245575 248
1694176630879 0.20438377559185028 249
1694176632314 0.20130303502082825 250
1694176633747 0.24362777173519135 251
1694176635188 0.24306651949882507 252
1694176636627 0.22345511615276337 253
1694176638063 0.223431795835495 254
1694176639512 0.20334458351135254 255
1694176640951 0.24458979070186615 256
1694176642387 0.2177422046661377 257
1694176643823 0.20913073420524597 258
1694176645280 0.21204915642738342 259
1694176646704 0.23880162835121155 260
1694176648140 0.2432790994644165 261
1694176649569 0.2300906479358673 262
1694176650996 0.22546051442623138 263
1694176652439 0.23452644050121307 264
