1694175881475 0.16264507174491882 0
1694175882926 0.7296680808067322 1
1694175884339 1.3263075351715088 2
1694175885734 2.7025976181030273 3
1694175887130 4.414092063903809 4
1694175888539 5.943449974060059 5
1694175889938 7.269527912139893 6
1694175891342 8.206820487976074 7
1694175892735 9.160017967224121 8
1694175894146 9.897236824035645 9
1694175895559 10.271766662597656 10
1694175896972 10.841141700744629 11
1694175898387 11.209519386291504 12
1694175899815 11.39077091217041 13
1694175901219 11.510823249816895 14
1694175902617 11.585814476013184 15
1694175904027 11.64803695678711 16
1694175905421 11.782966613769531 17
1694175906820 11.441280364990234 18
1694175908221 11.522635459899902 19
1694175909625 11.434368133544922 20
1694175911021 11.24195384979248 21
1694175912433 11.342293739318848 22
1694175913823 10.86417007446289 23
1694175915226 10.932087898254395 24
1694175916623 10.689085006713867 25
1694175918016 10.495013236999512 26
1694175919413 10.2303466796875 27
1694175920818 9.913729667663574 28
1694175922220 9.812396049499512 29
1694175923632 9.493888854980469 30
1694175925046 9.273283004760742 31
1694175926581 9.128456115722656 32
1694175928014 8.832624435424805 33
1694175929464 8.388012886047363 34
1694175930900 8.417522430419922 35
1694175932322 8.21858024597168 36
1694175933743 7.5357747077941895 37
1694175935177 7.280580997467041 38
1694175936600 7.237983226776123 39
1694175938030 6.9494500160217285 40
1694175939460 6.673466205596924 41
1694175940897 6.292332649230957 42
1694175942311 6.062203407287598 43
1694175943734 5.8232903480529785 44
1694175945164 5.56968879699707 45
1694175946601 5.295971870422363 46
1694175948033 5.075862407684326 47
1694175949444 4.6997270584106445 48
1694175950872 4.494510650634766 49
1694175952440 4.306872844696045 50
1694175953889 3.9575061798095703 51
1694175955333 3.737926959991455 52
1694175956742 3.5491385459899902 53
1694175958398 3.2184689044952393 54
1694175959902 2.9022061824798584 55
1694175961360 2.6903250217437744 56
1694175962773 2.504173994064331 57
1694175964181 2.2250707149505615 58
1694175965664 2.011723041534424 59
1694175967100 1.8128670454025269 60
1694175968522 1.5740877389907837 61
1694175970120 1.324826717376709 62
1694175971794 1.1203502416610718 63
1694175973237 0.8817339539527893 64
1694175974684 0.6286510229110718 65
1694175976129 0.43205153942108154 66
1694175977694 0.25102880597114563 67
1694175979215 0.052205923944711685 68
1694175980682 -0.16028790175914764 69
1694175982341 -0.3098292946815491 70
1694175984034 -0.4792444705963135 71
1694175985470 -0.6406652927398682 72
1694175986888 -0.8020285964012146 73
1694175988304 -0.9419253468513489 74
1694175989924 -1.0711584091186523 75
1694175991358 -1.2026103734970093 76
1694175992876 -1.3041861057281494 77
1694175994395 -1.4093177318572998 78
1694175995960 -1.4848003387451172 79
1694175997450 -1.5115233659744263 80
1694175998865 -1.505142092704773 81
1694176000405 -1.5009351968765259 82
1694176002257 -1.525810956954956 83
1694176003797 -1.5126279592514038 84
1694176005224 -1.5174522399902344 85
1694176006665 -1.4417484998703003 86
1694176008107 -1.421285629272461 87
1694176009797 -1.3314270973205566 88
1694176011214 -1.2754380702972412 89
1694176012623 -1.5587568283081055 90
1694176014041 -1.446266531944275 91
1694176015456 -2.675480604171753 92
1694176016868 -2.383253335952759 93
1694176018270 -2.5821564197540283 94
1694176019870 -2.811983346939087 95
1694176021282 -2.849040985107422 96
1694176022691 -2.7817389965057373 97
1694176024127 -2.6340482234954834 98
1694176025632 -2.618981122970581 99
1694176027048 -2.4204890727996826 100
1694176028466 -2.35573148727417 101
1694176030074 -2.306654453277588 102
1694176031498 -2.1677308082580566 103
1694176032902 -2.050808906555176 104
1694176034315 -2.054837226867676 105
1694176035732 -1.8645551204681396 106
1694176037156 -1.7719649076461792 107
1694176038571 -1.6816294193267822 108
1694176040187 -1.4993536472320557 109
1694176041606 -1.4638041257858276 110
1694176043024 -1.2871840000152588 111
1694176044439 -1.1748487949371338 112
1694176045846 -1.1570894718170166 113
1694176047252 -1.1686338186264038 114
1694176048660 -0.9990870356559753 115
1694176050285 -2.115034580230713 116
1694176051706 -1.4950448274612427 117
1694176053127 -2.0805506706237793 118
1694176054533 -2.3757240772247314 119
1694176055947 -2.53879451751709 120
1694176057362 -2.529047966003418 121
1694176058776 -2.3749263286590576 122
1694176060306 -2.3182928562164307 123
1694176061721 -2.230099678039551 124
1694176063131 -2.12544584274292 125
1694176064541 -1.976991057395935 126
1694176065953 -1.8832491636276245 127
1694176067372 -1.933327078819275 128
1694176068780 -1.7220573425292969 129
1694176070306 -1.6430972814559937 130
1694176071719 -1.5498954057693481 131
1694176073140 -1.45296049118042 132
1694176074566 -1.4529719352722168 133
1694176076068 -1.250933051109314 134
1694176077487 -1.235121726989746 135
1694176078904 -1.2067984342575073 136
1694176080347 -1.0794140100479126 137
1694176081760 -1.0233628749847412 138
1694176083168 -1.0322246551513672 139
1694176084588 -1.0296282768249512 140
1694176086002 -0.9007150530815125 141
1694176087435 -1.0011333227157593 142
1694176088862 -0.8670216798782349 143
1694176090314 -0.8284542560577393 144
1694176091744 -0.9294704794883728 145
1694176093166 -0.828728437423706 146
1694176094583 -0.7480781078338623 147
1694176096001 -0.6836965680122375 148
1694176097416 -0.864108145236969 149
1694176098833 -0.7143657207489014 150
1694176100300 -0.6423460245132446 151
1694176101711 -0.6737321019172668 152
1694176103125 -0.6793460249900818 153
1694176104541 -0.7055971622467041 154
1694176105974 -0.6173892617225647 155
1694176107395 -0.6128330826759338 156
1694176108821 -0.5794011950492859 157
1694176110308 -0.5753453373908997 158
1694176111730 -0.6740206480026245 159
1694176113140 -0.6083406805992126 160
1694176114550 -0.6654999256134033 161
1694176115969 -0.5809603333473206 162
1694176117387 -0.5900872945785522 163
1694176118812 -0.5295641422271729 164
1694176120354 -0.5356432199478149 165
1694176121769 -0.49689996242523193 166
1694176123182 -0.5325767397880554 167
1694176124606 -0.5340745449066162 168
1694176126014 -0.5280332565307617 169
1694176127439 -0.5502598881721497 170
1694176128860 -0.515507161617279 171
1694176130309 -0.5500240921974182 172
1694176131725 -0.5041606426239014 173
1694176133134 -0.45990264415740967 174
1694176134556 -0.5602837204933167 175
1694176135983 -0.48233744502067566 176
1694176137409 -0.5373522043228149 177
1694176138829 -0.5554097890853882 178
1694176140321 -0.4735969305038452 179
1694176141749 -0.5494384169578552 180
1694176143160 -0.5298036336898804 181
1694176144579 -0.5099359154701233 182
1694176145991 -0.4365377426147461 183
1694176147415 -0.510572612285614 184
1694176148836 -0.554358959197998 185
1694176150304 -0.5048865079879761 186
1694176151728 -0.5852652788162231 187
1694176153154 -0.5097646117210388 188
1694176154577 -0.5448102355003357 189
1694176155987 -0.4988715946674347 190
1694176157417 -0.5104414820671082 191
1694176158842 -0.44632861018180847 192
1694176160302 -0.4478208124637604 193
1694176161711 -0.5341375470161438 194
1694176163116 -0.5043390393257141 195
1694176164536 -0.4832899272441864 196
1694176165970 -0.5122115015983582 197
1694176167390 -0.4469529688358307 198
1694176168803 -0.4614834487438202 199
1694176170377 -0.49358171224594116 200
1694176171790 -0.42104437947273254 201
1694176173208 -0.43639621138572693 202
1694176174620 -0.48655369877815247 203
1694176176037 -0.4806671738624573 204
1694176177440 -0.42532873153686523 205
1694176178857 -0.4269826114177704 206
1694176180307 -0.5085936188697815 207
1694176181735 -0.4411953091621399 208
1694176183157 -0.49613648653030396 209
1694176184584 -0.46640604734420776 210
1694176185997 -0.547806978225708 211
1694176187430 -0.40954524278640747 212
1694176188858 -0.4910469949245453 213
1694176190310 -0.46753132343292236 214
1694176191736 -0.494745671749115 215
1694176193162 -0.45126113295555115 216
1694176194586 -0.43473362922668457 217
1694176196010 -0.44330593943595886 218
1694176197443 -0.47327324748039246 219
1694176198855 -0.43092039227485657 220
1694176200318 -0.46080267429351807 221
1694176201839 -0.3933035731315613 222
1694176203475 -0.4375077188014984 223
1694176204967 -0.4444071054458618 224
1694176206444 -0.4207073748111725 225
1694176207908 -0.39465266466140747 226
1694176209385 -0.43537309765815735 227
1694176210885 -0.40767717361450195 228
1694176212362 -0.451980322599411 229
1694176213819 -0.5263532400131226 230
1694176215350 -0.4211154580116272 231
1694176216805 -0.39619356393814087 232
1694176218253 -0.409988135099411 233
1694176219874 -0.45224133133888245 234
1694176221292 -0.41679131984710693 235
1694176222709 -0.3751269280910492 236
1694176224138 -0.4032161831855774 237
1694176225573 -0.4729655086994171 238
1694176227003 -0.4153422713279724 239
1694176228422 -0.4251163601875305 240
1694176230043 -0.4158555269241333 241
1694176231470 -0.42382848262786865 242
1694176232894 -0.39627453684806824 243
1694176234328 -0.48478737473487854 244
1694176235762 -0.3692707121372223 245
1694176237201 -0.4475656747817993 246
1694176238616 -0.4948197603225708 247
1694176240243 -0.4024403691291809 248
1694176241674 -0.4599325656890869 249
1694176243102 -0.4598012864589691 250
1694176244527 -0.47662439942359924 251
1694176245933 -0.4230116009712219 252
1694176247352 -0.46054232120513916 253
1694176248780 -0.629987895488739 254
1694176250341 -0.42502135038375854 255
1694176251784 -0.3975094258785248 256
1694176253220 -0.3816993534564972 257
1694176254657 -0.37640181183815 258
1694176256080 -0.4512292742729187 259
1694176257514 -0.4790945053100586 260
1694176258943 -0.4534527063369751 261
1694176260395 -0.46102413535118103 262
1694176261824 -0.3858787715435028 263
1694176263251 -0.3765367567539215 264
1694176264694 -0.4359283447265625 0
1694176266216 -0.3963921368122101 1
1694176267660 -0.43042248487472534 2
1694176269083 -0.3845582604408264 3
1694176270550 -0.38816899061203003 4
1694176271988 -0.3882750868797302 5
1694176273426 -0.41428443789482117 6
1694176274860 -0.4240691363811493 7
1694176276299 -0.4574539065361023 8
1694176277743 -0.4723026752471924 9
1694176279173 -0.3825158178806305 10
1694176280641 -0.3517937660217285 11
1694176282082 -0.40466123819351196 12
1694176283526 -0.3708097040653229 13
1694176284962 -0.38174471259117126 14
1694176286406 -0.4258018732070923 15
1694176287823 -0.4236360490322113 16
1694176289279 -0.4498317241668701 17
1694176290745 -0.42872458696365356 18
1694176292190 -0.41401946544647217 19
1694176293650 -0.3844537138938904 20
1694176295094 -0.3764379918575287 21
1694176296536 -0.39841780066490173 22
1694176297974 -0.3951227068901062 23
1694176299414 -0.41376951336860657 24
1694176300874 -0.4830620586872101 25
1694176302314 -0.40212732553482056 26
1694176303752 -0.3500935435295105 27
1694176305192 -0.38102200627326965 28
1694176306614 -0.39583471417427063 29
1694176308042 -0.4445459246635437 30
1694176309481 -0.4283003807067871 31
1694176311058 -0.41551706194877625 32
1694176312493 -0.38996395468711853 33
1694176313926 -0.40239012241363525 34
1694176315363 -0.4405495822429657 35
1694176316809 -0.40921255946159363 36
1694176318254 -0.41768935322761536 37
1694176319893 -0.4061116874217987 38
1694176321346 -0.4424656331539154 39
1694176322787 -0.4227467179298401 40
1694176324271 -0.4149700105190277 41
1694176325736 -0.3923906087875366 42
1694176327191 -0.3797113299369812 43
1694176328628 -0.4043906629085541 44
1694176330257 -0.40021634101867676 45
1694176331701 -0.4080764651298523 46
1694176333144 -0.47344082593917847 47
1694176334592 -0.4384426176548004 48
1694176336050 -0.41044124960899353 49
1694176337500 -0.4134887456893921 50
1694176338951 -0.4116688072681427 51
1694176340413 -0.40324679017066956 52
1694176341855 -0.3880986273288727 53
1694176343302 -0.42751607298851013 54
1694176344755 -0.446759432554245 55
1694176346208 -0.42508646845817566 56
1694176347641 -0.43642082810401917 57
1694176349081 -0.4029830992221832 58
1694176350553 -0.3998972177505493 59
1694176351991 -0.42753899097442627 60
1694176353424 -0.4293217957019806 61
1694176354914 -0.43793705105781555 62
1694176356465 -0.41478243470191956 63
1694176357918 -0.42463418841362 64
1694176359387 -0.4331439137458801 65
1694176360833 -0.43379515409469604 66
1694176362372 -0.4291836619377136 67
1694176363822 -0.41855186223983765 68
1694176365285 -0.49700120091438293 69
1694176366741 -0.4178561568260193 70
1694176368196 -0.40890491008758545 71
1694176369676 -0.4056805968284607 72
1694176371122 -0.4446423053741455 73
1694176372586 -0.43289750814437866 74
1694176374036 -0.4626314342021942 75
1694176375494 -0.41350454092025757 76
1694176376938 -0.40236756205558777 77
1694176378413 -0.4054179787635803 78
1694176379884 -0.41175487637519836 79
1694176381333 -0.4362538456916809 80
1694176382784 -0.44234421849250793 81
1694176384233 -0.48836371302604675 82
1694176385810 -0.4461451768875122 83
1694176387248 -0.40345561504364014 84
1694176388693 -0.3928127884864807 85
1694176390298 -0.3980090916156769 86
1694176391756 -0.44686007499694824 87
1694176393195 -0.47337254881858826 88
1694176394638 -0.46821680665016174 89
1694176396072 -0.47681525349617004 90
1694176397512 -0.41853922605514526 91
1694176398960 -0.4357191324234009 92
1694176400412 -0.42205777764320374 93
1694176401846 -0.4111684560775757 94
1694176403290 -0.4313957095146179 95
1694176404742 -0.4011988639831543 96
1694176406277 -0.43681082129478455 97
1694176407840 -0.4468688666820526 98
1694176409314 -0.4515550434589386 99
1694176410786 -0.46201422810554504 100
1694176412243 -0.46976977586746216 101
1694176413688 -0.47693556547164917 102
1694176415134 -0.4135310649871826 103
1694176416686 -0.4376664161682129 104
1694176418184 -0.40739309787750244 105
1694176419865 -0.44193920493125916 106
1694176421317 -0.42727553844451904 107
1694176422781 -0.4278242290019989 108
1694176424267 -0.47564053535461426 109
1694176425774 -0.4462165832519531 110
1694176427222 -0.45833268761634827 111
1694176428692 -0.4451572299003601 112
1694176430137 -0.47288674116134644 113
1694176431568 -0.41988301277160645 114
1694176433180 -0.42578649520874023 115
1694176434655 -0.43237605690956116 116
1694176436130 -0.44784626364707947 117
1694176437566 -0.45177045464515686 118
1694176438989 -0.4681592583656311 119
1694176440468 -0.44646963477134705 120
1694176441918 -0.45698514580726624 121
1694176443379 -0.4410194158554077 122
1694176444823 -0.4471150040626526 123
1694176446271 -0.44312533736228943 124
1694176447744 -0.44321078062057495 125
1694176449180 -0.451304167509079 126
1694176450655 -0.46364307403564453 127
1694176452100 -0.44113510847091675 128
1694176453545 -0.4511817693710327 129
1694176454990 -0.4498380422592163 130
1694176456417 -0.4538086950778961 131
1694176457848 -0.4483175575733185 132
1694176459379 -0.4459364116191864 133
1694176460863 -0.4496479332447052 134
1694176462294 -0.4616551399230957 135
1694176463728 -0.4484975337982178 136
1694176465180 -0.4856089949607849 137
1694176466636 -0.44573092460632324 138
1694176468113 -0.46422022581100464 139
1694176469674 -0.42111507058143616 140
1694176471124 -0.4800304174423218 141
1694176472576 -0.4823806881904602 142
1694176474045 -0.4592166244983673 143
1694176475482 -0.43950405716896057 144
1694176476923 -0.45617547631263733 145
1694176478354 -0.47612524032592773 146
1694176479823 -0.4640941321849823 147
1694176481378 -0.48908936977386475 148
1694176482823 -0.4573342800140381 149
1694176484299 -0.446973592042923 150
1694176485787 -0.4511258900165558 151
1694176487234 -0.454059898853302 152
1694176488664 -0.473286509513855 153
1694176490369 -0.5016459822654724 154
1694176491825 -0.4550803303718567 155
1694176493286 -0.46875807642936707 156
1694176494805 -0.4453802704811096 157
1694176496310 -0.46038615703582764 158
1694176497827 -0.4696601331233978 159
1694176499316 -0.4673961400985718 160
1694176500845 -0.4727746844291687 161
1694176502305 -0.49979832768440247 162
1694176503753 -0.49354007840156555 163
1694176505319 -0.4600590169429779 164
1694176506847 -0.4423132836818695 165
1694176508295 -0.4642881751060486 166
1694176509920 -0.4623136818408966 167
1694176511390 -0.48009634017944336 168
1694176512830 -0.4922002851963043 169
1694176514264 -0.4507356882095337 170
1694176515712 -0.4509599506855011 171
1694176517154 -0.4855920076370239 172
1694176518598 -0.4687389135360718 173
1694176520219 -0.45557528734207153 174
1694176521662 -0.4618609547615051 175
1694176523092 -0.5053677558898926 176
1694176524525 -0.4935409724712372 177
1694176525958 -0.45933088660240173 178
1694176527442 -0.48036348819732666 179
1694176528983 -0.45687758922576904 180
1694176530543 -0.46652981638908386 181
1694176532131 -0.49353745579719543 182
1694176533581 -0.4904109537601471 183
1694176535033 -0.47522711753845215 184
1694176536500 -0.5149596929550171 185
1694176537946 -0.4713013768196106 186
1694176539382 -0.4764440059661865 187
1694176540853 -0.46694040298461914 188
1694176542295 -0.46925368905067444 189
1694176543736 -0.4745921790599823 190
1694176545173 -0.46276184916496277 191
1694176546605 -0.48819562792778015 192
1694176548040 -0.4782400131225586 193
1694176549532 -0.49773088097572327 194
1694176551192 -0.4774770140647888 195
1694176552640 -0.4596009850502014 196
1694176554076 -0.5006276965141296 197
1694176555528 -0.5162355899810791 198
1694176557060 -0.47457629442214966 199
1694176558493 -0.4290008544921875 200
1694176560133 -0.46620768308639526 201
1694176561662 -0.5090944170951843 202
1694176563243 -0.49210280179977417 203
1694176564733 -0.530057430267334 204
1694176566172 -0.48332807421684265 205
1694176567660 -0.48394230008125305 206
1694176569123 -0.45804136991500854 207
1694176570694 -0.45647573471069336 208
1694176572175 -0.5056464076042175 209
1694176573689 -0.5110584497451782 210
1694176575177 -0.5025699138641357 211
1694176576678 -0.4783214330673218 212
1694176578141 -0.4949754774570465 213
1694176579733 -0.4940783977508545 214
1694176581271 -0.4946272075176239 215
1694176582784 -0.5041748881340027 216
1694176584244 -0.4834565818309784 217
1694176585793 -0.45151275396347046 218
1694176587229 -0.4733617901802063 219
1694176588667 -0.4838334918022156 220
1694176590272 -0.5009977221488953 221
1694176591738 -0.5306918621063232 222
1694176593193 -0.5052372217178345 223
1694176594630 -0.49368831515312195 224
1694176596058 -0.4813233017921448 225
1694176597509 -0.48451876640319824 226
1694176598953 -0.4931510090827942 227
1694176600405 -0.4904443621635437 228
1694176601854 -0.4748733341693878 229
1694176603380 -0.48326602578163147 230
1694176604806 -0.4966290295124054 231
1694176606266 -0.5370482206344604 232
1694176607713 -0.5018295049667358 233
1694176609150 -0.49966344237327576 234
1694176610619 -0.48101475834846497 235
1694176612064 -0.5067035555839539 236
1694176613504 -0.5190051198005676 237
1694176614927 -0.5172158479690552 238
1694176616351 -0.5116046667098999 239
1694176617784 -0.5049678683280945 240
1694176619212 -0.47934746742248535 241
1694176620701 -0.4991387128829956 242
1694176622169 -0.5127187967300415 243
1694176623619 -0.5414834022521973 244
1694176625101 -0.5205811262130737 245
1694176626551 -0.48881134390830994 246
1694176627978 -0.49721866846084595 247
1694176629422 -0.49505501985549927 248
1694176630880 -0.5250084400177002 249
1694176632315 -0.5452173948287964 250
1694176633748 -0.47880831360816956 251
1694176635189 -0.48949986696243286 252
1694176636629 -0.5172149538993835 253
1694176638064 -0.5114443898200989 254
1694176639514 -0.5225751399993896 255
1694176640952 -0.5018651485443115 256
1694176642388 -0.5112811923027039 257
1694176643825 -0.5410734415054321 258
1694176645281 -0.5291870832443237 259
1694176646705 -0.4973713755607605 260
1694176648141 -0.49333131313323975 261
1694176649570 -0.49990877509117126 262
1694176650997 -0.5076996684074402 263
1694176652441 -0.5038608312606812 264
