1694175881476 1.1412142515182495 0
1694175882927 1.567431926727295 1
1694175884340 2.010937213897705 2
1694175885735 3.30057692527771 3
1694175887132 4.906972885131836 4
1694175888540 6.432372093200684 5
1694175889939 7.720427513122559 6
1694175891343 8.670747756958008 7
1694175892736 9.704865455627441 8
1694175894147 10.470077514648438 9
1694175895560 10.806551933288574 10
1694175896974 11.347386360168457 11
1694175898388 11.678544044494629 12
1694175899816 11.826766014099121 13
1694175901220 11.936211585998535 14
1694175902618 12.020638465881348 15
1694175904029 12.055924415588379 16
1694175905422 12.18074893951416 17
1694175906821 11.82751178741455 18
1694175908222 11.900504112243652 19
1694175909626 11.808550834655762 20
1694175911022 11.611607551574707 21
1694175912434 11.69776725769043 22
1694175913824 11.18985652923584 23
1694175915227 11.263581275939941 24
1694175916624 11.02740478515625 25
1694175918017 10.804048538208008 26
1694175919414 10.54660415649414 27
1694175920819 10.20286750793457 28
1694175922221 10.087961196899414 29
1694175923633 9.766510009765625 30
1694175925047 9.577727317810059 31
1694175926582 9.40446662902832 32
1694175928015 9.126252174377441 33
1694175929465 8.696771621704102 34
1694175930901 8.672367095947266 35
1694175932323 8.47765827178955 36
1694175933744 7.811676025390625 37
1694175935183 7.5450568199157715 38
1694175936601 7.466426372528076 39
1694175938031 7.17503023147583 40
1694175939461 6.903948783874512 41
1694175940898 6.513654708862305 42
1694175942312 6.2838969230651855 43
1694175943735 6.02413272857666 44
1694175945165 5.793867111206055 45
1694175946602 5.5037126541137695 46
1694175948034 5.293708324432373 47
1694175949445 4.91093111038208 48
1694175950873 4.687302589416504 49
1694175952442 4.504948139190674 50
1694175953890 4.159939289093018 51
1694175955334 3.972508192062378 52
1694175956743 3.741765260696411 53
1694175958399 3.413160800933838 54
1694175959903 3.099188804626465 55
1694175961361 2.881965398788452 56
1694175962774 2.6892151832580566 57
1694175964182 2.4125003814697266 58
1694175965665 2.198415517807007 59
1694175967107 1.985879898071289 60
1694175968523 1.7780237197875977 61
1694175970121 1.495070457458496 62
1694175971795 1.2897710800170898 63
1694175973238 1.067649483680725 64
1694175974685 0.8081304430961609 65
1694175976130 0.5974868535995483 66
1694175977695 0.42608994245529175 67
1694175979216 0.22546818852424622 68
1694175980683 -0.0005515217781066895 69
1694175982343 -0.15457399189472198 70
1694175984035 -0.2983044981956482 71
1694175985471 -0.48029088973999023 72
1694175986889 -0.6249282360076904 73
1694175988305 -0.7633397579193115 74
1694175989926 -0.9172877073287964 75
1694175991359 -1.027675986289978 76
1694175992877 -1.1218925714492798 77
1694175994396 -1.246978998184204 78
1694175995961 -1.310368299484253 79
1694175997451 -1.3166468143463135 80
1694175998866 -1.2971795797348022 81
1694176000406 -1.3012439012527466 82
1694176002258 -1.285933494567871 83
1694176003798 -1.276404857635498 84
1694176005225 -1.293957233428955 85
1694176006667 -1.2156637907028198 86
1694176008108 -1.2124701738357544 87
1694176009798 -1.09528648853302 88
1694176011215 -1.0415242910385132 89
1694176012624 -1.31337308883667 90
1694176014042 -1.1347452402114868 91
1694176015458 -2.1562132835388184 92
1694176016869 -2.0993130207061768 93
1694176018271 -2.2602875232696533 94
1694176019871 -2.4451351165771484 95
1694176021283 -2.387708902359009 96
1694176022692 -2.4100723266601562 97
1694176024128 -2.262697458267212 98
1694176025633 -2.2763233184814453 99
1694176027049 -2.0656862258911133 100
1694176028467 -1.9996598958969116 101
1694176030075 -1.9694890975952148 102
1694176031499 -1.857817530632019 103
1694176032903 -1.72713303565979 104
1694176034316 -1.727776288986206 105
1694176035733 -1.5163697004318237 106
1694176037157 -1.4488023519515991 107
1694176038572 -1.36720871925354 108
1694176040188 -1.1796753406524658 109
1694176041607 -1.1317968368530273 110
1694176043025 -0.9756593704223633 111
1694176044445 -0.8573755025863647 112
1694176045847 -0.8260693550109863 113
1694176047253 -0.8067370653152466 114
1694176048661 -0.6554861068725586 115
1694176050286 -1.8172829151153564 116
1694176051707 -1.1095073223114014 117
1694176053128 -1.735041856765747 118
1694176054534 -2.0356454849243164 119
1694176055948 -2.189457416534424 120
1694176057363 -2.2417614459991455 121
1694176058777 -2.0841054916381836 122
1694176060307 -2.051593780517578 123
1694176061722 -1.9343578815460205 124
1694176063132 -1.835532307624817 125
1694176064542 -1.683930516242981 126
1694176065954 -1.5862431526184082 127
1694176067373 -1.6325801610946655 128
1694176068781 -1.4364356994628906 129
1694176070307 -1.3501914739608765 130
1694176071720 -1.2291803359985352 131
1694176073141 -1.127103567123413 132
1694176074568 -1.1311861276626587 133
1694176076069 -0.9170290231704712 134
1694176077488 -0.923078179359436 135
1694176078905 -0.8968203067779541 136
1694176080348 -0.7549515962600708 137
1694176081761 -0.6749778985977173 138
1694176083169 -0.6928097009658813 139
1694176084589 -0.6967618465423584 140
1694176086003 -0.5657984614372253 141
1694176087441 -0.6836506128311157 142
1694176088863 -0.5165104866027832 143
1694176090316 -0.4868111312389374 144
1694176091745 -0.6032787561416626 145
1694176093167 -0.485586553812027 146
1694176094584 -0.44365453720092773 147
1694176096002 -0.36495906114578247 148
1694176097417 -0.5838403701782227 149
1694176098834 -0.4033333659172058 150
1694176100301 -0.3068997859954834 151
1694176101712 -0.33509117364883423 152
1694176103126 -0.36125198006629944 153
1694176104543 -0.39496976137161255 154
1694176105975 -0.2986336946487427 155
1694176107397 -0.2926335334777832 156
1694176108823 -0.27599984407424927 157
1694176110309 -0.2694176137447357 158
1694176111731 -0.3920312225818634 159
1694176113141 -0.3101640045642853 160
1694176114551 -0.3824976086616516 161
1694176115971 -0.2774752080440521 162
1694176117388 -0.2754596173763275 163
1694176118813 -0.1941331923007965 164
1694176120355 -0.21260741353034973 165
1694176121770 -0.16689401865005493 166
1694176123183 -0.23561111092567444 167
1694176124607 -0.2278279960155487 168
1694176126015 -0.23084375262260437 169
1694176127440 -0.2676161527633667 170
1694176128861 -0.21854102611541748 171
1694176130315 -0.25242042541503906 172
1694176131726 -0.19440332055091858 173
1694176133135 -0.12528249621391296 174
1694176134557 -0.2771390378475189 175
1694176135984 -0.18014967441558838 176
1694176137410 -0.22333985567092896 177
1694176138830 -0.2806151807308197 178
1694176140323 -0.16989296674728394 179
1694176141750 -0.2985987961292267 180
1694176143161 -0.2278350293636322 181
1694176144580 -0.20411023497581482 182
1694176145992 -0.1306280791759491 183
1694176147421 -0.22150111198425293 184
1694176148837 -0.27737486362457275 185
1694176150305 -0.18834933638572693 186
1694176151729 -0.23949888348579407 187
1694176153155 -0.17610684037208557 188
1694176154578 -0.26108023524284363 189
1694176155988 -0.16868284344673157 190
1694176157418 -0.20364683866500854 191
1694176158843 -0.12315377593040466 192
1694176160303 -0.13649272918701172 193
1694176161712 -0.23535054922103882 194
1694176163117 -0.21579253673553467 195
1694176164538 -0.1846613585948944 196
1694176165971 -0.21943894028663635 197
1694176167391 -0.12170779705047607 198
1694176168804 -0.13340240716934204 199
1694176170378 -0.1843690574169159 200
1694176171791 -0.10613703727722168 201
1694176173209 -0.1423150599002838 202
1694176174621 -0.21875673532485962 203
1694176176038 -0.1981479525566101 204
1694176177441 -0.10683596134185791 205
1694176178858 -0.09941130876541138 206
1694176180308 -0.22475045919418335 207
1694176181736 -0.14732563495635986 208
1694176183158 -0.2193901240825653 209
1694176184585 -0.1551094651222229 210
1694176185998 -0.25472185015678406 211
1694176187431 -0.11362725496292114 212
1694176188860 -0.20752912759780884 213
1694176190316 -0.17248135805130005 214
1694176191737 -0.198317289352417 215
1694176193163 -0.16121679544448853 216
1694176194587 -0.12473320960998535 217
1694176196011 -0.1478847861289978 218
1694176197444 -0.19082653522491455 219
1694176198856 -0.15312105417251587 220
1694176200319 -0.17133823037147522 221
1694176201840 -0.10072147846221924 222
1694176203476 -0.13798964023590088 223
1694176204968 -0.18056300282478333 224
1694176206445 -0.11958387494087219 225
1694176207909 -0.08594432473182678 226
1694176209386 -0.16831624507904053 227
1694176210887 -0.12813743948936462 228
1694176212363 -0.17608234286308289 229
1694176213820 -0.2638724744319916 230
1694176215351 -0.14022749662399292 231
1694176216806 -0.10314670205116272 232
1694176218254 -0.12129530310630798 233
1694176219876 -0.19208070635795593 234
1694176221293 -0.147771954536438 235
1694176222710 -0.07477715611457825 236
1694176224139 -0.12730592489242554 237
1694176225574 -0.22724367678165436 238
1694176227004 -0.1490267813205719 239
1694176228423 -0.14707478880882263 240
1694176230044 -0.13859012722969055 241
1694176231471 -0.15862828493118286 242
1694176232895 -0.1253235638141632 243
1694176234329 -0.23320075869560242 244
1694176235763 -0.06921303272247314 245
1694176237202 -0.14228656888008118 246
1694176238617 -0.22974130511283875 247
1694176240244 -0.11174234747886658 248
1694176241675 -0.1903361976146698 249
1694176243103 -0.17935281991958618 250
1694176244528 -0.20331263542175293 251
1694176245934 -0.14175400137901306 252
1694176247353 -0.17745178937911987 253
1694176248781 -0.37519368529319763 254
1694176250342 -0.13135656714439392 255
1694176251785 -0.09282383322715759 256
1694176253221 -0.08001527190208435 257
1694176254658 -0.06225830316543579 258
1694176256081 -0.19379448890686035 259
1694176257515 -0.2400749772787094 260
1694176258944 -0.19084817171096802 261
1694176260396 -0.18475580215454102 262
1694176261825 -0.0733896791934967 263
1694176263252 -0.07387116551399231 264
1694176264701 -0.16285163164138794 0
1694176266217 -0.11283090710639954 1
1694176267661 -0.16526904702186584 2
1694176269084 -0.09076756238937378 3
1694176270551 -0.08997738361358643 4
1694176271989 -0.10823559761047363 5
1694176273427 -0.15376204252243042 6
1694176274861 -0.1942620873451233 7
1694176276300 -0.218972310423851 8
1694176277744 -0.23166313767433167 9
1694176279174 -0.10163402557373047 10
1694176280643 -0.03012162446975708 11
1694176282083 -0.12729275226593018 12
1694176283527 -0.07816311717033386 13
1694176284963 -0.1156097948551178 14
1694176286407 -0.18198803067207336 15
1694176287824 -0.19416049122810364 16
1694176289280 -0.22174955904483795 17
1694176290746 -0.17977182567119598 18
1694176292191 -0.165213480591774 19
1694176293651 -0.11339390277862549 20
1694176295095 -0.09072700142860413 21
1694176296537 -0.13929957151412964 22
1694176297975 -0.14382660388946533 23
1694176299415 -0.1596737504005432 24
1694176300875 -0.26604557037353516 25
1694176302315 -0.14269641041755676 26
1694176303753 -0.03985711932182312 27
1694176305194 -0.09592580795288086 28
1694176306615 -0.1317138969898224 29
1694176308044 -0.21754811704158783 30
1694176309482 -0.19514718651771545 31
1694176311059 -0.17078809440135956 32
1694176312494 -0.128528892993927 33
1694176313927 -0.13593047857284546 34
1694176315364 -0.21626444160938263 35
1694176316810 -0.16947144269943237 36
1694176318255 -0.17080870270729065 37
1694176319894 -0.1606811285018921 38
1694176321347 -0.22054263949394226 39
1694176322788 -0.1741694062948227 40
1694176324272 -0.17795398831367493 41
1694176325737 -0.12133166193962097 42
1694176327192 -0.10964325070381165 43
1694176328629 -0.14341136813163757 44
1694176330258 -0.13926362991333008 45
1694176331702 -0.16340644657611847 46
1694176333145 -0.26350271701812744 47
1694176334593 -0.2118300348520279 48
1694176336051 -0.16389310359954834 49
1694176337502 -0.1676940619945526 50
1694176338952 -0.15307709574699402 51
1694176340414 -0.14379090070724487 52
1694176341857 -0.13127374649047852 53
1694176343303 -0.19871647655963898 54
1694176344756 -0.22169539332389832 55
1694176346210 -0.18362343311309814 56
1694176347642 -0.2061939239501953 57
1694176349082 -0.16479246318340302 58
1694176350554 -0.14512401819229126 59
1694176351992 -0.19530388712882996 60
1694176353425 -0.20193472504615784 61
1694176354915 -0.22250500321388245 62
1694176356466 -0.16457149386405945 63
1694176357919 -0.18741214275360107 64
1694176359389 -0.20682364702224731 65
1694176360834 -0.21043661236763 66
1694176362378 -0.19525620341300964 67
1694176363823 -0.16923286020755768 68
1694176365286 -0.287067711353302 69
1694176366742 -0.18542301654815674 70
1694176368197 -0.1598767340183258 71
1694176369677 -0.14209803938865662 72
1694176371123 -0.21354521811008453 73
1694176372587 -0.2054690271615982 74
1694176374037 -0.23948664963245392 75
1694176375495 -0.17013441026210785 76
1694176376939 -0.1313306987285614 77
1694176378414 -0.13859498500823975 78
1694176379885 -0.15779680013656616 79
1694176381334 -0.2006625533103943 80
1694176382786 -0.21035756170749664 81
1694176384234 -0.288202166557312 82
1694176385811 -0.2023664265871048 83
1694176387254 -0.14896494150161743 84
1694176388694 -0.11350604891777039 85
1694176390299 -0.1282193660736084 86
1694176391757 -0.2247260957956314 87
1694176393196 -0.2775109112262726 88
1694176394645 -0.2573910057544708 89
1694176396073 -0.26316532492637634 90
1694176397513 -0.1591491401195526 91
1694176398961 -0.197891503572464 92
1694176400418 -0.16896352171897888 93
1694176401847 -0.1491912603378296 94
1694176403291 -0.18911917507648468 95
1694176404743 -0.1364727020263672 96
1694176406284 -0.1995047926902771 97
1694176407841 -0.22591763734817505 98
1694176409315 -0.22738565504550934 99
1694176410787 -0.24159389734268188 100
1694176412250 -0.24909467995166779 101
1694176413690 -0.2636987566947937 102
1694176415136 -0.15276223421096802 103
1694176416687 -0.20634566247463226 104
1694176418186 -0.14731428027153015 105
1694176419866 -0.2105933427810669 106
1694176421319 -0.18579746782779694 107
1694176422782 -0.1892431527376175 108
1694176424268 -0.25921809673309326 109
1694176425775 -0.22571904957294464 110
1694176427223 -0.23498892784118652 111
1694176428693 -0.20926877856254578 112
1694176430139 -0.2584642469882965 113
1694176431569 -0.18156684935092926 114
1694176433181 -0.1829896867275238 115
1694176434656 -0.18517561256885529 116
1694176436131 -0.22346295416355133 117
1694176437567 -0.2324335128068924 118
1694176438990 -0.2613877058029175 119
1694176440469 -0.21973393857479095 120
1694176441920 -0.23321034014225006 121
1694176443380 -0.20905008912086487 122
1694176444824 -0.20751911401748657 123
1694176446272 -0.2140251100063324 124
1694176447745 -0.20449331402778625 125
1694176449181 -0.2276361733675003 126
1694176450657 -0.24320043623447418 127
1694176452102 -0.2033262848854065 128
1694176453546 -0.2231648713350296 129
1694176454991 -0.21567462384700775 130
1694176456418 -0.237919420003891 131
1694176457854 -0.2163853794336319 132
1694176459380 -0.21953420341014862 133
1694176460864 -0.21986062824726105 134
1694176462295 -0.2489720582962036 135
1694176463729 -0.21752366423606873 136
1694176465181 -0.2706231474876404 137
1694176466637 -0.2215825617313385 138
1694176468114 -0.24898700416088104 139
1694176469675 -0.1644984781742096 140
1694176471126 -0.27898332476615906 141
1694176472577 -0.264978289604187 142
1694176474046 -0.23744946718215942 143
1694176475483 -0.19269126653671265 144
1694176476924 -0.23778384923934937 145
1694176478356 -0.26753783226013184 146
1694176479824 -0.24469764530658722 147
1694176481379 -0.2849370837211609 148
1694176482825 -0.22359034419059753 149
1694176484300 -0.20887844264507294 150
1694176485788 -0.22031506896018982 151
1694176487235 -0.2217220813035965 152
1694176488665 -0.26604264974594116 153
1694176490370 -0.29915207624435425 154
1694176491826 -0.23234674334526062 155
1694176493287 -0.24937742948532104 156
1694176494806 -0.20502005517482758 157
1694176496311 -0.23355387151241302 158
1694176497828 -0.25113093852996826 159
1694176499317 -0.254100501537323 160
1694176500846 -0.26541754603385925 161
1694176502306 -0.3072291612625122 162
1694176503754 -0.2884262800216675 163
1694176505320 -0.21923725306987762 164
1694176506848 -0.19622161984443665 165
1694176508296 -0.23276978731155396 166
1694176509921 -0.23209857940673828 167
1694176511391 -0.2648281455039978 168
1694176512831 -0.28672492504119873 169
1694176514265 -0.2077103704214096 170
1694176515713 -0.20849286019802094 171
1694176517155 -0.26557615399360657 172
1694176518599 -0.23049286007881165 173
1694176520220 -0.2192630171775818 174
1694176521664 -0.23580969870090485 175
1694176523093 -0.31245535612106323 176
1694176524526 -0.2876891791820526 177
1694176525959 -0.2273200899362564 178
1694176527443 -0.2590264678001404 179
1694176528984 -0.22036141157150269 180
1694176530544 -0.2399391531944275 181
1694176532132 -0.2847193479537964 182
1694176533582 -0.28821223974227905 183
1694176535034 -0.2527763843536377 184
1694176536501 -0.3196202516555786 185
1694176537947 -0.24579402804374695 186
1694176539383 -0.2527206540107727 187
1694176540855 -0.23160655796527863 188
1694176542296 -0.22279812395572662 189
1694176543737 -0.2500665485858917 190
1694176545174 -0.22464962303638458 191
1694176546606 -0.27753981947898865 192
1694176548041 -0.25901153683662415 193
1694176549533 -0.29993605613708496 194
1694176551193 -0.2595731019973755 195
1694176552641 -0.22300417721271515 196
1694176554077 -0.28808820247650146 197
1694176555529 -0.3210853934288025 198
1694176557061 -0.2339777648448944 199
1694176558494 -0.1495848000049591 200
1694176560134 -0.23022156953811646 201
1694176561663 -0.31358832120895386 202
1694176563244 -0.2841321527957916 203
1694176564734 -0.34763258695602417 204
1694176566173 -0.24973568320274353 205
1694176567661 -0.2500673532485962 206
1694176569124 -0.21533474326133728 207
1694176570695 -0.20643308758735657 208
1694176572176 -0.29266786575317383 209
1694176573690 -0.31085819005966187 210
1694176575178 -0.29163143038749695 211
1694176576680 -0.2482849359512329 212
1694176578143 -0.2793937921524048 213
1694176579735 -0.2758042812347412 214
1694176581272 -0.2749658226966858 215
1694176582785 -0.28805768489837646 216
1694176584245 -0.23972629010677338 217
1694176585794 -0.18027043342590332 218
1694176587231 -0.2260982245206833 219
1694176588668 -0.24647478759288788 220
1694176590274 -0.29234400391578674 221
1694176591739 -0.3369598984718323 222
1694176593194 -0.288374125957489 223
1694176594631 -0.2545219659805298 224
1694176596059 -0.2418094128370285 225
1694176597511 -0.24711285531520844 226
1694176598954 -0.2682117521762848 227
1694176600406 -0.25918182730674744 228
1694176601855 -0.2337586134672165 229
1694176603381 -0.2463596761226654 230
1694176604807 -0.2684170603752136 231
1694176606267 -0.34363412857055664 232
1694176607714 -0.28399115800857544 233
1694176609151 -0.28597667813301086 234
1694176610621 -0.24927130341529846 235
1694176612065 -0.28767240047454834 236
1694176613505 -0.31944578886032104 237
1694176614928 -0.31849998235702515 238
1694176616352 -0.3046584725379944 239
1694176617785 -0.29096144437789917 240
1694176619218 -0.23646405339241028 241
1694176620702 -0.2790074944496155 242
1694176622170 -0.297443687915802 243
1694176623620 -0.35229557752609253 244
1694176625102 -0.31883537769317627 245
1694176626552 -0.2546212077140808 246
1694176627979 -0.269353985786438 247
1694176629424 -0.2620657682418823 248
1694176630881 -0.3206246495246887 249
1694176632316 -0.34391435980796814 250
1694176633749 -0.2351805418729782 251
1694176635190 -0.2464333474636078 252
1694176636630 -0.293759822845459 253
1694176638071 -0.2880125939846039 254
1694176639515 -0.3192305564880371 255
1694176640953 -0.2572753429412842 256
1694176642389 -0.29353898763656616 257
1694176643826 -0.33194270730018616 258
1694176645282 -0.3171379268169403 259
1694176646706 -0.25856974720954895 260
1694176648142 -0.25005221366882324 261
1694176649571 -0.26981812715530396 262
1694176650998 -0.2822391390800476 263
1694176652442 -0.2693343758583069 264
