1695127805775 1965.059326171875 0
1695127809846 1817.8167724609375 1
1695127810157 1897.169677734375 2
1695127810467 1718.749267578125 3
1695127810801 1589.57763671875 4
1695127811134 1569.513916015625 5
1695127811475 1516.117919921875 6
1695127811829 1498.7724609375 7
1695127812183 1381.5745849609375 8
1695127812529 1374.2318115234375 9
1695127812875 1326.074951171875 10
1695127813190 1300.884765625 11
1695127813522 1313.04736328125 12
1695127813854 1314.954833984375 13
1695127814179 1231.4912109375 14
1695127814517 1257.409912109375 15
1695127814840 1173.4842529296875 16
1695127815155 1214.4349365234375 17
1695127815489 1135.76513671875 18
1695127815810 1154.3040771484375 19
1695127816137 1059.365966796875 20
1695127816452 1072.9716796875 21
1695127816784 1086.80517578125 22
1695127817137 1019.6366577148438 23
1695127817481 1008.0144653320312 24
1695127817809 1016.1184692382812 25
1695127818141 1019.5460205078125 26
1695127818462 1021.2764282226562 27
1695127818781 977.15283203125 28
1695127819094 1027.12255859375 29
1695127819409 958.2243041992188 30
1695127819739 997.7593383789062 31
1695127820073 997.63818359375 32
1695127820409 941.1300048828125 33
1695127820731 926.490478515625 34
1695127821072 946.6986083984375 35
1695127821412 932.9349975585938 36
1695127821746 879.5961303710938 37
1695127822094 891.4549560546875 38
1695127822412 925.17236328125 39
1695127822723 882.277587890625 40
1695127823046 937.3385620117188 41
1695127823365 846.3702392578125 42
1695127823675 832.455322265625 43
1695127823996 854.6519165039062 44
1695127824308 897.8096923828125 45
1695127824619 844.1735229492188 46
1695127824928 859.9957885742188 47
1695127825239 870.3414916992188 48
1695127825550 839.830810546875 49
1695127825864 850.6467895507812 50
1695127826177 847.1513671875 51
1695127826487 822.322509765625 52
1695127826798 836.0748901367188 53
1695127827111 813.0657958984375 54
1695127827422 811.5144653320312 55
1695127827732 829.6478881835938 56
1695127828045 836.3528442382812 57
1695127828358 813.9337768554688 58
1695127828669 790.6622924804688 59
1695127828977 854.283935546875 60
1695127829286 795.4520263671875 61
1695127829597 789.490478515625 62
1695127829910 781.5228271484375 63
1695127830221 758.7708740234375 64
1695127830532 765.0323486328125 65
1695127830841 730.613525390625 66
1695127831151 720.708251953125 67
1695127831467 716.7542724609375 68
1695127831788 795.9866943359375 69
1695127832105 739.4014892578125 70
1695127832416 763.075439453125 71
1695127832728 744.6279907226562 72
1695127833039 744.2760009765625 73
1695127833348 723.6715087890625 74
1695127833660 711.250244140625 75
1695127833971 699.2711181640625 76
1695127834287 725.35986328125 77
1695127834616 760.7293701171875 78
1695127834941 697.0341796875 79
1695127835252 695.7551879882812 80
1695127835577 700.1529541015625 81
1695127835921 706.5269775390625 82
1695127836263 690.1771850585938 83
1695127836609 670.420166015625 84
1695127836959 725.3779907226562 85
1695127837295 687.0709838867188 86
1695127837637 729.28662109375 87
1695127837983 742.922119140625 88
1695127838306 706.0609130859375 89
1695127838627 700.4158935546875 90
1695127838966 673.44140625 91
1695127839288 654.5191650390625 92
1695127839606 672.5611572265625 93
1695127839918 647.3818969726562 94
1695127840234 629.515625 95
1695127840552 667.0816650390625 96
1695127840866 658.2821655273438 97
1695127841182 657.6627807617188 98
1695127841499 651.5810546875 99
1695127841812 673.315673828125 100
1695127845574 649.80810546875 101
1695127845897 641.591064453125 102
1695127846209 654.8826904296875 103
1695127846524 654.7191162109375 104
1695127846875 682.8189697265625 105
1695127847232 636.173828125 106
1695127847590 648.4300537109375 107
1695127847935 620.6647338867188 108
1695127848277 641.7594604492188 109
1695127848594 635.9572143554688 110
1695127848931 612.4387817382812 111
1695127849256 640.0484619140625 112
1695127849580 612.1092529296875 113
1695127849905 614.907958984375 114
1695127850224 603.6194458007812 115
1695127850534 635.1547241210938 116
1695127850844 647.4921875 117
1695127851159 609.0948486328125 118
1695127851483 608.614013671875 119
1695127851820 648.0380249023438 120
1695127852141 623.4842529296875 121
1695127852453 617.0552978515625 122
1695127852766 626.9302368164062 123
1695127853078 598.9068603515625 124
1695127853390 631.7841796875 125
1695127853704 594.8317260742188 126
1695127854016 606.3177490234375 127
1695127854326 609.21142578125 128
1695127854636 571.4781494140625 129
1695127854949 594.6224975585938 130
1695127855263 613.9136352539062 131
1695127855573 634.8114013671875 132
1695127855886 592.2535400390625 133
1695127856202 594.4296264648438 134
1695127856511 588.5391845703125 135
1695127856824 611.69140625 136
1695127857135 624.686279296875 137
1695127857451 627.8917846679688 138
1695127857777 587.7244873046875 139
1695127858089 591.610595703125 140
1695127858401 572.904052734375 141
1695127858720 593.5111083984375 142
1695127859047 592.3265991210938 143
1695127859359 572.0635986328125 144
1695127859671 570.8181762695312 145
1695127859982 628.7921142578125 146
1695127860299 615.6421508789062 147
1695127860616 608.355224609375 148
1695127860929 560.9867553710938 149
1695127861241 575.4295043945312 150
1695127861561 607.0609741210938 151
1695127861890 550.4674072265625 152
1695127862205 568.519287109375 153
1695127862548 580.469482421875 154
1695127862865 583.5292358398438 155
1695127863178 569.4249267578125 156
1695127863488 568.79833984375 157
1695127863803 565.4254760742188 158
1695127864115 617.0611572265625 159
1695127864449 563.7144165039062 160
1695127864764 611.14990234375 161
1695127865079 564.2357788085938 162
1695127865392 499.60028076171875 163
1695127865706 567.591064453125 164
1695127866018 593.4844970703125 165
1695127866333 537.358154296875 166
1695127866648 556.743408203125 167
1695127866963 614.7655639648438 168
1695127867278 557.6250610351562 169
1695127867591 560.9034423828125 170
1695127867903 560.9237670898438 171
1695127868217 550.1776123046875 172
1695127868530 549.2449951171875 173
1695127868844 553.1021118164062 174
1695127869157 544.9515380859375 175
1695127869476 563.1246337890625 176
1695127869792 545.9387817382812 177
1695127870109 519.9217529296875 178
1695127870422 542.5950317382812 179
1695127870736 545.56396484375 180
1695127871051 504.81951904296875 181
1695127871365 531.7093505859375 182
1695127871683 558.789794921875 183
1695127871999 529.5203857421875 184
1695127872312 521.5912475585938 185
1695127872626 532.004638671875 186
1695127872938 562.3287353515625 187
1695127873252 535.4483032226562 188
1695127873568 529.3757934570312 189
1695127873882 536.7052612304688 190
1695127874203 563.14794921875 191
1695127874517 540.9774169921875 192
1695127874834 539.561767578125 193
1695127875146 508.29498291015625 194
1695127875460 548.0994262695312 195
1695127875776 545.099609375 196
1695127876089 534.0062255859375 197
1695127876407 549.864013671875 198
1695127876721 533.2254028320312 199
1695127877035 540.2874755859375 200
1695127880809 555.7642822265625 201
1695127881124 517.7459716796875 202
1695127881437 550.3836669921875 203
1695127881765 518.054931640625 204
1695127882107 480.88427734375 205
1695127882438 547.3126220703125 206
1695127882756 517.6736450195312 207
1695127883072 498.38995361328125 208
1695127883386 515.35302734375 209
1695127883726 499.8385009765625 210
1695127884056 566.9208984375 211
1695127884400 510.972412109375 212
1695127884743 515.125 213
1695127885090 492.15576171875 214
1695127885412 479.70538330078125 215
1695127885742 520.206787109375 216
1695127886056 523.6458740234375 217
1695127886368 509.7863464355469 218
1695127886684 509.7525329589844 219
1695127887000 541.0616455078125 220
1695127887314 505.6399841308594 221
1695127887624 507.8936767578125 222
1695127887948 521.6935424804688 223
1695127888277 512.6964111328125 224
1695127888589 547.3450317382812 225
1695127888899 497.18988037109375 226
1695127889208 514.0260009765625 227
1695127889528 494.6562805175781 228
1695127889853 503.00018310546875 229
1695127890174 506.5528869628906 230
1695127890524 503.0428466796875 231
1695127890839 504.9976806640625 232
1695127891153 508.0111083984375 233
1695127891466 503.70574951171875 234
1695127891780 493.3785095214844 235
1695127892091 554.6551513671875 236
1695127892405 506.4783020019531 237
1695127892721 489.0946044921875 238
1695127893036 515.4793701171875 239
1695127893351 518.324951171875 240
1695127893664 496.281982421875 241
1695127893978 493.2486572265625 242
1695127894292 504.06121826171875 243
1695127894609 507.48211669921875 244
1695127894921 517.435791015625 245
1695127895234 511.350341796875 246
1695127895549 496.37213134765625 247
1695127895865 496.28289794921875 248
1695127896184 513.33544921875 249
1695127896499 487.2689208984375 250
1695127896816 495.2104797363281 251
1695127897133 493.69427490234375 252
1695127897450 492.4837341308594 253
1695127897761 489.8782958984375 254
1695127898075 471.4518737792969 255
1695127898391 509.40826416015625 256
1695127898705 493.7054138183594 257
1695127899020 506.7822570800781 258
1695127899341 503.2187805175781 259
1695127899653 485.50030517578125 260
1695127899967 499.66632080078125 261
1695127900281 491.5550231933594 262
1695127900595 487.8470153808594 263
1695127900909 480.9216613769531 264
1695127901223 489.6943664550781 265
1695127901539 516.644775390625 266
1695127901851 506.70758056640625 267
1695127902166 495.36328125 268
1695127902484 460.52392578125 269
1695127902800 507.1677551269531 270
1695127903113 498.2174987792969 271
1695127903428 482.38714599609375 272
1695127903740 475.3876953125 273
1695127904054 503.4862060546875 274
1695127904375 484.18060302734375 275
1695127904693 506.4021911621094 276
1695127905009 482.3861999511719 277
1695127905322 466.33868408203125 278
1695127905639 494.02197265625 279
1695127905952 472.755859375 280
1695127906269 460.29766845703125 281
1695127906581 487.90155029296875 282
1695127906896 462.355712890625 283
1695127907211 496.4239196777344 284
1695127907524 457.3777160644531 285
1695127907841 522.4273681640625 286
1695127908155 509.4894104003906 287
1695127908471 476.1710205078125 288
1695127908786 473.5575866699219 289
1695127909102 490.2156066894531 290
1695127909415 470.6253967285156 291
1695127909732 490.8871154785156 292
1695127910046 468.1374206542969 293
1695127910365 454.84991455078125 294
1695127910682 472.73455810546875 295
1695127910997 493.84979248046875 296
1695127911313 477.7113037109375 297
1695127911627 477.9557800292969 298
1695127911944 463.5086669921875 299
1695127912261 449.2059326171875 300
1695127916200 540.4515380859375 301
1695127916515 437.0448913574219 302
1695127916828 480.29852294921875 303
1695127917146 523.412353515625 304
1695127917493 452.17254638671875 305
1695127917821 466.71551513671875 306
1695127918167 473.5900573730469 307
1695127918508 452.98724365234375 308
1695127918843 477.25482177734375 309
1695127919190 464.35125732421875 310
1695127919531 467.31427001953125 311
1695127919878 458.9415283203125 312
1695127920204 465.3310546875 313
1695127920540 480.9020080566406 314
1695127920854 452.9317626953125 315
1695127921162 449.8419189453125 316
1695127921473 460.47393798828125 317
1695127921817 448.9153747558594 318
1695127922148 476.32305908203125 319
1695127922481 480.76177978515625 320
1695127922796 471.4118957519531 321
1695127923112 457.35791015625 322
1695127923427 434.5551452636719 323
1695127923743 479.592529296875 324
1695127924057 479.48382568359375 325
1695127924375 465.05078125 326
1695127924688 472.4270935058594 327
1695127925001 468.7453918457031 328
1695127925319 448.5899963378906 329
1695127925631 477.5050354003906 330
1695127925948 446.10491943359375 331
1695127926259 476.7176208496094 332
1695127926593 484.6434326171875 333
1695127926939 448.31964111328125 334
1695127927284 486.2511901855469 335
1695127927600 465.2823181152344 336
1695127927918 463.04498291015625 337
1695127928244 463.13677978515625 338
1695127928575 490.4780578613281 339
1695127928891 457.14593505859375 340
1695127929224 465.6010437011719 341
1695127929569 454.7962646484375 342
1695127929912 470.49969482421875 343
