1694171080862 0.9781607985496521 0
1694171082958 0.7959250211715698 1
1694171084872 0.7915584444999695 2
1694171086726 0.49513715505599976 3
1694171088650 0.33204132318496704 4
1694171090601 0.3376982510089874 5
1694171092491 0.3275558650493622 6
1694171094516 0.2776436507701874 7
1694171096643 0.28264355659484863 8
1694171098626 0.24686016142368317 9
1694171100503 0.22950446605682373 10
1694171102333 0.2537352740764618 11
1694171104146 0.23612959682941437 12
1694171105980 0.25009259581565857 13
1694171107782 0.22624005377292633 14
1694171109591 0.2572459280490875 15
1694171111398 0.2486540973186493 16
1694171113197 0.22661563754081726 17
1694171115015 0.2087206095457077 18
1694171116824 0.1849270612001419 19
1694171118622 0.21139980852603912 20
1694171120436 0.22626931965351105 21
1694171122403 0.23176446557044983 22
1694171124200 0.20696265995502472 23
1694171125985 0.14931371808052063 24
1694171127797 0.2094815969467163 25
1694171129679 0.17488855123519897 26
1694171131480 0.1962321400642395 27
1694171133282 0.1652868539094925 28
1694171135239 0.1780795454978943 29
1694171137270 0.1470879465341568 30
1694171139047 0.2157362848520279 31
1694171140934 0.1802937239408493 32
1694171142712 0.19925475120544434 33
1694171144491 0.1682223081588745 34
1694171146286 0.16013677418231964 35
1694171148092 0.16043749451637268 36
1694171149995 0.1626741588115692 37
1694171151816 0.15786975622177124 38
1694171153619 0.14784638583660126 39
1694171155430 0.14626489579677582 40
1694171157236 0.13671591877937317 41
1694171159195 0.13834936916828156 42
1694171160995 0.1627422571182251 43
1694171162809 0.13582049310207367 44
1694171164628 0.1405126303434372 45
1694171166440 0.13398802280426025 46
1694171168243 0.18238259851932526 47
1694171170043 0.11781022697687149 48
1694171171850 0.10445716232061386 49
1694171173656 0.13867081701755524 50
1694171175458 0.1541910320520401 51
1694171177272 0.1846303641796112 52
1694171179074 0.14248675107955933 53
1694171180876 0.18302959203720093 54
1694171182711 0.1424385905265808 55
1694171184510 0.10728007555007935 56
1694171186330 0.15174125134944916 57
1694171188141 0.1417323350906372 58
1694171189941 0.1399966925382614 59
1694171191754 0.1317419409751892 60
1694171193568 0.17086750268936157 61
1694171195367 0.13579881191253662 62
1694171197172 0.14186754822731018 63
1694171198976 0.1430988311767578 64
1694171200777 0.12911200523376465 65
1694171202596 0.13073736429214478 66
1694171204397 0.17021426558494568 67
1694171206195 0.13772054016590118 68
1694171208004 0.12649127840995789 69
1694171209802 0.12470941990613937 70
1694171211609 0.1471632719039917 71
1694171213423 0.11253374069929123 72
1694171215224 0.13514108955860138 73
1694171217047 0.1548747718334198 74
1694171218853 0.1262737512588501 75
1694171220648 0.11938522011041641 76
1694171222454 0.15330122411251068 77
1694171224254 0.10217097401618958 78
1694171226050 0.11898171156644821 79
1694171227866 0.12140641361474991 80
1694171229666 0.1492861658334732 81
1694171231459 0.09994587302207947 82
1694171233261 0.13060137629508972 83
1694171235061 0.12920165061950684 84
1694171236873 0.1150045171380043 85
1694171238697 0.14882056415081024 86
1694171240507 0.1060737818479538 87
1694171242316 0.11966366320848465 88
1694171244119 0.1320541650056839 89
1694171246011 0.11856835335493088 90
1694171247831 0.12643052637577057 91
1694171249636 0.1485571712255478 92
1694171251444 0.12388376146554947 93
1694171253267 0.10357656329870224 94
1694171255078 0.12709057331085205 95
1694171256883 0.10411635041236877 96
1694171258690 0.1277189403772354 97
1694171260491 0.09224814921617508 98
1694171262297 0.12498126924037933 99
1694171264121 0.12086396664381027 100
