1694171080864 1.6765042543411255 0
1694171082959 1.5313607454299927 1
1694171084873 1.3989500999450684 2
1694171086727 1.3079829216003418 3
1694171088652 1.274183988571167 4
1694171090603 1.2486772537231445 5
1694171092492 1.237174391746521 6
1694171094518 1.2073429822921753 7
1694171096644 1.1898361444473267 8
1694171098627 1.1943265199661255 9
1694171100504 1.198024868965149 10
1694171102334 1.2363463640213013 11
1694171104147 1.2490952014923096 12
1694171105981 1.2570565938949585 13
1694171107783 1.2852376699447632 14
1694171109592 1.3261597156524658 15
1694171111399 1.3493019342422485 16
1694171113199 1.4065046310424805 17
1694171115016 1.4938148260116577 18
1694171116825 1.4804307222366333 19
1694171118623 1.6014658212661743 20
1694171120437 1.6293749809265137 21
1694171122404 1.7263026237487793 22
1694171124201 1.8206628561019897 23
1694171125986 1.8813531398773193 24
1694171127798 1.9996098279953003 25
1694171129681 2.0079541206359863 26
1694171131482 2.1154215335845947 27
1694171133283 2.2549684047698975 28
1694171135240 2.3824634552001953 29
1694171137271 2.4259192943573 30
1694171139048 2.5890605449676514 31
1694171140935 2.6562695503234863 32
1694171142713 2.7603673934936523 33
1694171144493 2.771120071411133 34
1694171146288 2.8128507137298584 35
1694171148094 2.934892177581787 36
1694171149996 3.12949538230896 37
1694171151817 3.081756591796875 38
1694171153621 3.2482235431671143 39
1694171155431 3.29111909866333 40
1694171157238 3.2764875888824463 41
1694171159196 3.303165912628174 42
1694171160996 3.2818117141723633 43
1694171162810 3.574043035507202 44
1694171164630 3.5685441493988037 45
1694171166441 3.567586898803711 46
1694171168244 3.7233240604400635 47
1694171170044 3.9115493297576904 48
1694171171852 3.927478075027466 49
1694171173657 4.015771865844727 50
1694171175459 3.952073335647583 51
1694171177273 4.101299285888672 52
1694171179075 4.1251630783081055 53
1694171180878 4.270265579223633 54
1694171182712 4.323892116546631 55
1694171184511 4.392914295196533 56
1694171186331 4.409459114074707 57
1694171188142 4.454323768615723 58
1694171189942 4.350064754486084 59
1694171191755 4.292744159698486 60
1694171193570 4.4281463623046875 61
1694171195368 4.518031120300293 62
1694171197173 4.482230186462402 63
1694171198978 4.30754280090332 64
1694171200778 4.3091607093811035 65
1694171202597 4.266688346862793 66
1694171204398 4.092319965362549 67
1694171206197 4.256595611572266 68
1694171208005 4.135735511779785 69
1694171209803 3.9102113246917725 70
1694171211611 3.7282609939575195 71
1694171213424 3.641207218170166 72
1694171215225 3.537703275680542 73
1694171217049 3.4424009323120117 74
1694171218854 3.4185750484466553 75
1694171220649 3.238093376159668 76
1694171222455 3.0083508491516113 77
1694171224256 2.9365999698638916 78
1694171226051 2.8267111778259277 79
1694171227867 2.8165977001190186 80
1694171229667 2.7496025562286377 81
1694171231460 2.6721444129943848 82
1694171233262 2.425222396850586 83
1694171235062 2.332035779953003 84
1694171236875 2.354440927505493 85
1694171238699 2.3655028343200684 86
1694171240508 2.3683900833129883 87
1694171242317 2.275592088699341 88
1694171244120 2.1794581413269043 89
1694171246013 2.119009494781494 90
1694171247832 2.196972370147705 91
1694171249637 2.0586347579956055 92
1694171251445 2.0342583656311035 93
1694171253268 2.1323819160461426 94
1694171255079 2.1886420249938965 95
1694171256884 2.2053449153900146 96
1694171258691 2.2691478729248047 97
1694171260492 2.426892042160034 98
1694171262298 2.58833909034729 99
1694171264123 2.6718246936798096 100
