1694171080865 2.654664993286133 0
1694171082960 2.3272857666015625 1
1694171084875 2.1905086040496826 2
1694171086728 1.8031201362609863 3
1694171088653 1.6062252521514893 4
1694171090604 1.5863754749298096 5
1694171092494 1.5647302865982056 6
1694171094519 1.484986662864685 7
1694171096646 1.4724797010421753 8
1694171098629 1.4411866664886475 9
1694171100505 1.4275293350219727 10
1694171102335 1.4900816679000854 11
1694171104148 1.4852248430252075 12
1694171105982 1.5071492195129395 13
1694171107785 1.5114777088165283 14
1694171109593 1.583405613899231 15
1694171111400 1.5979560613632202 16
1694171113205 1.6331202983856201 17
1694171115017 1.7025353908538818 18
1694171116826 1.6653578281402588 19
1694171118624 1.8128656148910522 20
1694171120438 1.8556443452835083 21
1694171122405 1.9580670595169067 22
1694171124202 2.027625560760498 23
1694171125987 2.0306668281555176 24
1694171127799 2.2090914249420166 25
1694171129682 2.18284273147583 26
1694171131483 2.3116536140441895 27
1694171133284 2.420255184173584 28
1694171135241 2.5605430603027344 29
1694171137272 2.573007345199585 30
1694171139049 2.8047969341278076 31
1694171140936 2.8365633487701416 32
1694171142715 2.9596221446990967 33
1694171144499 2.939342498779297 34
1694171146289 2.972987413406372 35
1694171148095 3.095329761505127 36
1694171149997 3.2921695709228516 37
1694171151818 3.239626407623291 38
1694171153622 3.3960700035095215 39
1694171155432 3.4373838901519775 40
1694171157239 3.413203477859497 41
1694171159197 3.4415152072906494 42
1694171160997 3.444553852081299 43
1694171162811 3.7098634243011475 44
1694171164631 3.709056854248047 45
1694171166442 3.7015748023986816 46
1694171168245 3.9057066440582275 47
1694171170051 4.029359340667725 48
1694171171853 4.031935214996338 49
1694171173658 4.15444278717041 50
1694171175460 4.106264591217041 51
1694171177274 4.2859296798706055 52
1694171179076 4.2676496505737305 53
1694171180884 4.4532952308654785 54
1694171182713 4.466330528259277 55
1694171184512 4.500194549560547 56
1694171186332 4.561200141906738 57
1694171188143 4.59605598449707 58
1694171189943 4.490061283111572 59
1694171191756 4.42448616027832 60
1694171193571 4.599013805389404 61
1694171195369 4.653830051422119 62
1694171197175 4.62409782409668 63
1694171198979 4.450641632080078 64
1694171200779 4.438272476196289 65
1694171202598 4.397425651550293 66
1694171204400 4.262534141540527 67
1694171206198 4.39431619644165 68
1694171208006 4.262226581573486 69
1694171209804 4.034920692443848 70
1694171211617 3.875424385070801 71
1694171213425 3.7537410259246826 72
1694171215226 3.672844409942627 73
1694171217052 3.597275733947754 74
1694171218855 3.544848918914795 75
1694171220656 3.357478618621826 76
1694171222456 3.161652088165283 77
1694171224257 3.038770914077759 78
1694171226053 2.945692777633667 79
1694171227868 2.9380040168762207 80
1694171229668 2.8988888263702393 81
1694171231461 2.772090196609497 82
1694171233263 2.555823802947998 83
1694171235063 2.4612374305725098 84
1694171236876 2.4694454669952393 85
1694171238700 2.5143234729766846 86
1694171240509 2.474463939666748 87
1694171242319 2.3952558040618896 88
1694171244121 2.3115122318267822 89
1694171246014 2.2375779151916504 90
1694171247833 2.3234028816223145 91
1694171249638 2.2071919441223145 92
1694171251446 2.15814208984375 93
1694171253269 2.2359585762023926 94
1694171255080 2.315732479095459 95
1694171256885 2.3094613552093506 96
1694171258692 2.396866798400879 97
1694171260493 2.5191402435302734 98
1694171262299 2.713320255279541 99
1694171264124 2.7926886081695557 100
