1695143369375 2127.423095703125 0
1695143372931 1902.4019775390625 1
1695143373236 1823.58056640625 2
1695143373546 1684.9215087890625 3
1695143373869 1665.095458984375 4
1695143374212 1550.2777099609375 5
1695143374567 1458.735107421875 6
1695143374873 1498.5487060546875 7
1695143375198 1405.741943359375 8
1695143375526 1259.958740234375 9
1695143375833 1283.666259765625 10
1695143376151 1320.10302734375 11
1695143376466 1280.32373046875 12
1695143376801 1214.534912109375 13
1695143377116 1142.200439453125 14
1695143377426 1167.75 15
1695143377742 1210.0516357421875 16
1695143378082 1181.6396484375 17
1695143378432 1150.943115234375 18
1695143378746 1107.0732421875 19
1695143379078 1122.2176513671875 20
1695143379404 1070.9996337890625 21
1695143379730 1049.0284423828125 22
1695143380059 1057.6627197265625 23
1695143380396 1094.1556396484375 24
1695143380721 1027.174072265625 25
1695143381048 1100.9560546875 26
1695143381356 1049.9482421875 27
1695143381686 1129.809814453125 28
1695143382007 1041.803955078125 29
1695143382312 1051.89501953125 30
1695143382628 1004.2513427734375 31
1695143382940 1048.83740234375 32
1695143383247 991.2933349609375 33
1695143383551 1004.359375 34
1695143383865 946.994384765625 35
1695143384189 957.9752197265625 36
1695143384507 926.276611328125 37
1695143384831 987.571533203125 38
1695143385167 983.4092407226562 39
1695143385499 997.0939331054688 40
1695143385829 962.3064575195312 41
1695143386135 927.5521850585938 42
1695143386464 941.1326904296875 43
1695143386798 916.10400390625 44
1695143387132 960.7547607421875 45
1695143387474 900.5632934570312 46
1695143387806 918.0552978515625 47
1695143388119 884.6783447265625 48
1695143388429 875.844482421875 49
1695143388738 879.3355712890625 50
1695143389052 820.4194946289062 51
1695143389361 817.1795654296875 52
1695143389668 833.747802734375 53
1695143389973 836.4732666015625 54
1695143390276 874.7693481445312 55
1695143390580 830.6031494140625 56
1695143390884 829.6317138671875 57
1695143391190 820.8220825195312 58
1695143391494 818.9548950195312 59
1695143391797 852.3765869140625 60
1695143392104 841.6149291992188 61
1695143392409 811.82666015625 62
1695143392713 791.5814208984375 63
1695143393021 848.5106201171875 64
1695143393326 752.9739990234375 65
1695143393660 832.1924438476562 66
1695143393983 820.191162109375 67
1695143394299 774.0133056640625 68
1695143394613 777.8694458007812 69
1695143394917 811.49853515625 70
1695143395220 795.84130859375 71
1695143395524 779.8523559570312 72
1695143395831 809.2653198242188 73
1695143396136 833.215576171875 74
1695143396446 762.3182983398438 75
1695143396754 764.6795654296875 76
1695143397064 769.7276000976562 77
1695143397377 760.5053100585938 78
1695143397682 771.8963623046875 79
1695143397986 745.1429443359375 80
1695143398294 759.4827880859375 81
1695143398603 750.3856201171875 82
1695143398908 749.9961547851562 83
1695143399217 716.2294921875 84
1695143399522 742.5079345703125 85
1695143399831 725.1746826171875 86
1695143400137 717.6491088867188 87
1695143400441 747.5123901367188 88
1695143400746 705.2970581054688 89
1695143401050 765.7464599609375 90
1695143401358 782.29345703125 91
1695143401667 707.6939697265625 92
1695143401971 732.757568359375 93
1695143402277 715.8819580078125 94
1695143402584 739.474853515625 95
1695143402893 724.3770141601562 96
1695143403202 731.3910522460938 97
1695143403506 721.578369140625 98
1695143403810 710.4872436523438 99
1695143404115 668.72021484375 100
1695143407762 651.1139526367188 101
1695143408097 712.6350708007812 102
1695143408413 717.6554565429688 103
1695143408719 726.21044921875 104
1695143409051 684.9302978515625 105
1695143409356 693.73388671875 106
1695143409661 653.0809936523438 107
1695143409978 672.1795654296875 108
1695143410287 708.5064697265625 109
1695143410595 673.6078491210938 110
1695143410913 700.0711669921875 111
1695143411221 637.4252319335938 112
1695143411526 645.4000244140625 113
1695143411833 693.5609130859375 114
1695143412139 646.5917358398438 115
1695143412472 656.1712646484375 116
1695143412813 646.8515014648438 117
1695143413140 659.6279296875 118
1695143413453 644.7811889648438 119
1695143413765 654.287353515625 120
1695143414083 656.9981079101562 121
1695143414395 642.685546875 122
1695143414704 668.7903442382812 123
1695143415029 646.7733154296875 124
1695143415368 687.6707763671875 125
1695143415703 627.11572265625 126
1695143416013 657.8062133789062 127
1695143416329 663.4560546875 128
1695143416646 631.537841796875 129
1695143416954 609.465087890625 130
1695143417260 651.5889892578125 131
1695143417571 638.3216552734375 132
1695143417876 618.2396240234375 133
1695143418182 660.894287109375 134
1695143418488 650.61962890625 135
1695143418794 654.9962158203125 136
1695143419099 611.5234375 137
1695143419424 598.7866821289062 138
1695143419740 661.858642578125 139
1695143420054 595.5410766601562 140
1695143420364 640.0145263671875 141
1695143420669 654.3387451171875 142
1695143420978 642.66259765625 143
1695143421287 636.7030029296875 144
1695143421597 602.8944091796875 145
1695143421902 606.5322875976562 146
1695143422209 608.2386474609375 147
1695143422518 616.3609619140625 148
1695143422824 603.1177978515625 149
1695143423130 625.7254638671875 150
1695143423435 588.817138671875 151
1695143423740 594.97119140625 152
1695143424046 594.8394775390625 153
1695143424360 657.0845947265625 154
1695143424666 628.4647827148438 155
1695143424979 584.98095703125 156
1695143425285 652.022216796875 157
1695143425612 597.8695068359375 158
1695143425919 621.0519409179688 159
1695143426255 597.8201904296875 160
1695143426625 608.93359375 161
1695143426961 624.2308349609375 162
1695143427279 609.5008544921875 163
1695143427586 620.694580078125 164
1695143427903 580.5828247070312 165
1695143428215 582.5010986328125 166
1695143428528 605.3431396484375 167
