1694164831684 0.9774486422538757 0
1694164833556 0.8379322290420532 1
1694164835376 0.8046163320541382 2
1694164837203 0.7569203972816467 3
1694164839042 0.7077138423919678 4
1694164840859 0.7078931331634521 5
1694164842667 0.6718704700469971 6
1694164844482 0.63567715883255 7
1694164846316 0.6308049559593201 8
1694164848155 0.6333995461463928 9
1694164850150 0.565888524055481 10
1694164852131 0.5478972792625427 11
1694164854143 0.5393317937850952 12
1694164856092 0.539959728717804 13
1694164857949 0.5238534808158875 14
1694164859898 0.5427287220954895 15
1694164861862 0.5155913233757019 16
1694164863711 0.5256646275520325 17
1694164865627 0.4925505220890045 18
1694164867571 0.5155914425849915 19
1694164869405 0.4773496687412262 20
1694164871265 0.46971723437309265 21
1694164873099 0.44055601954460144 22
1694164874924 0.4260721206665039 23
1694164876742 0.3986271023750305 24
1694164878564 0.42085936665534973 25
1694164880553 0.3844345808029175 26
1694164882364 0.4111456274986267 27
1694164884190 0.38928157091140747 28
1694164886141 0.3903127908706665 29
1694164888125 0.3777202367782593 30
1694164890050 0.41330382227897644 31
1694164891921 0.3706125319004059 32
1694164893895 0.39649757742881775 33
1694164895724 0.3531387746334076 34
1694164897540 0.34660908579826355 35
1694164899391 0.3532938063144684 36
1694164901235 0.3388591408729553 37
1694164903265 0.3606385588645935 38
1694164905108 0.3509892523288727 39
1694164906949 0.3228597342967987 40
1694164908785 0.3076724410057068 41
1694164910748 0.33142244815826416 42
1694164912684 0.35934314131736755 43
1694164914650 0.3242509961128235 44
1694164916471 0.3449540138244629 45
1694164918297 0.3190603256225586 46
1694164920201 0.3274146020412445 47
1694164922039 0.3474867343902588 48
1694164923900 0.33404916524887085 49
1694164925928 0.30425435304641724 50
1694164927788 0.311073362827301 51
1694164929638 0.3651997148990631 52
1694164931523 0.30167680978775024 53
1694164933400 0.30798500776290894 54
1694164935394 0.2838283181190491 55
1694164937309 0.30089282989501953 56
1694164939126 0.3177311420440674 57
1694164940959 0.3015439510345459 58
1694164942818 0.2983264923095703 59
1694164944682 0.2942396104335785 60
1694164946520 0.29704853892326355 61
1694164948567 0.26755771040916443 62
1694164950459 0.27858099341392517 63
1694164952392 0.30296364426612854 64
1694164954356 0.2874008119106293 65
1694164956277 0.2780161201953888 66
1694164958224 0.27461862564086914 67
1694164960214 0.27512630820274353 68
1694164962054 0.26036620140075684 69
1694164963978 0.2950127124786377 70
1694164965874 0.30570927262306213 71
1694164967790 0.27600017189979553 72
1694164969633 0.27233612537384033 73
1694164971474 0.31247830390930176 74
1694164973299 0.24247510731220245 75
1694164975115 0.272504597902298 76
1694164976959 0.2787092924118042 77
1694164978837 0.24549707770347595 78
1694164980797 0.27127131819725037 79
1694164982683 0.2827218174934387 80
1694164984512 0.2719530165195465 81
1694164986487 0.2515929043292999 82
1694164988323 0.2806835174560547 83
1694164990140 0.27802327275276184 84
1694164991966 0.24638774991035461 85
1694164993793 0.2671363353729248 86
1694164995642 0.25211837887763977 87
1694164997487 0.26904818415641785 88
1694164999313 0.2568417489528656 89
1694165001135 0.27637845277786255 90
1694165002965 0.2680675685405731 91
1694165004789 0.27594617009162903 92
1694165006794 0.25807085633277893 93
1694165008609 0.26476380228996277 94
1694165010432 0.2473457157611847 95
1694165012270 0.24494759738445282 96
1694165014109 0.26974180340766907 97
1694165016104 0.2252233326435089 98
1694165017945 0.2439943253993988 99
1694165019781 0.25334110856056213 100
1694165021612 0.24227456748485565 101
1694165023444 0.25288331508636475 102
1694165025281 0.22367945313453674 103
1694165027136 0.23597584664821625 104
1694165028967 0.2396717369556427 105
1694165030800 0.26866021752357483 106
1694165032709 0.2378869652748108 107
1694165034541 0.23954269289970398 108
1694165036654 0.25228920578956604 109
1694165038487 0.2484634816646576 110
1694165040309 0.22031906247138977 111
1694165042133 0.2407456785440445 112
1694165044096 0.23504462838172913 113
1694165045960 0.2574746608734131 114
1694165047819 0.24919095635414124 115
1694165049657 0.23420730233192444 116
1694165051504 0.2675084173679352 117
1694165053428 0.23423075675964355 118
1694165055270 0.23783893883228302 119
1694165057122 0.2354978621006012 120
1694165058962 0.21098719537258148 121
1694165060813 0.23368985950946808 122
1694165062662 0.21253769099712372 123
1694165064508 0.24537770450115204 124
1694165066506 0.21506300568580627 125
1694165068338 0.2452416718006134 126
1694165070186 0.2219802588224411 127
1694165072053 0.22685441374778748 128
1694165073896 0.20174540579319 129
1694165075884 0.20732320845127106 130
1694165077736 0.21852467954158783 131
1694165079583 0.22763440012931824 132
1694165081406 0.2182052880525589 133
1694165083210 0.22460636496543884 134
1694165085022 0.22168375551700592 135
1694165086858 0.21416066586971283 136
1694165088655 0.21259228885173798 137
1694165090461 0.24097509682178497 138
1694165092258 0.22112832963466644 139
1694165094062 0.2151532918214798 140
1694165096025 0.22247307002544403 141
1694165097851 0.23594677448272705 142
1694165099661 0.22294777631759644 143
1694165101483 0.21154837310314178 144
1694165103308 0.2017739862203598 145
1694165105196 0.2662793695926666 146
1694165107026 0.17710332572460175 147
1694165108840 0.22455480694770813 148
1694165110657 0.21683251857757568 149
1694165112464 0.22701528668403625 150
1694165114275 0.225068137049675 151
1694165116353 0.22636836767196655 152
1694165118237 0.19476307928562164 153
1694165120162 0.21620741486549377 154
1694165121985 0.20415601134300232 155
1694165123792 0.21990495920181274 156
1694165125727 0.2144215852022171 157
1694165127605 0.19288519024848938 158
1694165129420 0.21351656317710876 159
1694165131234 0.2076852023601532 160
1694165133189 0.2193256914615631 161
1694165135073 0.2080240696668625 162
1694165136885 0.2114289104938507 163
1694165138837 0.22289320826530457 164
1694165140644 0.21466892957687378 165
1694165142438 0.2108452469110489 166
1694165144241 0.22706054151058197 167
1694165146213 0.23430092632770538 168
1694165148010 0.21741940081119537 169
1694165149818 0.21753598749637604 170
1694165151617 0.2098308801651001 171
1694165153423 0.23179586231708527 172
1694165155227 0.20166192948818207 173
1694165157066 0.22888650000095367 174
1694165158878 0.18582189083099365 175
1694165160694 0.19306735694408417 176
1694165162494 0.21783699095249176 177
1694165164307 0.1961251050233841 178
1694165166293 0.2139633297920227 179
1694165168105 0.17902423441410065 180
1694165169924 0.18663378059864044 181
1694165171737 0.22741155326366425 182
1694165173536 0.18096625804901123 183
1694165175429 0.19578054547309875 184
1694165177272 0.21798890829086304 185
1694165179085 0.21346868574619293 186
1694165180897 0.22844040393829346 187
1694165182708 0.20353347063064575 188
1694165184520 0.1991337239742279 189
1694165186507 0.1960069239139557 190
1694165188312 0.19193662703037262 191
1694165190122 0.19207170605659485 192
1694165191935 0.20757578313350677 193
1694165193754 0.20287752151489258 194
1694165195557 0.17015518248081207 195
1694165197391 0.21388275921344757 196
1694165199206 0.1973734349012375 197
1694165201016 0.19878168404102325 198
1694165202825 0.21753598749637604 199
1694165204630 0.19676189124584198 200
1694165206615 0.19569791853427887 201
1694165208426 0.19036133587360382 202
1694165210235 0.175498828291893 203
1694165212036 0.1932404637336731 204
1694165213850 0.20995058119297028 205
1694165215745 0.19835205376148224 206
1694165217561 0.19588208198547363 207
1694165219373 0.18941502273082733 208
1694165221181 0.1906822770833969 209
1694165222998 0.20833946764469147 210
1694165224817 0.1695234775543213 211
1694165226804 0.1786990761756897 212
1694165228610 0.1895563155412674 213
1694165230427 0.17995446920394897 214
1694165232238 0.20067422091960907 215
1694165234054 0.20434831082820892 216
1694165236043 0.2015940546989441 217
1694165237862 0.17720448970794678 218
1694165239670 0.19567589461803436 219
1694165241484 0.18787623941898346 220
1694165243369 0.1764189451932907 221
1694165245220 0.19402511417865753 222
1694165247077 0.1795138269662857 223
1694165248980 0.17936871945858002 224
1694165250976 0.20622223615646362 225
1694165252894 0.20770341157913208 226
1694165254871 0.1730271279811859 227
1694165256816 0.1701633632183075 228
1694165258622 0.15823306143283844 229
1694165260435 0.18079370260238647 230
1694165262265 0.18226391077041626 231
1694165264074 0.182930588722229 232
1694165266054 0.18684184551239014 233
1694165267863 0.18173380196094513 234
1694165269744 0.17468833923339844 235
1694165271561 0.17522819340229034 236
1694165273380 0.17136743664741516 237
1694165275221 0.14958474040031433 238
1694165277054 0.19489677250385284 239
1694165278892 0.19889241456985474 240
1694165280863 0.17179551720619202 241
1694165282676 0.16744652390480042 242
1694165284492 0.17269717156887054 243
1694165286491 0.17218226194381714 244
1694165288306 0.20198874175548553 245
1694165290109 0.19144582748413086 246
1694165291914 0.1759791225194931 247
1694165293734 0.18625351786613464 248
1694165295548 0.18086451292037964 249
1694165297385 0.1810990869998932 250
1694165299198 0.18745353817939758 251
1694165301010 0.1511673480272293 252
1694165302810 0.1969270557165146 253
1694165304608 0.18972519040107727 254
