1694797964632 2163.606689453125 0
1694797964983 2264.44775390625 1
1694797965329 2209.21533203125 2
1694797965660 2219.87890625 3
1694797965992 2218.985595703125 4
1694797966323 2241.732421875 5
1694797966661 2141.6044921875 6
1694797966997 2308.51953125 7
1694797967333 2239.431396484375 8
1694797967670 2201.180419921875 9
1694797968001 2165.519775390625 10
1694797968332 2155.012939453125 11
1694797968663 2163.46728515625 12
1694797968996 2242.912353515625 13
1694797969327 2192.813720703125 14
1694797969657 2249.39501953125 15
1694797969993 2246.812255859375 16
1694797970327 2256.29931640625 17
1694797970655 2225.55859375 18
1694797970986 2276.121337890625 19
1694797971321 2253.927734375 20
1694797971651 2253.036376953125 21
1694797971979 2231.19775390625 22
1694797972315 2325.02392578125 23
1694797972647 2208.883056640625 24
1694797972980 2277.76220703125 25
1694797973310 2215.468017578125 26
1694797973648 2203.923828125 27
1694797973986 2278.7001953125 28
1694797974319 2202.044189453125 29
1694797974682 2299.03759765625 30
1694797975013 2173.558349609375 31
1694797975348 2231.583984375 32
1694797975687 2208.989501953125 33
1694797976019 2181.04248046875 34
1694797976348 2208.933349609375 35
1694797976686 2259.08935546875 36
1694797977014 2260.32763671875 37
1694797977347 2278.283935546875 38
1694797977681 2191.20751953125 39
1694797978017 2145.4599609375 40
1694797978356 2229.959228515625 41
1694797978686 2179.40869140625 42
1694797979026 2194.118408203125 43
1694797979361 2258.870849609375 44
1694797979698 2285.71142578125 45
1694797980028 2201.820068359375 46
1694797980356 2265.04638671875 47
1694797980692 2244.1376953125 48
1694797981028 2240.1650390625 49
1694797981365 2257.216796875 50
1694797981702 2258.447265625 51
1694797982036 2296.026123046875 52
1694797982377 2150.52978515625 53
1694797982714 2262.2998046875 54
1694797983052 2197.709716796875 55
1694797983396 2226.24951171875 56
1694797983728 2220.71044921875 57
1694797984062 2228.845458984375 58
1694797984396 2233.041748046875 59
1694797984736 2261.58984375 60
1694797985076 2315.828125 61
1694797985415 2214.39208984375 62
1694797985750 2240.488525390625 63
1694797986082 2153.6982421875 64
1694797986410 2158.890869140625 65
1694797986744 2272.6708984375 66
1694797987075 2227.843017578125 67
1694797987408 2196.153076171875 68
1694797987740 2354.50537109375 69
1694797988072 2200.219482421875 70
1694797988409 2250.43212890625 71
1694797988744 2194.21044921875 72
1694797989070 2294.62744140625 73
1694797989411 2201.603759765625 74
1694797989743 2256.47021484375 75
1694797990080 2224.609375 76
1694797990413 2251.55029296875 77
1694797990747 2123.20458984375 78
1694797991083 2266.732177734375 79
1694797991416 2192.755615234375 80
1694797991766 2304.340087890625 81
1694797992102 2253.689697265625 82
1694797992433 2193.6044921875 83
1694797992765 2209.87548828125 84
1694797993099 2236.298583984375 85
1694797993432 2199.50146484375 86
