1695118489317 2063.873779296875 0
1695118493192 2041.9268798828125 1
1695118493368 1960.306884765625 2
1695118493560 2029.279296875 3
1695118493755 1971.16796875 4
1695118493938 1904.0269775390625 5
1695118494116 1916.627197265625 6
1695118494292 1994.4989013671875 7
1695118494466 1900.240478515625 8
1695118494642 1940.8367919921875 9
1695118494817 1832.57080078125 10
1695118494994 1771.263671875 11
1695118495178 1748.783935546875 12
1695118495362 1739.526123046875 13
1695118495535 1826.6475830078125 14
1695118495709 1703.7705078125 15
1695118495882 1705.494384765625 16
1695118496062 1778.460693359375 17
1695118496239 1684.225830078125 18
1695118496414 1727.6153564453125 19
1695118496587 1695.64599609375 20
1695118496764 1671.89208984375 21
1695118496936 1622.9970703125 22
1695118497109 1651.614990234375 23
1695118497283 1712.9661865234375 24
1695118497468 1631.90087890625 25
1695118497654 1537.755859375 26
1695118497841 1519.989990234375 27
1695118498026 1478.62353515625 28
1695118498213 1529.6102294921875 29
1695118498392 1559.3564453125 30
1695118498581 1586.90771484375 31
1695118498769 1473.521728515625 32
1695118498956 1477.666259765625 33
1695118499139 1381.52783203125 34
1695118499324 1399.9111328125 35
1695118499509 1414.315673828125 36
1695118499686 1380.213623046875 37
1695118499868 1364.7041015625 38
1695118500056 1388.1552734375 39
1695118500245 1359.211181640625 40
1695118500438 1270.10498046875 41
1695118500631 1392.2318115234375 42
1695118500811 1361.461669921875 43
1695118500994 1316.257568359375 44
1695118501179 1315.969482421875 45
1695118501356 1331.8531494140625 46
1695118501539 1283.44384765625 47
1695118501723 1294.28466796875 48
1695118501909 1251.0223388671875 49
1695118502097 1253.293701171875 50
1695118502284 1315.337890625 51
1695118502471 1230.418701171875 52
1695118502661 1262.0362548828125 53
1695118502860 1188.97412109375 54
1695118503049 1132.242919921875 55
1695118503240 1140.88037109375 56
1695118503432 1175.732421875 57
1695118503628 1160.2274169921875 58
1695118503811 1181.9671630859375 59
1695118503991 1209.15234375 60
1695118504177 1184.7666015625 61
1695118504357 1243.58349609375 62
1695118504547 1281.0537109375 63
1695118504736 1178.805419921875 64
1695118504923 1200.219482421875 65
1695118505118 1177.751708984375 66
1695118505313 1180.01171875 67
1695118505489 1099.314453125 68
1695118505671 1136.7763671875 69
1695118505860 1125.140380859375 70
1695118506050 1148.0809326171875 71
1695118506238 1104.6724853515625 72
1695118506413 1093.598876953125 73
1695118506594 1073.1051025390625 74
1695118506775 1080.8631591796875 75
1695118506953 1089.9200439453125 76
1695118507128 1010.617431640625 77
1695118507304 1063.34912109375 78
1695118507478 1056.31103515625 79
1695118507651 986.27490234375 80
1695118507824 1093.364013671875 81
1695118508010 1068.0941162109375 82
1695118508197 1051.6796875 83
1695118508384 1084.26318359375 84
1695118508569 980.617431640625 85
1695118508758 1003.9962158203125 86
1695118508948 1088.1343994140625 87
1695118509124 1047.95703125 88
1695118509299 1004.235595703125 89
1695118509488 1034.37109375 90
1695118509684 966.8170776367188 91
1695118509876 1097.99365234375 92
1695118510059 936.4534912109375 93
1695118510234 995.7620849609375 94
1695118510412 1117.6268310546875 95
1695118510600 981.9441528320312 96
1695118510789 1005.4029541015625 97
1695118510979 993.8077392578125 98
1695118511167 1005.9692993164062 99
1695118511355 1032.439453125 100
1695118515471 978.0928344726562 101
1695118515662 1015.4456787109375 102
1695118515851 986.8817749023438 103
1695118516043 1071.0780029296875 104
1695118516239 904.317138671875 105
1695118516428 991.772216796875 106
1695118516601 946.3868408203125 107
1695118516776 928.7677001953125 108
1695118516964 1021.4702758789062 109
1695118517146 918.8070678710938 110
1695118517320 942.8182983398438 111
1695118517496 892.2614135742188 112
1695118517682 882.1520385742188 113
1695118517866 930.9476928710938 114
1695118518041 973.5441284179688 115
1695118518218 952.5215454101562 116
1695118518392 869.2421875 117
1695118518566 954.2948608398438 118
1695118518739 923.5397338867188 119
1695118518913 940.4829711914062 120
1695118519086 966.2877807617188 121
1695118519262 889.0529174804688 122
1695118519438 956.2417602539062 123
1695118519611 970.920166015625 124
1695118519785 871.30224609375 125
1695118519958 946.0751953125 126
1695118520132 972.0673828125 127
1695118520305 846.651123046875 128
1695118520479 875.7755126953125 129
1695118520658 901.0112915039062 130
1695118520852 907.55908203125 131
1695118521032 926.4728393554688 132
1695118521208 888.7495727539062 133
1695118521383 917.9951782226562 134
1695118521561 933.780517578125 135
1695118521752 855.4447021484375 136
1695118521942 874.8673706054688 137
1695118522128 835.454345703125 138
1695118522321 841.7310180664062 139
1695118522508 860.05908203125 140
1695118522687 823.8170166015625 141
1695118522866 853.5360107421875 142
1695118523042 866.49462890625 143
1695118523218 834.4237060546875 144
1695118523394 846.545166015625 145
1695118523572 846.0845336914062 146
1695118523758 825.488525390625 147
1695118523947 802.0086059570312 148
1695118524136 809.648681640625 149
1695118524328 807.7438354492188 150
1695118524518 841.6627807617188 151
1695118524706 807.9581909179688 152
1695118524887 869.9159545898438 153
1695118525063 837.210693359375 154
1695118525249 842.7902221679688 155
1695118525426 843.7169189453125 156
1695118525602 843.4782104492188 157
1695118525778 824.155517578125 158
1695118525955 903.99658203125 159
1695118526131 856.9776611328125 160
1695118526307 917.4281005859375 161
1695118526484 923.0392456054688 162
1695118526658 859.0255126953125 163
1695118526832 830.8063354492188 164
1695118527006 853.5126342773438 165
1695118527182 798.8458251953125 166
1695118527356 838.2265625 167
1695118527530 876.4109497070312 168
1695118527705 781.3433227539062 169
1695118527881 864.7510986328125 170
1695118528056 884.0335693359375 171
1695118528232 786.623046875 172
1695118528410 834.7296142578125 173
1695118528586 833.0777587890625 174
1695118528761 777.9927368164062 175
1695118528937 850.816162109375 176
1695118529111 823.8251342773438 177
1695118529285 832.28076171875 178
1695118529460 803.7379150390625 179
1695118529636 769.03369140625 180
1695118529811 786.7381591796875 181
1695118529987 822.0634155273438 182
1695118530164 818.3497314453125 183
1695118530339 816.2230834960938 184
1695118530515 740.138916015625 185
1695118530690 786.022705078125 186
1695118530865 828.8908081054688 187
1695118531040 814.7384033203125 188
1695118531214 774.4385986328125 189
1695118531390 799.1344604492188 190
1695118531569 736.2255249023438 191
1695118531764 813.2591552734375 192
1695118531953 780.957275390625 193
1695118532135 767.357177734375 194
1695118532316 792.5282592773438 195
1695118532489 815.3607788085938 196
1695118532661 810.160400390625 197
1695118532834 786.123779296875 198
1695118533006 814.32080078125 199
1695118533179 766.2923583984375 200
1695118537016 803.6725463867188 201
1695118537189 873.9765625 202
1695118537364 794.2218017578125 203
1695118537540 835.8755493164062 204
1695118537718 760.8240356445312 205
1695118537903 798.7722778320312 206
1695118538092 798.7092895507812 207
1695118538275 834.1351318359375 208
1695118538449 850.3236694335938 209
1695118538623 764.22265625 210
1695118538797 794.6602172851562 211
1695118538971 820.4886474609375 212
1695118539152 743.1578369140625 213
1695118539340 772.5369262695312 214
1695118539531 760.2078247070312 215
1695118539715 801.1102294921875 216
1695118539891 841.1324462890625 217
1695118540076 740.0228271484375 218
1695118540253 765.0198974609375 219
1695118540428 803.0777587890625 220
1695118540602 768.9901123046875 221
1695118540777 767.742919921875 222
1695118540951 763.4948120117188 223
1695118541125 791.3836669921875 224
1695118541301 765.224609375 225
1695118541474 776.8682861328125 226
1695118541650 793.582275390625 227
1695118541846 735.3117065429688 228
1695118542019 776.2841796875 229
1695118542191 701.5643920898438 230
1695118542369 764.68115234375 231
1695118542551 783.7360229492188 232
1695118542726 718.1248168945312 233
1695118542901 758.1602783203125 234
1695118543089 736.34228515625 235
1695118543269 739.4747314453125 236
1695118543451 727.33740234375 237
1695118543634 771.5606689453125 238
1695118543813 838.03857421875 239
1695118543987 685.4381103515625 240
1695118544172 747.8941650390625 241
1695118544358 755.994140625 242
1695118544543 772.17724609375 243
1695118544728 768.408447265625 244
1695118544914 728.0059814453125 245
1695118545110 749.4718627929688 246
1695118545298 730.3547973632812 247
1695118545485 738.11279296875 248
1695118545684 702.4652099609375 249
1695118545865 786.0452880859375 250
1695118546037 737.9382934570312 251
1695118546220 676.790771484375 252
1695118546407 725.6771240234375 253
1695118546582 760.8825073242188 254
1695118546759 876.9594116210938 255
1695118546945 749.18701171875 256
1695118547123 753.0364379882812 257
1695118547297 714.5787963867188 258
1695118547474 704.5467529296875 259
1695118547648 693.0137939453125 260
1695118547822 780.5773315429688 261
1695118547995 680.5752563476562 262
1695118548167 688.1844482421875 263
1695118548340 769.81982421875 264
1695118548515 731.1332397460938 265
1695118548688 698.3630981445312 266
1695118548861 718.4755859375 267
1695118549034 739.485595703125 268
1695118549207 690.1521606445312 269
1695118549381 733.3677978515625 270
1695118549553 686.1405029296875 271
1695118549724 703.2991333007812 272
1695118549896 713.8858642578125 273
1695118550070 754.47216796875 274
1695118550244 676.802734375 275
1695118550417 686.353515625 276
1695118550595 707.6174926757812 277
1695118550787 685.6619873046875 278
1695118550971 740.5611572265625 279
1695118551147 757.12744140625 280
1695118551325 634.5582275390625 281
1695118551499 676.6640014648438 282
1695118551675 673.291748046875 283
1695118551851 682.44873046875 284
1695118552029 737.482177734375 285
1695118552204 680.5242309570312 286
1695118552380 684.1151123046875 287
1695118552558 713.8172607421875 288
1695118552748 694.3455810546875 289
1695118552943 719.92724609375 290
1695118553132 695.0428466796875 291
1695118553320 713.8703002929688 292
1695118553515 707.58203125 293
1695118553692 657.8343505859375 294
1695118553868 725.0216064453125 295
1695118554044 671.769287109375 296
1695118554221 722.8657836914062 297
1695118554397 667.723876953125 298
1695118554575 707.504150390625 299
1695118554751 692.6883544921875 300
1695118558469 705.5357666015625 301
1695118558646 683.8650512695312 302
1695118558829 698.6001586914062 303
1695118559003 649.1720581054688 304
1695118559177 731.1599731445312 305
1695118559354 697.6434326171875 306
1695118559528 674.664794921875 307
1695118559702 688.8814086914062 308
1695118559879 718.0318603515625 309
1695118560057 688.3842163085938 310
1695118560232 622.1828002929688 311
1695118560408 683.6802978515625 312
1695118560585 666.6370849609375 313
1695118560759 700.3797607421875 314
1695118560934 706.310791015625 315
1695118561108 703.817626953125 316
1695118561282 661.086669921875 317
1695118561456 656.31005859375 318
1695118561631 706.4078979492188 319
1695118561806 685.7691040039062 320
1695118561980 665.92333984375 321
1695118562154 704.6654663085938 322
1695118562329 628.6417236328125 323
1695118562503 649.259765625 324
1695118562684 661.0275268554688 325
1695118562878 717.2465209960938 326
1695118563073 699.8802490234375 327
1695118563259 656.6771240234375 328
1695118563440 713.687255859375 329
1695118563612 721.4949951171875 330
1695118563784 649.06640625 331
1695118563957 716.6612548828125 332
1695118564146 714.098388671875 333
1695118564333 681.8790283203125 334
1695118564507 763.240234375 335
1695118564681 668.30859375 336
1695118564857 605.2635498046875 337
1695118565046 702.0804443359375 338
1695118565233 695.3395385742188 339
1695118565425 665.4553833007812 340
1695118565617 657.5430908203125 341
1695118565806 668.6197509765625 342
1695118565996 642.030029296875 343
1695118566198 693.1676025390625 344
1695118566380 674.4091186523438 345
1695118566554 665.4149169921875 346
1695118566732 661.990478515625 347
1695118566907 685.4678344726562 348
1695118567083 646.055419921875 349
1695118567256 719.7595825195312 350
1695118567432 668.9537353515625 351
1695118567606 667.4644775390625 352
1695118567783 680.4754638671875 353
1695118567958 729.549560546875 354
1695118568133 719.63623046875 355
1695118568305 630.7193603515625 356
1695118568478 684.2180786132812 357
1695118568650 684.2457885742188 358
1695118568823 697.4815063476562 359
1695118568998 652.6546020507812 360
1695118569171 653.9108276367188 361
1695118569344 717.058837890625 362
1695118569518 652.9647827148438 363
1695118569691 720.732666015625 364
1695118569865 631.0217895507812 365
1695118570037 692.044677734375 366
1695118570209 654.5003662109375 367
1695118570381 700.8590087890625 368
1695118570554 710.3681640625 369
1695118570727 694.4620361328125 370
1695118570899 674.030517578125 371
1695118571072 674.0089721679688 372
1695118571246 639.4163818359375 373
1695118571419 641.0921630859375 374
1695118571592 662.2421875 375
1695118571764 642.2474975585938 376
1695118571940 645.859375 377
1695118572123 674.6699829101562 378
1695118572308 665.5719604492188 379
1695118572486 649.5599975585938 380
1695118572659 673.9955444335938 381
1695118572847 658.5703125 382
1695118573034 631.8151245117188 383
1695118573229 653.13671875 384
1695118573424 633.525390625 385
1695118573614 642.4227294921875 386
1695118573804 600.2161865234375 387
1695118573998 619.5421142578125 388
1695118574190 625.1295166015625 389
1695118574364 709.7105712890625 390
1695118574538 674.7508544921875 391
1695118574716 629.21337890625 392
1695118574906 662.5753784179688 393
1695118575093 607.5306396484375 394
1695118575275 643.0568237304688 395
1695118575452 658.3018798828125 396
1695118575629 661.030517578125 397
1695118575807 628.2354736328125 398
1695118575985 666.6468505859375 399
1695118576163 642.5637817382812 400
1695118580010 631.2578125 401
1695118580186 634.5059814453125 402
1695118580359 641.901123046875 403
1695118580533 700.2687377929688 404
1695118580705 638.5521850585938 405
1695118580878 621.41064453125 406
1695118581052 728.9550170898438 407
1695118581225 656.9385375976562 408
1695118581398 710.975341796875 409
1695118581573 626.6671142578125 410
1695118581759 652.1099853515625 411
1695118581946 617.0030517578125 412
1695118582121 666.254638671875 413
1695118582296 743.5300903320312 414
1695118582470 586.4849243164062 415
1695118582652 607.6241455078125 416
1695118582848 633.3731689453125 417
1695118583032 682.0831298828125 418
1695118583217 678.551513671875 419
1695118583402 626.8702392578125 420
1695118583587 626.7733154296875 421
1695118583771 618.1039428710938 422
1695118583965 625.98388671875 423
1695118584159 615.6593017578125 424
1695118584348 650.8502197265625 425
1695118584539 690.4937133789062 426
1695118584736 581.3746948242188 427
1695118584912 628.7630615234375 428
1695118585086 630.8302001953125 429
1695118585267 616.48291015625 430
1695118585453 612.8983764648438 431
1695118585628 614.803955078125 432
1695118585803 622.0322265625 433
1695118585976 609.644287109375 434
1695118586150 665.130859375 435
1695118586330 620.8692626953125 436
1695118586506 727.3689575195312 437
1695118586682 635.6507568359375 438
1695118586857 665.9462890625 439
1695118587034 668.453125 440
1695118587210 685.046875 441
1695118587385 623.0218505859375 442
1695118587558 623.0435180664062 443
1695118587730 627.0873413085938 444
1695118587902 643.028564453125 445
1695118588079 614.367431640625 446
1695118588252 634.1646728515625 447
1695118588428 640.4150390625 448
1695118588600 581.5729370117188 449
1695118588773 619.880615234375 450
1695118588946 660.7277221679688 451
1695118589119 619.098876953125 452
1695118589294 627.341796875 453
1695118589467 664.853759765625 454
1695118589640 630.5377197265625 455
1695118589813 686.4421997070312 456
1695118589987 620.510986328125 457
1695118590160 584.0230712890625 458
1695118590333 620.6448974609375 459
1695118590505 639.1242065429688 460
1695118590678 597.3699951171875 461
1695118590849 643.0548095703125 462
1695118591026 603.6107788085938 463
1695118591200 611.9472045898438 464
1695118591375 714.5057373046875 465
1695118591549 668.852294921875 466
1695118591721 667.875732421875 467
1695118591893 641.860595703125 468
1695118592069 632.3787841796875 469
1695118592245 616.3328857421875 470
1695118592418 596.6561279296875 471
1695118592592 645.742431640625 472
1695118592765 571.5064697265625 473
1695118592938 664.5585327148438 474
1695118593111 625.6115112304688 475
1695118593284 616.7381591796875 476
1695118593457 613.8763427734375 477
1695118593633 598.9716796875 478
1695118593808 642.2696533203125 479
1695118593983 659.9520874023438 480
1695118594157 649.5794677734375 481
1695118594334 624.08935546875 482
1695118594512 641.0423583984375 483
1695118594686 591.22607421875 484
1695118594861 655.3055419921875 485
1695118595034 606.5872802734375 486
1695118595206 593.3508911132812 487
1695118595382 621.6378784179688 488
1695118595557 624.795166015625 489
1695118595729 620.0172729492188 490
1695118595903 756.8643188476562 491
1695118596076 629.0110473632812 492
1695118596250 644.3527221679688 493
1695118596425 654.9649047851562 494
1695118596600 614.196044921875 495
1695118596773 624.5869140625 496
1695118596947 589.5917358398438 497
1695118597120 570.1093139648438 498
1695118597296 643.0507202148438 499
1695118597469 592.637451171875 500
1695118601046 620.460693359375 501
1695118601220 620.3145751953125 502
1695118601399 604.6263427734375 503
1695118601574 621.6419677734375 504
1695118601746 636.6875 505
1695118601919 634.2954711914062 506
1695118602095 649.0943603515625 507
1695118602269 693.6925659179688 508
1695118602447 615.8482666015625 509
1695118602621 591.8853149414062 510
1695118602797 631.0897216796875 511
1695118602970 588.0208129882812 512
1695118603143 629.3370361328125 513
1695118603315 648.1092529296875 514
1695118603488 582.6115112304688 515
1695118603672 637.4336547851562 516
1695118603856 602.6881713867188 517
1695118604030 652.3756103515625 518
1695118604210 602.7793579101562 519
1695118604403 578.40380859375 520
1695118604586 623.3094482421875 521
1695118604775 659.4754638671875 522
1695118604953 638.20361328125 523
1695118605127 578.3444213867188 524
1695118605304 629.71044921875 525
1695118605492 596.6609497070312 526
1695118605682 589.1395874023438 527
1695118605873 603.735107421875 528
1695118606059 641.1026611328125 529
1695118606257 625.552734375 530
1695118606442 618.7748413085938 531
1695118606625 619.5630493164062 532
1695118606810 582.627685546875 533
1695118606988 612.62109375 534
1695118607162 594.9490356445312 535
1695118607337 604.8380126953125 536
1695118607513 600.035888671875 537
1695118607687 554.633056640625 538
1695118607861 581.5662841796875 539
1695118608035 570.6345825195312 540
1695118608211 623.3359375 541
1695118608385 603.4329223632812 542
1695118608559 591.0554809570312 543
1695118608736 620.6771850585938 544
1695118608911 564.244140625 545
1695118609085 647.8298950195312 546
1695118609275 570.1860961914062 547
1695118609461 569.6196899414062 548
1695118609643 624.1553955078125 549
1695118609817 636.9022827148438 550
1695118609992 603.9373779296875 551
1695118610168 598.50390625 552
1695118610343 583.173095703125 553
1695118610520 563.9171142578125 554
1695118610692 623.9551391601562 555
1695118610880 588.1137084960938 556
1695118611057 607.8289794921875 557
1695118611231 597.2191162109375 558
1695118611405 571.0087890625 559
1695118611579 553.9727172851562 560
1695118611754 597.8109741210938 561
1695118611929 668.9908447265625 562
1695118612104 576.45263671875 563
1695118612293 661.3751220703125 564
1695118612484 640.2814331054688 565
1695118612669 554.953125 566
1695118612846 657.5963134765625 567
1695118613023 713.9733276367188 568
1695118613211 597.10546875 569
1695118613400 605.6610107421875 570
1695118613589 574.340087890625 571
1695118613779 609.3372192382812 572
1695118613970 529.8770751953125 573
1695118614161 600.3785400390625 574
1695118614352 594.7171630859375 575
1695118614526 543.4371948242188 576
1695118614713 595.209716796875 577
1695118614889 593.4146118164062 578
1695118615063 621.6070556640625 579
1695118615253 578.389404296875 580
1695118615443 598.2788696289062 581
1695118615633 588.9933471679688 582
1695118615823 597.96923828125 583
1695118616002 601.7514038085938 584
1695118616177 586.2017822265625 585
1695118616351 572.2970581054688 586
1695118616528 655.4849243164062 587
1695118616703 620.197509765625 588
1695118616879 644.866455078125 589
1695118617057 588.1255493164062 590
1695118617232 604.3910522460938 591
1695118617407 630.21533203125 592
1695118617582 603.221923828125 593
1695118617759 575.2913818359375 594
1695118617933 598.8213500976562 595
1695118618107 576.5048217773438 596
1695118618284 582.840087890625 597
1695118618460 581.8016967773438 598
1695118618635 608.7872314453125 599
1695118618814 609.4511108398438 600
1695118622471 566.0877075195312 601
1695118622647 555.0048828125 602
1695118622820 591.2161254882812 603
1695118622994 580.0934448242188 604
1695118623173 553.6697998046875 605
1695118623366 618.5313110351562 606
1695118623557 558.41552734375 607
1695118623745 608.389892578125 608
1695118623941 618.2548828125 609
1695118624125 630.0929565429688 610
1695118624297 592.5355834960938 611
1695118624470 590.0565795898438 612
1695118624646 566.284423828125 613
1695118624820 579.753662109375 614
1695118624992 589.2445068359375 615
1695118625165 619.087646484375 616
1695118625349 617.7342529296875 617
1695118625526 593.2800903320312 618
1695118625700 601.649658203125 619
1695118625873 596.5257568359375 620
1695118626046 575.2947998046875 621
1695118626220 594.2026977539062 622
1695118626395 574.549560546875 623
1695118626569 602.6006469726562 624
1695118626742 627.5128173828125 625
1695118626915 569.3711547851562 626
1695118627088 584.5230102539062 627
1695118627261 604.419921875 628
1695118627433 569.093994140625 629
1695118627606 592.0831909179688 630
1695118627779 649.21240234375 631
1695118627953 570.7554321289062 632
1695118628126 570.2757568359375 633
1695118628300 609.1284790039062 634
1695118628473 631.4346923828125 635
1695118628646 583.1661987304688 636
1695118628819 655.5718994140625 637
1695118628992 615.6795043945312 638
1695118629164 598.8460693359375 639
1695118629336 578.2029418945312 640
1695118629509 568.7037353515625 641
1695118629682 597.645751953125 642
1695118629855 581.6168212890625 643
1695118630027 556.621826171875 644
1695118630201 569.0867919921875 645
1695118630374 556.3812255859375 646
1695118630548 583.6666259765625 647
1695118630719 575.80224609375 648
1695118630891 613.7981567382812 649
1695118631064 595.8377685546875 650
1695118631236 572.4523315429688 651
1695118631411 579.07763671875 652
1695118631584 557.0796508789062 653
1695118631757 602.1013793945312 654
1695118631930 627.035888671875 655
1695118632103 557.7376098632812 656
1695118632275 589.9447021484375 657
1695118632446 584.7059936523438 658
1695118632619 547.3163452148438 659
1695118632792 600.105712890625 660
1695118632967 573.437255859375 661
1695118633157 539.6258544921875 662
1695118633334 584.989990234375 663
1695118633510 577.678955078125 664
1695118633685 563.5006103515625 665
1695118633863 555.321533203125 666
1695118634040 621.8632202148438 667
1695118634215 609.07080078125 668
1695118634392 603.4046630859375 669
1695118634567 612.3961791992188 670
1695118634755 571.5263671875 671
1695118634944 599.80908203125 672
1695118635133 539.1278076171875 673
1695118635322 579.8585815429688 674
1695118635510 592.1705932617188 675
1695118635701 536.6134033203125 676
1695118635892 560.0897216796875 677
1695118636082 576.170166015625 678
1695118636276 565.7418823242188 679
1695118636468 632.9496459960938 680
1695118636659 558.3369750976562 681
1695118636851 571.875244140625 682
1695118637041 569.2928466796875 683
1695118637230 534.2730712890625 684
1695118637421 587.318359375 685
1695118637599 586.3533325195312 686
1695118637785 568.626953125 687
1695118637960 583.83154296875 688
1695118638140 508.50738525390625 689
1695118638330 600.0438842773438 690
1695118638505 539.66357421875 691
1695118638686 551.94384765625 692
1695118638864 567.1618041992188 693
1695118639044 611.4307250976562 694
1695118639221 532.5721435546875 695
1695118639395 599.3409423828125 696
1695118639573 564.8433227539062 697
1695118639749 585.1654663085938 698
1695118639925 551.6370849609375 699
1695118640100 557.5377197265625 700
1695118643819 536.8712768554688 701
1695118643996 592.1950073242188 702
1695118644172 551.1934204101562 703
1695118644349 563.1605834960938 704
1695118644526 599.36279296875 705
1695118644700 578.015380859375 706
1695118644878 564.7129516601562 707
1695118645058 610.0206298828125 708
1695118645239 553.9725952148438 709
1695118645428 572.9979858398438 710
1695118645604 574.7348022460938 711
1695118645786 558.9373168945312 712
1695118645963 571.6083374023438 713
1695118646143 539.4152221679688 714
1695118646321 543.6802368164062 715
1695118646505 587.281982421875 716
1695118646684 544.1580200195312 717
1695118646861 562.6343383789062 718
1695118647041 577.4978637695312 719
1695118647221 567.254638671875 720
1695118647400 593.200927734375 721
1695118647586 566.0927124023438 722
1695118647761 568.8402709960938 723
1695118647942 593.7367553710938 724
1695118648119 605.5040283203125 725
1695118648297 530.0913696289062 726
1695118648482 600.9314575195312 727
1695118648670 571.7337036132812 728
1695118648846 615.070068359375 729
1695118649022 558.3312377929688 730
1695118649202 592.5485229492188 731
1695118649379 604.5148315429688 732
1695118649559 541.34619140625 733
1695118649739 568.4806518554688 734
1695118649922 542.4742431640625 735
1695118650112 579.7362670898438 736
1695118650297 612.0104370117188 737
1695118650480 542.2640380859375 738
1695118650662 578.5593872070312 739
1695118650841 568.208984375 740
1695118651022 563.7133178710938 741
1695118651209 526.8563842773438 742
1695118651387 540.5713500976562 743
1695118651564 523.6121826171875 744
1695118651745 552.922119140625 745
1695118651923 553.9125366210938 746
1695118652099 607.37451171875 747
1695118652275 534.3847045898438 748
1695118652456 545.2503051757812 749
1695118652632 613.5703735351562 750
1695118652815 571.7706298828125 751
1695118653006 583.8934326171875 752
1695118653197 563.7073974609375 753
1695118653387 548.336669921875 754
1695118653575 547.8704833984375 755
1695118653752 574.5516967773438 756
1695118653936 605.5218505859375 757
1695118654111 557.991455078125 758
1695118654301 562.4495849609375 759
1695118654495 572.7635498046875 760
1695118654685 557.3289794921875 761
1695118654879 588.7593383789062 762
1695118655070 594.7005004882812 763
1695118655256 571.076904296875 764
1695118655438 571.2854614257812 765
1695118655625 512.32958984375 766
1695118655813 559.4197998046875 767
1695118656001 550.583251953125 768
1695118656187 549.8815307617188 769
1695118656381 547.8694458007812 770
1695118656574 595.000732421875 771
1695118656760 575.0171508789062 772
1695118656947 545.8719482421875 773
1695118657141 588.1407470703125 774
1695118657331 570.4177856445312 775
1695118657509 566.062744140625 776
1695118657693 549.6932983398438 777
1695118657874 537.6688232421875 778
1695118658056 529.9996337890625 779
1695118658243 568.4024047851562 780
1695118658428 550.6461181640625 781
1695118658609 561.2923583984375 782
1695118658784 538.1895751953125 783
1695118658963 534.657470703125 784
1695118659150 588.4838256835938 785
1695118659333 525.2353515625 786
1695118659517 589.0847778320312 787
1695118659701 520.0090942382812 788
1695118659887 589.1411743164062 789
1695118660059 565.6470336914062 790
1695118660235 541.6767578125 791
1695118660410 577.14208984375 792
1695118660593 555.3898315429688 793
1695118660780 576.9808349609375 794
1695118660969 592.7424926757812 795
1695118661145 538.409423828125 796
1695118661317 576.9430541992188 797
1695118661493 545.7099609375 798
1695118661666 600.6796264648438 799
1695118661841 554.5734252929688 800
1695118665423 546.7886962890625 801
1695118665608 521.65673828125 802
1695118665795 592.1783447265625 803
1695118665971 558.0740966796875 804
1695118666145 544.3033447265625 805
1695118666317 554.3614501953125 806
1695118666500 556.7433471679688 807
1695118666673 535.1136474609375 808
1695118666845 539.0421142578125 809
1695118667029 542.0358276367188 810
1695118667213 553.2080688476562 811
1695118667392 528.6670532226562 812
1695118667571 524.6227416992188 813
1695118667759 531.524658203125 814
1695118667934 565.46044921875 815
1695118668112 544.3260498046875 816
1695118668290 536.0943603515625 817
1695118668465 554.8015747070312 818
1695118668640 511.965087890625 819
1695118668816 587.7341918945312 820
1695118668991 522.5453491210938 821
1695118669168 562.0172119140625 822
1695118669354 571.7691040039062 823
1695118669533 571.0784301757812 824
1695118669712 531.8698120117188 825
1695118669893 518.0259399414062 826
1695118670075 517.1646728515625 827
1695118670255 568.7660522460938 828
1695118670442 517.1524047851562 829
1695118670624 552.9970703125 830
1695118670803 517.8655395507812 831
1695118670979 539.083251953125 832
1695118671158 545.4874267578125 833
1695118671339 515.9255981445312 834
1695118671517 544.29248046875 835
1695118671699 549.7577514648438 836
1695118671886 542.404541015625 837
1695118672066 560.1644287109375 838
1695118672242 522.0914916992188 839
1695118672424 516.4830322265625 840
1695118672598 537.8021850585938 841
1695118672775 532.25927734375 842
1695118672951 551.6594848632812 843
1695118673126 556.5097045898438 844
1695118673316 554.1189575195312 845
1695118673500 559.9306640625 846
1695118673676 546.1182861328125 847
1695118673852 547.3588256835938 848
1695118674032 512.107177734375 849
1695118674209 564.2742309570312 850
1695118674384 523.9847412109375 851
1695118674561 526.0342407226562 852
1695118674737 545.560546875 853
1695118674917 538.7020263671875 854
1695118675102 500.5257568359375 855
1695118675294 503.453857421875 856
1695118675475 550.6109619140625 857
1695118675651 547.346923828125 858
1695118675827 560.422119140625 859
1695118676009 539.355224609375 860
1695118676190 513.0863647460938 861
1695118676370 497.1689147949219 862
1695118676549 549.0570068359375 863
1695118676730 517.3311157226562 864
1695118676908 592.359375 865
1695118677083 561.5306396484375 866
1695118677259 588.5628662109375 867
1695118677438 517.7238159179688 868
1695118677617 589.6737670898438 869
1695118677793 584.7747802734375 870
1695118677969 592.3509521484375 871
1695118678145 518.146484375 872
1695118678325 522.5064697265625 873
1695118678504 564.230712890625 874
1695118678689 544.5142822265625 875
1695118678880 546.696044921875 876
1695118679070 513.2047119140625 877
1695118679259 535.6250610351562 878
