1694167381823 0.9774486422538757 0
1694167383675 1.1358872652053833 1
1694167385464 0.7995197772979736 2
1694167387280 0.7202520370483398 3
1694167389069 0.5945488810539246 4
1694167390862 0.5219199657440186 5
1694167392662 0.4958344101905823 6
1694167394458 0.4696849584579468 7
1694167396247 0.48129892349243164 8
1694167398057 0.4415346086025238 9
1694167399859 0.40537789463996887 10
1694167401708 0.4150691330432892 11
1694167403549 0.3940183222293854 12
1694167405551 0.3747597336769104 13
1694167407481 0.3920941948890686 14
1694167409361 0.39788147807121277 15
1694167411262 0.3613635003566742 16
1694167413104 0.3787563741207123 17
1694167414931 0.3413271903991699 18
1694167416865 0.3539023697376251 19
1694167418881 0.35879525542259216 20
1694167420860 0.3414444625377655 21
1694167422795 0.32793673872947693 22
1694167424615 0.3223392963409424 23
1694167426754 0.3054678440093994 24
1694167428605 0.32523900270462036 25
1694167430406 0.2949271500110626 26
1694167432203 0.3040071427822113 27
1694167433996 0.2864619791507721 28
1694167435960 0.29253464937210083 29
1694167437854 0.2667681574821472 30
1694167439647 0.31497853994369507 31
1694167441445 0.2809028625488281 32
1694167443260 0.31654176115989685 33
1694167445052 0.30043184757232666 34
1694167446875 0.27663880586624146 35
1694167448692 0.27878689765930176 36
1694167450485 0.2471504509449005 37
1694167452282 0.2729571461677551 38
1694167454060 0.2637423574924469 39
1694167456011 0.27065059542655945 40
1694167457816 0.2562066316604614 41
1694167459614 0.2670581340789795 42
1694167461410 0.302835613489151 43
1694167463211 0.26134467124938965 44
1694167465019 0.29222238063812256 45
1694167466880 0.2416696846485138 46
1694167468689 0.26994016766548157 47
1694167470492 0.278688907623291 48
1694167472297 0.25641930103302 49
1694167474106 0.2470356971025467 50
1694167476081 0.25579896569252014 51
1694167477882 0.2877275049686432 52
1694167479683 0.25254106521606445 53
1694167481495 0.27055642008781433 54
1694167483290 0.23973844945430756 55
1694167485086 0.2364935427904129 56
1694167486918 0.26372817158699036 57
1694167488720 0.25336384773254395 58
1694167490514 0.23561030626296997 59
1694167492315 0.23444628715515137 60
1694167494106 0.2561000883579254 61
1694167496061 0.22701199352741241 62
1694167497869 0.22372783720493317 63
1694167499677 0.2521238923072815 64
1694167501477 0.25307491421699524 65
1694167503281 0.22371605038642883 66
1694167505162 0.23507563769817352 67
1694167506977 0.2254248708486557 68
1694167508785 0.21672554314136505 69
1694167510568 0.21644218266010284 70
1694167512351 0.24471639096736908 71
1694167514156 0.2252490073442459 72
1694167516108 0.23408910632133484 73
1694167517900 0.2551693320274353 74
1694167519685 0.21544966101646423 75
1694167521476 0.22653937339782715 76
1694167523276 0.22750960290431976 77
1694167525073 0.19314442574977875 78
1694167526870 0.21039818227291107 79
1694167528670 0.2501565217971802 80
1694167530459 0.21981486678123474 81
1694167532256 0.22328467667102814 82
1694167534049 0.2311064451932907 83
1694167536011 0.22759801149368286 84
1694167537798 0.21229948103427887 85
1694167539597 0.23009157180786133 86
1694167541406 0.20070382952690125 87
1694167543220 0.2275366187095642 88
1694167545026 0.2327868789434433 89
1694167546829 0.22515349090099335 90
1694167548625 0.2322457730770111 91
1694167550429 0.23923549056053162 92
1694167552228 0.21648260951042175 93
1694167554027 0.2299540787935257 94
1694167555975 0.20825587213039398 95
1694167557780 0.200417160987854 96
1694167559581 0.2216586470603943 97
1694167561388 0.197295680642128 98
1694167563176 0.20396800339221954 99
1694167564984 0.2145112305879593 100
1694167566793 0.2218572348356247 101
1694167568601 0.20289316773414612 102
1694167570407 0.20225918292999268 103
1694167572192 0.20478127896785736 104
1694167573981 0.214911550283432 105
1694167575940 0.22502388060092926 106
1694167577820 0.2078239917755127 107
1694167579618 0.20883357524871826 108
1694167581406 0.22068803012371063 109
1694167583209 0.20244625210762024 110
1694167584999 0.1896822452545166 111
1694167586822 0.21493148803710938 112
1694167588623 0.18438054621219635 113
1694167590424 0.2040262669324875 114
1694167592224 0.20926900207996368 115
1694167594022 0.20233361423015594 116
1694167595989 0.2297009378671646 117
1694167597785 0.2101479172706604 118
1694167599576 0.19063851237297058 119
1694167601411 0.1907956600189209 120
1694167603231 0.16223680973052979 121
1694167605063 0.19331592321395874 122
1694167606888 0.17635846138000488 123
1694167608695 0.20466646552085876 124
1694167610507 0.17877744138240814 125
1694167612328 0.19698584079742432 126
1694167614151 0.21462710201740265 127
1694167615972 0.1894516944885254 128
1694167617768 0.1673724502325058 129
1694167619565 0.17953312397003174 130
1694167621390 0.18691596388816833 131
1694167623189 0.19345471262931824 132
1694167624994 0.17850172519683838 133
1694167626808 0.17726629972457886 134
1694167628604 0.17458374798297882 135
1694167630417 0.18627189099788666 136
1694167632232 0.18458041548728943 137
1694167634039 0.21620532870292664 138
1694167635846 0.18971171975135803 139
1694167637656 0.18410766124725342 140
1694167639470 0.17964646220207214 141
1694167641287 0.1922261118888855 142
1694167643076 0.19796913862228394 143
1694167644877 0.17266550660133362 144
1694167646681 0.18570317327976227 145
1694167648556 0.2390117347240448 146
1694167650350 0.14816412329673767 147
1694167652177 0.18223236501216888 148
1694167653990 0.18368011713027954 149
1694167655804 0.17527227103710175 150
1694167657625 0.17628610134124756 151
1694167659435 0.17739422619342804 152
1694167661262 0.18194662034511566 153
1694167663054 0.1792650669813156 154
1694167664847 0.18545807898044586 155
1694167666658 0.18095941841602325 156
1694167668460 0.17107820510864258 157
1694167670268 0.16963203251361847 158
1694167672076 0.1917099505662918 159
1694167673887 0.17382928729057312 160
1694167675713 0.17414844036102295 161
1694167677716 0.1779930591583252 162
1694167679588 0.17713940143585205 163
1694167681460 0.19188766181468964 164
1694167683352 0.17332863807678223 165
1694167685202 0.20806623995304108 166
1694167687063 0.2074304223060608 167
1694167688914 0.19715355336666107 168
1694167690779 0.19033311307430267 169
1694167692673 0.1829206794500351 170
1694167694543 0.18242952227592468 171
1694167696369 0.20292048156261444 172
1694167698188 0.1717805564403534 173
1694167700006 0.19701814651489258 174
1694167701838 0.1813969761133194 175
1694167703663 0.16067300736904144 176
1694167705493 0.16573292016983032 177
1694167707328 0.17073990404605865 178
1694167709152 0.17947369813919067 179
1694167710988 0.14648404717445374 180
1694167712833 0.15579721331596375 181
1694167714713 0.19690978527069092 182
1694167716561 0.14991140365600586 183
1694167718535 0.1751754879951477 184
1694167720413 0.18019191920757294 185
1694167722239 0.21105147898197174 186
1694167724086 0.17817048728466034 187
1694167725920 0.18582651019096375 188
1694167727750 0.16999143362045288 189
1694167729556 0.1731017380952835 190
1694167731376 0.1772327423095703 191
1694167733212 0.18212677538394928 192
1694167735088 0.19208918511867523 193
1694167736958 0.17943276464939117 194
1694167738849 0.13503482937812805 195
1694167740717 0.18665745854377747 196
1694167742554 0.18277093768119812 197
1694167744442 0.198269784450531 198
1694167746302 0.19575701653957367 199
1694167748142 0.17599886655807495 200
1694167750007 0.19177629053592682 201
1694167751877 0.16369420289993286 202
1694167753778 0.14020398259162903 203
1694167755641 0.1768570840358734 204
1694167757557 0.1916501373052597 205
1694167759422 0.1866995245218277 206
1694167761276 0.19495774805545807 207
1694167763140 0.17166203260421753 208
1694167765046 0.17435890436172485 209
1694167766946 0.19683672487735748 210
1694167768836 0.15139737725257874 211
1694167770706 0.1662428230047226 212
1694167772564 0.14996708929538727 213
1694167774384 0.1659417301416397 214
1694167776193 0.18969598412513733 215
1694167778024 0.18354067206382751 216
1694167779854 0.1793026626110077 217
1694167781674 0.15574607253074646 218
1694167783512 0.20606070756912231 219
1694167785326 0.1736871749162674 220
1694167787146 0.16637854278087616 221
1694167788968 0.1875685304403305 222
1694167790788 0.1726018786430359 223
1694167792716 0.13921906054019928 224
1694167794540 0.19487951695919037 225
1694167796352 0.17172913253307343 226
1694167798197 0.1514161378145218 227
1694167800024 0.15513335168361664 228
1694167801851 0.1547771543264389 229
1694167803691 0.1662527173757553 230
1694167805527 0.16961723566055298 231
1694167807357 0.15182480216026306 232
1694167809171 0.16939394176006317 233
1694167810992 0.15694451332092285 234
1694167812811 0.15444982051849365 235
1694167814645 0.1511673480272293 236
1694167816472 0.15164750814437866 237
1694167818297 0.1255352944135666 238
1694167820112 0.1597232073545456 239
1694167821934 0.18733635544776917 240
1694167823772 0.15193048119544983 241
1694167825594 0.14655070006847382 242
1694167827415 0.1450638473033905 243
1694167829241 0.1569235920906067 244
1694167831059 0.16496877372264862 245
1694167832878 0.16586536169052124 246
1694167834691 0.14128023386001587 247
1694167836521 0.15781334042549133 248
1694167838354 0.15406666696071625 249
1694167840168 0.1624331921339035 250
1694167842064 0.16791069507598877 251
1694167843968 0.14868991076946259 252
1694167845817 0.17034538090229034 253
1694167847652 0.15647202730178833 254
