1694173689042 0.9785691499710083 0
1694173690937 0.8287593126296997 1
1694173692778 0.7024168968200684 2
1694173694612 0.6577366590499878 3
1694173696470 0.5646959543228149 4
1694173698303 0.520664393901825 5
1694173700147 0.5036349892616272 6
1694173702004 0.517277181148529 7
1694173703874 0.6660522818565369 8
1694173705732 0.6537379026412964 9
1694173707574 0.5996383428573608 10
1694173709547 0.5810505747795105 11
1694173711621 0.5211070775985718 12
1694173713498 0.4852936267852783 13
1694173715350 0.4813796877861023 14
1694173717181 0.4756385087966919 15
1694173719033 0.4564199447631836 16
1694173720878 0.4601510465145111 17
1694173722728 0.4508931040763855 18
1694173724581 0.4371607005596161 19
1694173726426 0.4559355676174164 20
1694173728285 0.4538351893424988 21
1694173730131 0.4562804102897644 22
1694173731997 0.41954758763313293 23
1694173733864 0.41313961148262024 24
1694173735718 0.42621108889579773 25
1694173737587 0.3949694335460663 26
1694173739441 0.3990181088447571 27
1694173741314 0.36833205819129944 28
1694173743201 0.3715762495994568 29
1694173745067 0.35091376304626465 30
1694173746909 0.37155216932296753 31
1694173748859 0.3439094126224518 32
1694173750702 0.34932971000671387 33
1694173752567 0.3429173231124878 34
1694173754444 0.3027648627758026 35
1694173756291 0.29944202303886414 36
1694173758152 0.3124309182167053 37
1694173760008 0.2932630181312561 38
1694173761867 0.27462512254714966 39
1694173763728 0.2733760476112366 40
1694173765579 0.24941670894622803 41
1694173767440 0.24688364565372467 42
1694173769312 0.2508211135864258 43
1694173771160 0.2149738222360611 44
1694173773023 0.24354247748851776 45
1694173774875 0.22071394324302673 46
1694173776709 0.2415451556444168 47
1694173778570 0.24014785885810852 48
1694173780420 0.227676123380661 49
1694173782271 0.23608273267745972 50
1694173784138 0.2514854669570923 51
1694173785998 0.26816925406455994 52
1694173787853 0.23086857795715332 53
1694173789718 0.21782676875591278 54
1694173791570 0.21991989016532898 55
1694173793415 0.20701885223388672 56
1694173795262 0.20617932081222534 57
1694173797103 0.2230158895254135 58
1694173798953 0.20427881181240082 59
1694173800797 0.19211822748184204 60
1694173802647 0.21257570385932922 61
1694173804502 0.18666763603687286 62
1694173806346 0.18692809343338013 63
1694173808200 0.20535652339458466 64
1694173810057 0.18959884345531464 65
1694173811908 0.17759199440479279 66
1694173813760 0.18762296438217163 67
1694173815685 0.18563836812973022 68
1694173817531 0.18542265892028809 69
1694173819391 0.1917189508676529 70
1694173821232 0.20874916017055511 71
1694173823083 0.1841668337583542 72
1694173824937 0.20346824824810028 73
1694173826789 0.20886577665805817 74
1694173828639 0.17598678171634674 75
1694173830486 0.19176647067070007 76
1694173832331 0.20895268023014069 77
1694173834193 0.1892404556274414 78
1694173836044 0.21502184867858887 79
1694173837903 0.23096495866775513 80
1694173839773 0.24742886424064636 81
1694173841625 0.23584243655204773 82
1694173843495 0.2511731684207916 83
1694173845354 0.24732957780361176 84
1694173847219 0.245458722114563 85
1694173849081 0.25850507616996765 86
1694173850938 0.2551284730434418 87
1694173852795 0.27099186182022095 88
1694173854661 0.27851197123527527 89
1694173856518 0.2699008882045746 90
1694173858379 0.35894283652305603 91
1694173860269 0.3122052252292633 92
1694173862431 0.3169568181037903 93
1694173864468 0.4126451015472412 94
1694173866562 0.41764432191848755 95
1694173868668 0.5017839074134827 96
1694173870560 0.4770236313343048 97
1694173872490 0.3942621350288391 98
1694173874454 0.35207730531692505 99
1694173876363 0.3684002459049225 100
1694173878309 0.33646681904792786 101
1694173880148 0.3427605926990509 102
1694173881994 0.33537331223487854 103
1694173883836 0.3444075882434845 104
1694173885674 0.3434482216835022 105
1694173887597 0.3661600947380066 106
1694173889437 0.3431865870952606 107
1694173891280 0.3499663174152374 108
1694173893128 0.34031355381011963 109
1694173894966 0.327752947807312 110
1694173896806 0.336366206407547 111
1694173898656 0.3546868860721588 112
1694173900604 0.3730529546737671 113
1694173902517 0.35120418667793274 114
1694173904357 0.342439204454422 115
1694173906212 0.34593507647514343 116
1694173908087 0.35455086827278137 117
1694173909932 0.3528002202510834 118
1694173911775 0.33189091086387634 119
1694173913628 0.3290008306503296 120
1694173915470 0.32036787271499634 121
1694173917393 0.3368757963180542 122
1694173919236 0.3262478709220886 123
1694173921079 0.3269009292125702 124
1694173922933 0.321601539850235 125
1694173924793 0.3336334824562073 126
1694173926742 0.3305085301399231 127
1694173928697 0.31307393312454224 128
1694173930536 0.2953709661960602 129
1694173932378 0.307860404253006 130
1694173934223 0.31415480375289917 131
1694173936158 0.32544761896133423 132
1694173938049 0.3177209496498108 133
1694173939989 0.3169173300266266 134
1694173941824 0.3113364577293396 135
1694173943665 0.29578062891960144 136
1694173945512 0.290688157081604 137
1694173947429 0.31295841932296753 138
1694173949270 0.3066624701023102 139
1694173951113 0.30584803223609924 140
1694173952956 0.2941640615463257 141
1694173954801 0.30081185698509216 142
1694173956648 0.2868853509426117 143
1694173958501 0.2881845235824585 144
1694173960343 0.2873225510120392 145
1694173962183 0.3261035978794098 146
1694173964027 0.30352267622947693 147
1694173965871 0.3044082224369049 148
1694173967789 0.29943904280662537 149
1694173969633 0.3015758991241455 150
1694173971479 0.2986755073070526 151
1694173973333 0.30462872982025146 152
1694173975174 0.3162217140197754 153
1694173977100 0.30428358912467957 154
1694173978946 0.3045368790626526 155
1694173980790 0.3068227767944336 156
1694173982637 0.286512166261673 157
1694173984476 0.28967079520225525 158
1694173986318 0.2979753613471985 159
1694173988182 0.2920549809932709 160
1694173990021 0.306816428899765 161
1694173991864 0.3123765289783478 162
1694173993702 0.2992154359817505 163
1694173995543 0.30902230739593506 164
1694173997542 0.30402249097824097 165
1694173999392 0.2862781286239624 166
1694174001236 0.36015281081199646 167
1694174003089 0.39124539494514465 168
1694174004928 0.39015695452690125 169
1694174006769 0.36195623874664307 170
1694174008629 0.36567288637161255 171
1694174010476 0.36606812477111816 172
1694174012391 0.32588523626327515 173
1694174014404 0.3770841360092163 174
1694174016300 0.4021795690059662 175
1694174018268 0.4007209241390228 176
1694174020176 0.39187464118003845 177
1694174022036 0.35551995038986206 178
1694174023928 0.36759817600250244 179
1694174025925 0.3261880874633789 180
1694174027889 0.33220964670181274 181
1694174029860 0.33747434616088867 182
1694174031838 0.35786134004592896 183
1694174033783 0.3582049608230591 184
1694174035636 0.3649134337902069 185
1694174037577 0.3581172525882721 186
1694174039416 0.35801467299461365 187
1694174041264 0.3333112299442291 188
1694174043115 0.40074506402015686 189
1694174044965 0.4121024012565613 190
1694174046832 0.3814828395843506 191
1694174048689 0.3654581308364868 192
1694174050600 0.36451950669288635 193
1694174052481 0.39778730273246765 194
1694174054390 0.4307768642902374 195
1694174056249 0.4490678608417511 196
1694174058121 0.4537629187107086 197
1694174059972 0.41791102290153503 198
1694174061819 0.45163825154304504 199
1694174063774 0.4215073883533478 200
1694174065625 0.45603814721107483 201
1694174067559 0.434871643781662 202
1694174069407 0.42932331562042236 203
1694174071266 0.4277779161930084 204
1694174073119 0.4049293100833893 205
1694174074985 0.42486587166786194 206
1694174076874 0.41062742471694946 207
1694174078760 0.40708357095718384 208
1694174080619 0.4020936191082001 209
1694174082487 0.4175092279911041 210
1694174084339 0.3784528970718384 211
1694174086192 0.4036899209022522 212
1694174088078 0.38228726387023926 213
1694174089935 0.3526100516319275 214
1694174091790 0.3724363446235657 215
1694174093644 0.4127972424030304 216
1694174095498 0.4131844639778137 217
1694174097433 0.41537508368492126 218
1694174099289 0.42329418659210205 219
1694174101138 0.40934520959854126 220
1694174103055 0.41658732295036316 221
1694174104915 0.4206194281578064 222
1694174106764 0.4180023670196533 223
1694174108631 0.4162488579750061 224
1694174110489 0.4251405596733093 225
1694174112345 0.40642401576042175 226
1694174114264 0.41440895199775696 227
1694174116156 0.395494282245636 228
1694174118119 0.3836226165294647 229
1694174120155 0.38257718086242676 230
1694174122177 0.3736756443977356 231
1694174124034 0.3567718267440796 232
1694174125913 0.36635568737983704 233
1694174127953 0.33999577164649963 234
1694174129870 0.363034725189209 235
1694174131790 0.3610774576663971 236
1694174133677 0.3659024238586426 237
1694174135534 0.3345528542995453 238
1694174137466 0.344831258058548 239
1694174139320 0.34844377636909485 240
1694174141172 0.3275035619735718 241
1694174143027 0.32676300406455994 242
1694174144892 0.33528491854667664 243
1694174146743 0.33447888493537903 244
1694174148611 0.3202526569366455 245
1694174150452 0.34705233573913574 246
1694174152316 0.3572032153606415 247
1694174154173 0.32230791449546814 248
1694174156013 0.3158343434333801 249
1694174157927 0.3326469659805298 250
1694174159777 0.34720656275749207 251
1694174161622 0.3188176453113556 252
1694174163470 0.35342514514923096 253
1694174165316 0.3389222025871277 254
1694174167239 0.3193386495113373 255
1694174169082 0.32954323291778564 256
1694174170927 0.3250167667865753 257
1694174172887 0.32994189858436584 258
1694174174848 0.34232452511787415 259
1694174176801 0.3247012197971344 260
1694174178777 0.30030357837677 261
1694174180719 0.35035428404808044 262
1694174182672 0.34053537249565125 263
1694174184607 0.31174519658088684 264
