1694173689044 0.16264507174491882 0
1694173690939 0.8524845242500305 1
1694173692779 1.7258532047271729 2
1694173694613 3.350120782852173 3
1694173696471 4.920524597167969 4
1694173698305 6.603955268859863 5
1694173700149 7.807888031005859 6
1694173702005 8.79017448425293 7
1694173703875 9.821803092956543 8
1694173705733 10.512608528137207 9
1694173707575 10.801610946655273 10
1694173709548 11.345345497131348 11
1694173711622 11.623909950256348 12
1694173713499 11.83139419555664 13
1694173715351 11.873346328735352 14
1694173717182 11.769585609436035 15
1694173719034 11.781253814697266 16
1694173720879 12.04947566986084 17
1694173722730 11.664605140686035 18
1694173724583 11.908685684204102 19
1694173726427 11.646387100219727 20
1694173728286 11.524177551269531 21
1694173730134 11.364434242248535 22
1694173731998 11.131230354309082 23
1694173733865 11.08629322052002 24
1694173735719 10.87691879272461 25
1694173737588 10.67857837677002 26
1694173739442 10.483580589294434 27
1694173741315 10.08537769317627 28
1694173743202 9.967286109924316 29
1694173745068 9.684802055358887 30
1694173746911 9.449300765991211 31
1694173748860 9.352426528930664 32
1694173750703 8.757146835327148 33
1694173752568 8.567995071411133 34
1694173754445 8.530875205993652 35
1694173756292 8.336804389953613 36
1694173758153 7.736066818237305 37
1694173760009 7.548764705657959 38
1694173761868 7.201511859893799 39
1694173763729 6.9877824783325195 40
1694173765580 6.741098403930664 41
1694173767441 6.410831928253174 42
1694173769314 6.103794574737549 43
1694173771161 5.914615631103516 44
1694173773024 5.687499046325684 45
1694173774876 5.383643627166748 46
1694173776711 5.050057888031006 47
1694173778572 4.826289176940918 48
1694173780421 4.4677534103393555 49
1694173782273 4.378232002258301 50
1694173784140 4.038569450378418 51
1694173785999 3.7148005962371826 52
1694173787854 3.588763952255249 53
1694173789719 3.245990037918091 54
1694173791571 2.9289419651031494 55
1694173793416 2.659705877304077 56
1694173795263 2.5359246730804443 57
1694173797104 2.27406644821167 58
1694173798955 2.0460517406463623 59
1694173800799 1.8603343963623047 60
1694173802649 1.5803064107894897 61
1694173804503 1.3628621101379395 62
1694173806347 1.1633890867233276 63
1694173808201 0.8801098465919495 64
1694173810058 0.664158284664154 65
1694173811909 0.4900277256965637 66
1694173813761 0.31216949224472046 67
1694173815687 0.09964436292648315 68
1694173817533 -0.10824242234230042 69
1694173819392 -0.2617185115814209 70
1694173821234 -0.4159334897994995 71
1694173823084 -0.5729798674583435 72
1694173824938 -0.7342307567596436 73
1694173826791 -0.882373571395874 74
1694173828641 -1.0108764171600342 75
1694173830487 -1.123456597328186 76
1694173832332 -1.198829174041748 77
1694173834194 -1.2751259803771973 78
1694173836046 -1.3282417058944702 79
1694173837904 -1.3355398178100586 80
1694173839774 -1.3306983709335327 81
1694173841627 -1.3606623411178589 82
1694173843496 -1.3713595867156982 83
1694173845355 -1.3502472639083862 84
1694173847220 -1.3184632062911987 85
1694173849082 -1.3154940605163574 86
1694173850939 -1.3063675165176392 87
1694173852797 -1.2863930463790894 88
1694173854662 -1.5378726720809937 89
1694173856519 -1.7286481857299805 90
1694173858380 -1.3951115608215332 91
1694173860270 -3.365934133529663 92
1694173862433 -2.227043390274048 93
1694173864469 -2.5418334007263184 94
1694173866563 -2.8422203063964844 95
1694173868669 -2.772588014602661 96
1694173870561 -2.8208799362182617 97
1694173872491 -2.8083693981170654 98
1694173874455 -2.7471988201141357 99
1694173876364 -2.4777145385742188 100
1694173878310 -2.389627695083618 101
1694173880150 -2.384784698486328 102
1694173881995 -2.28836989402771 103
1694173883837 -2.1060256958007812 104
1694173885676 -2.057236433029175 105
1694173887599 -1.9156785011291504 106
1694173889438 -1.786092758178711 107
1694173891281 -1.7202237844467163 108
1694173893129 -1.5565145015716553 109
1694173894968 -1.469283938407898 110
1694173896807 -1.4459054470062256 111
1694173898658 -1.357603907585144 112
1694173900605 -1.23417329788208 113
1694173902518 -1.188154935836792 114
1694173904358 -1.0498359203338623 115
1694173906213 -1.0730485916137695 116
1694173908089 -0.9263714551925659 117
1694173909933 -0.924895167350769 118
1694173911776 -0.9891142249107361 119
1694173913629 -0.8928613066673279 120
1694173915472 -0.8046551942825317 121
1694173917394 -0.8015591502189636 122
1694173919238 -0.7559288740158081 123
1694173921080 -0.7646176815032959 124
1694173922934 -0.8762988448143005 125
1694173924794 -0.7845719456672668 126
1694173926743 -0.7067572474479675 127
1694173928698 -0.7080211043357849 128
1694173930538 -0.7591121196746826 129
1694173932380 -0.7425100207328796 130
1694173934225 -0.6989464163780212 131
1694173936159 -0.6501898765563965 132
1694173938050 -0.6675915122032166 133
1694173939990 -0.6993407607078552 134
1694173941825 -0.6853663921356201 135
1694173943666 -0.6278515458106995 136
1694173945513 -0.6716437935829163 137
1694173947430 -0.6086616516113281 138
1694173949271 -0.6094995737075806 139
1694173951114 -0.6165398955345154 140
1694173952958 -0.626043438911438 141
1694173954803 -0.5903080701828003 142
1694173956649 -0.6299688816070557 143
1694173958502 -0.5846344828605652 144
1694173960344 -0.6537323594093323 145
1694173962185 -0.5895763039588928 146
1694173964028 -0.5534119606018066 147
1694173965872 -0.5690290927886963 148
1694173967790 -0.5539528131484985 149
1694173969634 -0.6114218831062317 150
1694173971481 -0.5595625638961792 151
1694173973334 -0.5758309364318848 152
1694173975175 -0.5339686870574951 153
1694173977101 -0.5510640740394592 154
1694173978947 -0.6214522123336792 155
1694173980791 -0.5890164375305176 156
1694173982638 -0.6093392372131348 157
1694173984477 -0.5199633836746216 158
1694173986319 -0.5236747860908508 159
1694173988183 -0.534273087978363 160
1694173990022 -0.5245405435562134 161
1694173991865 -0.6810271143913269 162
1694173993703 -0.5212005972862244 163
1694173995544 -0.4964655935764313 164
1694173997543 -0.5115032196044922 165
1694173999393 -0.5839474201202393 166
1694174001237 -0.6544801592826843 167
1694174003090 -0.719479501247406 168
1694174004929 -0.9119322896003723 169
1694174006771 -0.7593877911567688 170
1694174008631 -0.6957328915596008 171
1694174010477 -0.6909219622612 172
1694174012392 -0.9141806364059448 173
1694174014405 -0.6087140440940857 174
1694174016302 -0.6896865367889404 175
1694174018269 -0.63514643907547 176
1694174020177 -0.6175028681755066 177
1694174022037 -0.7534971833229065 178
1694174023929 -0.5668933987617493 179
1694174025926 -0.668075442314148 180
1694174027890 -0.6775683760643005 181
1694174029862 -0.6365033388137817 182
1694174031839 -0.48570460081100464 183
1694174033784 -0.5944628715515137 184
1694174035638 -0.6481198668479919 185
1694174037578 -0.6301641464233398 186
1694174039417 -0.5784958600997925 187
1694174041265 -0.5949304699897766 188
1694174043116 -0.4460251033306122 189
1694174044966 -0.4443170726299286 190
1694174046833 -0.4774132966995239 191
1694174048690 -0.5621212720870972 192
1694174050601 -0.5632678270339966 193
1694174052482 -0.440703421831131 194
1694174054391 -0.5079480409622192 195
1694174056250 -0.40723299980163574 196
1694174058123 -0.37937963008880615 197
1694174059973 -0.5166803598403931 198
1694174061820 -0.42326459288597107 199
1694174063775 -0.5714253187179565 200
1694174065626 -0.45424744486808777 201
1694174067560 -0.5441634058952332 202
1694174069408 -0.4354286193847656 203
1694174071267 -0.4637422263622284 204
1694174073120 -0.4493522346019745 205
1694174074986 -0.4112991988658905 206
1694174076875 -0.4117807149887085 207
1694174078761 -0.41831091046333313 208
1694174080620 -0.40197721123695374 209
1694174082488 -0.37219804525375366 210
1694174084341 -0.4231557846069336 211
1694174086193 -0.3480503559112549 212
1694174088079 -0.37957310676574707 213
1694174089937 -0.4403602182865143 214
1694174091791 -0.423408567905426 215
1694174093646 -0.38328805565834045 216
1694174095499 -0.507012128829956 217
1694174097434 -0.36580801010131836 218
1694174099290 -0.38120973110198975 219
1694174101139 -0.36831367015838623 220
1694174103056 -0.3449287712574005 221
1694174104916 -0.3761150538921356 222
1694174106765 -0.3455812335014343 223
1694174108632 -0.3489932715892792 224
1694174110490 -0.34413957595825195 225
1694174112346 -0.3373646140098572 226
1694174114266 -0.3714393675327301 227
1694174116157 -0.3312332034111023 228
1694174118120 -0.3406323194503784 229
1694174120156 -0.33065974712371826 230
1694174122178 -0.35246822237968445 231
1694174124035 -0.3495367169380188 232
1694174125914 -0.348090797662735 233
1694174127954 -0.3711906969547272 234
1694174129871 -0.3363342881202698 235
1694174131792 -0.33189156651496887 236
1694174133679 -0.33550629019737244 237
1694174135535 -0.3587704002857208 238
1694174137467 -0.3486894369125366 239
1694174139321 -0.3453412652015686 240
1694174141174 -0.3611794412136078 241
1694174143028 -0.36780622601509094 242
1694174144893 -0.341264009475708 243
1694174146745 -0.34353509545326233 244
1694174148612 -0.4090690612792969 245
1694174150453 -0.35203737020492554 246
1694174152317 -0.326811820268631 247
1694174154174 -0.3578948378562927 248
1694174156014 -0.39213764667510986 249
1694174157928 -0.35569053888320923 250
1694174159778 -0.3679884970188141 251
1694174161623 -0.36082741618156433 252
1694174163471 -0.3369928002357483 253
1694174165317 -0.37100955843925476 254
1694174167240 -0.3822955787181854 255
1694174169083 -0.34630143642425537 256
1694174170928 -0.3437194228172302 257
1694174172889 -0.35796648263931274 258
1694174174850 -0.3426714837551117 259
1694174176802 -0.34359458088874817 260
1694174178778 -0.4508667588233948 261
1694174180720 -0.31970176100730896 262
1694174182673 -0.336058109998703 263
1694174184608 -0.3710722029209137 264
