1694173689045 1.1412142515182495 0
1694173690940 1.681243896484375 1
1694173692780 2.428270101547241 2
1694173694614 4.007857322692871 3
1694173696472 5.485220432281494 4
1694173698306 7.124619483947754 5
1694173700150 8.3115234375 6
1694173702012 9.307451248168945 7
1694173703876 10.487854957580566 8
1694173705734 11.166346549987793 9
1694173707576 11.401248931884766 10
1694173709549 11.926396369934082 11
1694173711623 12.14501667022705 12
1694173713500 12.31668758392334 13
1694173715352 12.35472583770752 14
1694173717183 12.245223999023438 15
1694173719036 12.23767375946045 16
1694173720880 12.509626388549805 17
1694173722731 12.115498542785645 18
1694173724584 12.345846176147461 19
1694173726428 12.102322578430176 20
1694173728287 11.978013038635254 21
1694173730140 11.820714950561523 22
1694173731999 11.55077838897705 23
1694173733866 11.499432563781738 24
1694173735720 11.303130149841309 25
1694173737590 11.07354736328125 26
1694173739443 10.882598876953125 27
1694173741316 10.453709602355957 28
1694173743203 10.338862419128418 29
1694173745069 10.03571605682373 30
1694173746912 9.820853233337402 31
1694173748862 9.696335792541504 32
1694173750705 9.106476783752441 33
1694173752569 8.91091251373291 34
1694173754446 8.833640098571777 35
1694173756293 8.636246681213379 36
1694173758154 8.048498153686523 37
1694173760010 7.84202766418457 38
1694173761869 7.476137161254883 39
1694173763730 7.261158466339111 40
1694173765581 6.990515232086182 41
1694173767448 6.657715797424316 42
1694173769315 6.354615688323975 43
1694173771162 6.129589557647705 44
1694173773026 5.931041717529297 45
1694173774877 5.604357719421387 46
1694173776712 5.291603088378906 47
1694173778573 5.066437244415283 48
1694173780422 4.69542932510376 49
1694173782274 4.614314556121826 50
1694173784141 4.290054798126221 51
1694173786000 3.9829697608947754 52
1694173787855 3.8196325302124023 53
1694173789720 3.4638168811798096 54
1694173791572 3.148861885070801 55
1694173793417 2.866724729537964 56
1694173795264 2.7421040534973145 57
1694173797105 2.497082233428955 58
1694173798956 2.2503304481506348 59
1694173800800 2.052452564239502 60
1694173802650 1.7928820848464966 61
1694173804504 1.549529790878296 62
1694173806354 1.3503172397613525 63
1694173808202 1.0854663848876953 64
1694173810059 0.8537571430206299 65
1694173811910 0.6676197052001953 66
1694173813762 0.4997924566268921 67
1694173815688 0.2852827310562134 68
1694173817534 0.07718023657798767 69
1694173819393 -0.069999560713768 70
1694173821235 -0.2071843296289444 71
1694173823085 -0.3888130187988281 72
1694173824939 -0.5307624936103821 73
1694173826792 -0.673507809638977 74
1694173828642 -0.8348896503448486 75
1694173830488 -0.9316900968551636 76
1694173832333 -0.9898765087127686 77
1694173834196 -1.0858855247497559 78
1694173836047 -1.1132198572158813 79
1694173837906 -1.1045749187469482 80
1694173839776 -1.083269476890564 81
1694173841628 -1.1248198747634888 82
1694173843497 -1.120186448097229 83
1694173845356 -1.1029176712036133 84
1694173847221 -1.0730044841766357 85
1694173849083 -1.0569889545440674 86
1694173850940 -1.051239013671875 87
1694173852798 -1.0154011249542236 88
1694173854663 -1.259360671043396 89
1694173856520 -1.4587472677230835 90
1694173858381 -1.0361686944961548 91
1694173860272 -3.0537288188934326 92
1694173862434 -1.9100866317749023 93
1694173864470 -2.129188299179077 94
1694173866564 -2.4245760440826416 95
1694173868670 -2.2708041667938232 96
1694173870562 -2.3438563346862793 97
1694173872492 -2.414107322692871 98
1694173874457 -2.3951215744018555 99
1694173876365 -2.109314203262329 100
1694173878311 -2.0531609058380127 101
1694173880152 -2.0420241355895996 102
1694173881996 -1.9529966115951538 103
1694173883838 -1.7616181373596191 104
1694173885677 -1.7137882709503174 105
1694173887600 -1.549518346786499 106
1694173889439 -1.442906141281128 107
1694173891282 -1.3702574968338013 108
1694173893130 -1.2162009477615356 109
1694173894969 -1.141530990600586 110
1694173896808 -1.109539270401001 111
1694173898659 -1.0029170513153076 112
1694173900606 -0.861120343208313 113
1694173902519 -0.8369507789611816 114
1694173904365 -0.7073967456817627 115
1694173906214 -0.7271134853363037 116
1694173908090 -0.5718206167221069 117
1694173909934 -0.5720949172973633 118
1694173911777 -0.6572233438491821 119
1694173913630 -0.5638604760169983 120
1694173915478 -0.4842873215675354 121
1694173917395 -0.4646833539009094 122
1694173919239 -0.4296810030937195 123
1694173921087 -0.4377167522907257 124
1694173922935 -0.5546972751617432 125
1694173924795 -0.45093846321105957 126
1694173926744 -0.37624871730804443 127
1694173928700 -0.3949471712112427 128
1694173930539 -0.46374115347862244 129
1694173932383 -0.43464961647987366 130
1694173934226 -0.38479161262512207 131
1694173936160 -0.32474225759506226 132
1694173938057 -0.34987056255340576 133
1694173939992 -0.38242343068122864 134
1694173941826 -0.3740299344062805 135
1694173943672 -0.332070916891098 136
1694173945514 -0.38095563650131226 137
1694173947431 -0.2957032322883606 138
1694173949272 -0.3028371036052704 139
1694173951115 -0.31069186329841614 140
1694173952959 -0.3318793773651123 141
1694173954804 -0.28949621319770813 142
1694173956650 -0.34308353066444397 143
1694173958503 -0.2964499592781067 144
1694173960345 -0.3664098083972931 145
1694173962186 -0.26347270607948303 146
1694173964029 -0.2498892843723297 147
1694173965873 -0.2646208703517914 148
1694173967791 -0.25451377034187317 149
1694173969636 -0.3098459839820862 150
1694173971487 -0.2608870565891266 151
1694173973336 -0.2712022066116333 152
1694173975176 -0.21774697303771973 153
1694173977102 -0.24678048491477966 154
1694173978948 -0.3169153332710266 155
1694173980793 -0.282193660736084 156
1694173982639 -0.3228270709514618 157
1694173984478 -0.23029258847236633 158
1694173986320 -0.22569942474365234 159
1694173988184 -0.24221810698509216 160
1694173990023 -0.21772411465644836 161
1694173991866 -0.3686505854129791 162
1694173993704 -0.22198516130447388 163
1694173995545 -0.18744328618049622 164
1694173997544 -0.20748072862625122 165
1694173999394 -0.29766929149627686 166
1694174001244 -0.29432734847068787 167
1694174003092 -0.32823410630226135 168
1694174004930 -0.5217753648757935 169
1694174006772 -0.39743155241012573 170
1694174008632 -0.3300600051879883 171
1694174010478 -0.3248538374900818 172
1694174012393 -0.5882954001426697 173
1694174014406 -0.23162990808486938 174
1694174016303 -0.28750696778297424 175
1694174018270 -0.23442551493644714 176
1694174020178 -0.22562822699546814 177
1694174022039 -0.39797723293304443 178
1694174023930 -0.19929522275924683 179
1694174025927 -0.34188735485076904 180
1694174027891 -0.3453587293624878 181
1694174029863 -0.29902899265289307 182
1694174031840 -0.12784326076507568 183
1694174033786 -0.2362579107284546 184
1694174035639 -0.28320643305778503 185
1694174037579 -0.27204689383506775 186
1694174039418 -0.22048118710517883 187
1694174041266 -0.2616192400455475 188
1694174043117 -0.04528003931045532 189
1694174044968 -0.03221467137336731 190
1694174046834 -0.09593045711517334 191
1694174048691 -0.19666314125061035 192
1694174050602 -0.19874832034111023 193
1694174052483 -0.04291611909866333 194
1694174054393 -0.07717117667198181 195
1694174056251 0.041834861040115356 196
1694174058124 0.07438328862190247 197
1694174059974 -0.09876933693885803 198
1694174061827 0.028373658657073975 199
1694174063777 -0.14991793036460876 200
1694174065628 0.0017907023429870605 201
1694174067561 -0.10929176211357117 202
1694174069409 -0.006105303764343262 203
1694174071268 -0.03596431016921997 204
1694174073121 -0.044422924518585205 205
1694174074988 0.013566672801971436 206
1694174076876 -0.0011532902717590332 207
1694174078763 -0.011227339506149292 208
1694174080621 0.00011640787124633789 209
1694174082489 0.045311182737350464 210
1694174084342 -0.044702887535095215 211
1694174086194 0.055639564990997314 212
1694174088080 0.0027141571044921875 213
1694174089938 -0.08775016665458679 214
1694174091792 -0.05097222328186035 215
1694174093647 0.02950918674468994 216
1694174095501 -0.09382766485214233 217
1694174097435 0.049567073583602905 218
1694174099292 0.042084455490112305 219
1694174101145 0.04103153944015503 220
1694174103057 0.07165855169296265 221
1694174104917 0.044504374265670776 222
1694174106766 0.072421133518219 223
1694174108633 0.06725558638572693 224
1694174110492 0.08100098371505737 225
1694174112347 0.06905940175056458 226
1694174114267 0.042969584465026855 227
1694174116158 0.06426107883453369 228
1694174118122 0.042990297079086304 229
1694174120157 0.051917433738708496 230
1694174122179 0.021207422018051147 231
1694174124036 0.007235109806060791 232
1694174125915 0.01826488971710205 233
1694174127955 -0.03119492530822754 234
1694174129872 0.02670043706893921 235
1694174131793 0.029185891151428223 236
1694174133680 0.03039613366127014 237
1694174135536 -0.024217545986175537 238
1694174137468 -0.0038581788539886475 239
1694174139323 0.003102511167526245 240
1694174141175 -0.03367587924003601 241
1694174143029 -0.041043221950531006 242
1694174144894 -0.005979090929031372 243
1694174146746 -0.0090562105178833 244
1694174148613 -0.08881640434265137 245
1694174150454 -0.004985034465789795 246
1694174152318 0.030391395092010498 247
1694174154175 -0.035586923360824585 248
1694174156015 -0.07630330324172974 249
1694174157929 -0.023043572902679443 250
1694174159779 -0.02078193426132202 251
1694174161624 -0.04200977087020874 252
1694174163472 0.016432344913482666 253
1694174165318 -0.032087355852127075 254
1694174167241 -0.06295692920684814 255
1694174169084 -0.016758203506469727 256
1694174170930 -0.018702656030654907 257
1694174172890 -0.0280245840549469 258
1694174174851 -0.00034695863723754883 259
1694174176803 -0.01889336109161377 260
1694174178780 -0.15056318044662476 261
1694174180722 0.030652523040771484 262
1694174182674 0.004477262496948242 263
1694174184615 -0.059327006340026855 264
