1694165447010 0.9774486422538757 0
1694165448993 0.6347243785858154 1
1694165450894 0.5087119340896606 2
1694165452796 0.5786879062652588 3
1694165454670 0.37558284401893616 4
1694165456701 0.3521723747253418 5
1694165458576 0.3330027759075165 6
1694165460407 0.2811915874481201 7
1694165462330 0.2939739525318146 8
1694165464264 0.28521156311035156 9
1694165466407 0.2350465953350067 10
1694165468250 0.25358033180236816 11
1694165470062 0.23564337193965912 12
1694165471866 0.251458078622818 13
1694165473663 0.25047487020492554 14
1694165475460 0.2670624852180481 15
1694165477262 0.2431192547082901 16
1694165479077 0.23701120913028717 17
1694165480880 0.22428181767463684 18
1694165482671 0.19094283878803253 19
1694165484464 0.23245267570018768 20
1694165486428 0.2582477331161499 21
1694165488228 0.22739389538764954 22
1694165490028 0.22523273527622223 23
1694165491824 0.18515056371688843 24
1694165493619 0.22141209244728088 25
1694165495443 0.17889200150966644 26
1694165497293 0.21030542254447937 27
1694165499112 0.19199764728546143 28
1694165500923 0.1924281120300293 29
1694165502841 0.1681104451417923 30
1694165504658 0.248561829328537 31
1694165506636 0.1950163096189499 32
1694165508470 0.20497673749923706 33
1694165510292 0.18381504714488983 34
1694165512120 0.1902708262205124 35
1694165513938 0.18077199161052704 36
1694165515744 0.15851792693138123 37
1694165517590 0.18886910378932953 38
1694165519400 0.16957558691501617 39
1694165521224 0.1690220832824707 40
1694165523045 0.14899255335330963 41
1694165524866 0.16460354626178741 42
1694165526856 0.1977393627166748 43
1694165528795 0.16023296117782593 44
1694165530630 0.17540912330150604 45
1694165532453 0.1465834677219391 46
1694165534271 0.16992855072021484 47
1694165536275 0.14703792333602905 48
1694165538110 0.12821663916110992 49
1694165539923 0.15277749300003052 50
1694165541743 0.14889293909072876 51
1694165543580 0.1834634691476822 52
1694165545392 0.15118256211280823 53
1694165547216 0.19816234707832336 54
1694165549053 0.15309451520442963 55
1694165550880 0.11703049391508102 56
1694165552694 0.15503227710723877 57
1694165554498 0.1527610868215561 58
1694165556487 0.15687666833400726 59
1694165558312 0.14378206431865692 60
1694165560130 0.14375630021095276 61
1694165561991 0.12503758072853088 62
1694165563837 0.1352354735136032 63
1694165565674 0.15339334309101105 64
1694165567521 0.13787461817264557 65
1694165569432 0.11686646193265915 66
1694165571335 0.1498095691204071 67
1694165573139 0.134718656539917 68
1694165574939 0.12146870046854019 69
1694165576912 0.1168181374669075 70
1694165578735 0.12148367613554001 71
1694165580549 0.1259537786245346 72
1694165582372 0.12194693088531494 73
1694165584196 0.14729031920433044 74
1694165586151 0.12325210124254227 75
1694165587980 0.1268359273672104 76
1694165589800 0.14176660776138306 77
1694165591610 0.1024513691663742 78
1694165593430 0.13400311768054962 79
1694165595244 0.15431562066078186 80
1694165597141 0.15952807664871216 81
1694165598967 0.12106654047966003 82
1694165600794 0.13088402152061462 83
1694165602608 0.14733083546161652 84
1694165604435 0.13025608658790588 85
1694165606475 0.15182115137577057 86
1694165608308 0.12778601050376892 87
1694165610268 0.13779494166374207 88
1694165612190 0.1362006664276123 89
