1694176806177 0.9785691499710083 0
1694176807676 0.8387452960014343 1
1694176809129 0.6897332072257996 2
1694176810566 0.5749490857124329 3
1694176812006 0.47553202509880066 4
1694176813477 0.4767289459705353 5
1694176814917 0.4399016797542572 6
1694176816341 0.4204849898815155 7
1694176817768 0.446097731590271 8
1694176819208 0.505878210067749 9
1694176820649 0.49908211827278137 10
1694176822085 0.49031516909599304 11
1694176823515 0.4654265344142914 12
1694176824955 0.4276944696903229 13
1694176826395 0.40096724033355713 14
1694176827842 0.404887855052948 15
1694176829285 0.37968409061431885 16
1694176830722 0.36381393671035767 17
1694176832149 0.35008305311203003 18
1694176833580 0.3318241238594055 19
1694176835018 0.3296850025653839 20
1694176836442 0.3219999670982361 21
1694176837893 0.3067525625228882 22
1694176839338 0.28930822014808655 23
1694176840767 0.29508307576179504 24
1694176842208 0.30344700813293457 25
1694176843652 0.2892307639122009 26
1694176845089 0.2862618565559387 27
1694176846518 0.2841281592845917 28
1694176847937 0.2612627446651459 29
1694176849372 0.2516092360019684 30
1694176850803 0.30335989594459534 31
1694176852326 0.2625963091850281 32
1694176853764 0.280617356300354 33
1694176855192 0.2888360917568207 34
1694176856612 0.24292029440402985 35
1694176858034 0.25661858916282654 36
1694176859448 0.22559043765068054 37
1694176860862 0.24141685664653778 38
1694176862279 0.22766698896884918 39
1694176863703 0.20908111333847046 40
1694176865125 0.20736299455165863 41
1694176866541 0.21718254685401917 42
1694176867962 0.2226947695016861 43
1694176869392 0.19661659002304077 44
1694176870819 0.21764324605464935 45
1694176872234 0.19916842877864838 46
1694176873647 0.2127450853586197 47
1694176875087 0.20598788559436798 48
1694176876496 0.1841064840555191 49
1694176878118 0.2020977884531021 50
1694176879697 0.2007514238357544 51
1694176881111 0.22598955035209656 52
1694176882535 0.1836400330066681 53
1694176884105 0.19230464100837708 54
1694176885679 0.18411816656589508 55
1694176887111 0.17468148469924927 56
1694176888540 0.1785631626844406 57
1694176890105 0.17948970198631287 58
1694176891687 0.17417235672473907 59
1694176893262 0.16974709928035736 60
1694176894760 0.1869092583656311 61
1694176896214 0.15796875953674316 62
1694176897666 0.14711333811283112 63
1694176899093 0.17368893325328827 64
1694176900513 0.16315187513828278 65
1694176901956 0.14977169036865234 66
1694176903578 0.16343311965465546 67
1694176905107 0.16653940081596375 68
1694176906547 0.15555599331855774 69
1694176907987 0.14792372286319733 70
1694176909570 0.16737154126167297 71
1694176911060 0.14323632419109344 72
1694176912510 0.16139934957027435 73
1694176913957 0.16340181231498718 74
1694176915391 0.13665345311164856 75
1694176916865 0.16686318814754486 76
1694176918319 0.17096707224845886 77
1694176919755 0.14995037019252777 78
1694176921185 0.16008058190345764 79
1694176922625 0.1767328679561615 80
1694176924131 0.1922755390405655 81
1694176925699 0.18301233649253845 82
1694176927379 0.21785572171211243 83
1694176928881 0.2110965996980667 84
1694176930369 0.1956293135881424 85
1694176931804 0.20256198942661285 86
1694176933432 0.19356335699558258 87
1694176934900 0.2210412472486496 88
1694176936342 0.2282438576221466 89
1694176937800 0.24043478071689606 90
1694176939243 0.28226011991500854 91
1694176940678 0.2672022879123688 92
1694176942104 0.2934323847293854 93
1694176943645 0.3040462136268616 94
1694176945081 0.322465181350708 95
1694176946536 0.39682722091674805 96
1694176948002 0.3368271589279175 97
1694176949464 0.2722851037979126 98
1694176951098 0.3011929392814636 99
1694176952564 0.3141094148159027 100
1694176954055 0.3011544644832611 101
1694176955505 0.2926156222820282 102
1694176956949 0.2791155278682709 103
1694176958400 0.30333763360977173 104
1694176959847 0.2996545433998108 105
1694176961286 0.3195735216140747 106
1694176962739 0.31027427315711975 107
1694176964199 0.2888949513435364 108
1694176965654 0.29099181294441223 109
1694176967095 0.2815679907798767 110
1694176968531 0.2820116877555847 111
1694176969957 0.30083930492401123 112
1694176971375 0.29732561111450195 113
1694176972800 0.3054761290550232 114
1694176974229 0.31248828768730164 115
1694176975644 0.3337089419364929 116
1694176977059 0.31090453267097473 117
1694176978486 0.28460055589675903 118
1694176979925 0.2734115719795227 119
1694176981344 0.29694512486457825 120
1694176982763 0.29448920488357544 121
1694176984187 0.3163706064224243 122
1694176985617 0.26402631402015686 123
1694176987036 0.2913757860660553 124
1694176988457 0.28135886788368225 125
1694176989896 0.27693867683410645 126
1694176991313 0.26787081360816956 127
1694176992729 0.2621067762374878 128
1694176994151 0.24091775715351105 129
1694176995582 0.257722944021225 130
1694176997008 0.2699362635612488 131
1694176998434 0.29704752564430237 132
1694176999866 0.29523706436157227 133
1694177001388 0.3110366761684418 134
1694177002841 0.31058427691459656 135
1694177004298 0.29319384694099426 136
1694177005749 0.279479444026947 137
1694177007192 0.2913076877593994 138
1694177008640 0.2626081109046936 139
1694177010081 0.2551320195198059 140
1694177011520 0.2660555839538574 141
1694177012979 0.28260207176208496 142
1694177014433 0.27851906418800354 143
1694177015898 0.25995028018951416 144
1694177017341 0.2535569667816162 145
1694177018791 0.28426072001457214 146
1694177020242 0.24363523721694946 147
1694177021692 0.27042651176452637 148
1694177023132 0.2756498157978058 149
1694177024579 0.24321714043617249 150
1694177026018 0.26953256130218506 151
1694177027457 0.285882830619812 152
1694177028897 0.2630940079689026 153
1694177030349 0.2566879987716675 154
1694177031785 0.25315773487091064 155
1694177033222 0.2680293619632721 156
1694177034669 0.2706640064716339 157
1694177036090 0.26356783509254456 158
1694177037532 0.2758774757385254 159
1694177038974 0.26402732729911804 160
1694177040405 0.2559937834739685 161
1694177041843 0.25741180777549744 162
1694177043261 0.2543749213218689 163
1694177044733 0.26367655396461487 164
1694177046254 0.2640063762664795 165
1694177047692 0.2790389358997345 166
1694177049127 0.27426427602767944 167
1694177050536 0.292593777179718 168
1694177051952 0.2979173958301544 169
1694177053368 0.2748315632343292 170
1694177054775 0.27261337637901306 171
1694177056203 0.2762812674045563 172
1694177057605 0.2604375183582306 173
1694177059042 0.39289942383766174 174
1694177060467 0.4449291229248047 175
1694177061910 0.39820927381515503 176
1694177063312 0.40415677428245544 177
1694177064737 0.3463231325149536 178
1694177066137 0.3577834963798523 179
1694177067548 0.31445759534835815 180
1694177068951 0.360718697309494 181
1694177070363 0.35685664415359497 182
1694177071763 0.3377399444580078 183
1694177073165 0.3485540449619293 184
1694177074580 0.34656208753585815 185
1694177075991 0.34597429633140564 186
1694177077432 0.36219915747642517 187
1694177078863 0.34390076994895935 188
1694177080310 0.3305303752422333 189
1694177081744 0.33500194549560547 190
1694177083185 0.34195590019226074 191
1694177084643 0.31572625041007996 192
1694177086072 0.31335437297821045 193
1694177087475 0.33157235383987427 194
1694177088885 0.3058576285839081 195
1694177090282 0.32567575573921204 196
1694177091688 0.32711219787597656 197
1694177093089 0.3434494435787201 198
1694177094497 0.3366982340812683 199
1694177095983 0.3180396854877472 200
1694177097404 0.31811070442199707 201
1694177098804 0.257465660572052 202
1694177100223 0.31848129630088806 203
1694177101625 0.33261382579803467 204
1694177103036 0.35436758399009705 205
1694177104445 0.3551197648048401 206
1694177105846 0.33501580357551575 207
1694177107258 0.2968098819255829 208
1694177108662 0.2947567105293274 209
1694177110086 0.32322192192077637 210
1694177111519 0.3290136158466339 211
1694177112947 0.32541149854660034 212
1694177114354 0.30224934220314026 213
1694177115798 0.31298044323921204 214
1694177117221 0.3021141588687897 215
1694177118652 0.3249063193798065 216
1694177120074 0.32265639305114746 217
1694177121524 0.31358426809310913 218
1694177122956 0.29091253876686096 219
1694177124384 0.28266021609306335 220
1694177125812 0.33211925625801086 221
1694177127244 0.31485235691070557 222
1694177128663 0.2786412835121155 223
1694177130115 0.28232067823410034 224
1694177131543 0.2961580753326416 225
1694177132955 0.28502485156059265 226
1694177134374 0.26279616355895996 227
1694177135809 0.2759462893009186 228
1694177137229 0.2683011293411255 229
1694177138635 0.28499719500541687 230
1694177140149 0.2820693850517273 231
1694177141564 0.27181482315063477 232
1694177142982 0.28593331575393677 233
1694177144412 0.250212699174881 234
1694177145838 0.26411178708076477 235
1694177147261 0.27459996938705444 236
1694177148690 0.24971075356006622 237
1694177150132 0.2560180425643921 238
1694177151560 0.277987003326416 239
1694177152984 0.26186591386795044 240
1694177154412 0.2755817472934723 241
1694177155845 0.2825316786766052 242
1694177157263 0.2762666344642639 243
1694177158688 0.2618728280067444 244
1694177160099 0.24182677268981934 245
1694177161530 0.23092567920684814 246
1694177162944 0.2729760706424713 247
1694177164376 0.27423056960105896 248
1694177165811 0.2903032600879669 249
1694177167230 0.26082175970077515 250
1694177168633 0.26834118366241455 251
1694177170087 0.24246221780776978 252
1694177171492 0.2507099211215973 253
1694177172911 0.24958059191703796 254
1694177174348 0.2804308533668518 255
1694177175779 0.2685360610485077 256
1694177177200 0.2349262684583664 257
1694177178589 0.24520699679851532 258
1694177179991 0.2851496934890747 259
1694177181393 0.2729521691799164 260
1694177182782 0.25751107931137085 261
1694177184173 0.2722036838531494 262
1694177185583 0.26278236508369446 263
1694177187003 0.24091775715351105 264
1694177188413 0.2396109402179718 0
1694177189916 0.24427755177021027 1
1694177191350 0.24568341672420502 2
1694177192764 0.2611982822418213 3
1694177194197 0.27029088139533997 4
1694177195601 0.24993573129177094 5
1694177197009 0.27235230803489685 6
1694177198432 0.24080298840999603 7
1694177199875 0.2591416835784912 8
1694177201293 0.2453816533088684 9
1694177202710 0.2530023753643036 10
1694177204136 0.2396276593208313 11
1694177205579 0.2429177463054657 12
1694177206991 0.24710707366466522 13
1694177208411 0.2226191908121109 14
1694177209844 0.27129876613616943 15
1694177211270 0.2521821856498718 16
1694177212687 0.245163232088089 17
1694177214100 0.24190501868724823 18
1694177215527 0.23240970075130463 19
1694177216950 0.2374381572008133 20
1694177218380 0.22877606749534607 21
1694177219816 0.25007349252700806 22
1694177221258 0.2369130402803421 23
1694177222693 0.23059502243995667 24
1694177224139 0.23139721155166626 25
1694177225588 0.2528534233570099 26
1694177227021 0.2362528145313263 27
1694177228439 0.26138484477996826 28
1694177229861 0.23091112077236176 29
1694177231295 0.246978759765625 30
1694177232736 0.2419525682926178 31
1694177234268 0.2474210560321808 32
1694177235717 0.24315741658210754 33
1694177237152 0.2365439385175705 34
1694177238576 0.22626538574695587 35
1694177240014 0.2200200855731964 36
1694177241454 0.2539416253566742 37
1694177242886 0.238001748919487 38
1694177244312 0.26189374923706055 39
1694177245765 0.275033563375473 40
1694177247177 0.23206934332847595 41
1694177248598 0.25918060541152954 42
1694177250037 0.23770803213119507 43
1694177251472 0.25579142570495605 44
1694177252909 0.25206315517425537 45
1694177254336 0.2535126209259033 46
1694177255770 0.2257801592350006 47
1694177257206 0.2114613801240921 48
1694177258639 0.23993492126464844 49
1694177260087 0.2497069537639618 50
1694177261524 0.28042474389076233 51
1694177262942 0.2502812445163727 52
1694177264372 0.24462325870990753 53
1694177265805 0.23003888130187988 54
1694177267227 0.23598624765872955 55
1694177268639 0.22817794978618622 56
1694177270073 0.22017788887023926 57
1694177271494 0.22836652398109436 58
1694177272920 0.2332831174135208 59
1694177274336 0.23745055496692657 60
1694177275756 0.24323339760303497 61
1694177277180 0.20277760922908783 62
1694177278600 0.2496163547039032 63
1694177280026 0.26203304529190063 64
1694177281455 0.22686858475208282 65
1694177282877 0.2211357206106186 66
1694177284384 0.22882042825222015 67
1694177285814 0.238896444439888 68
1694177287223 0.2096831053495407 69
1694177288658 0.214821457862854 70
1694177290084 0.24064336717128754 71
1694177291515 0.23508429527282715 72
1694177292948 0.24097970128059387 73
1694177294366 0.2432713359594345 74
1694177295821 0.24159438908100128 75
1694177297355 0.24510152637958527 76
1694177298810 0.2585769295692444 77
1694177300357 0.26111990213394165 78
1694177301795 0.23187363147735596 79
1694177303389 0.22257979214191437 80
1694177304830 0.237630233168602 81
1694177306268 0.21663394570350647 82
1694177307791 0.2527306079864502 83
1694177309303 0.22821277379989624 84
1694177310750 0.2562524676322937 85
1694177312292 0.21704289317131042 86
1694177313777 0.22038942575454712 87
1694177315224 0.21165229380130768 88
1694177316673 0.2128162384033203 89
1694177318104 0.23683980107307434 90
1694177319525 0.24610644578933716 91
1694177320958 0.25878673791885376 92
1694177322391 0.24984630942344666 93
1694177323849 0.21810388565063477 94
1694177325297 0.233205646276474 95
1694177326714 0.2276572287082672 96
1694177328142 0.26367101073265076 97
1694177329746 0.2498321831226349 98
1694177331304 0.24079546332359314 99
1694177332948 0.21720953285694122 100
1694177334691 0.22264589369297028 101
1694177336385 0.23521463572978973 102
1694177337993 0.2536659836769104 103
1694177339634 0.2725641429424286 104
1694177341288 0.2412373274564743 105
1694177342938 0.20159734785556793 106
1694177344526 0.2141461968421936 107
1694177346191 0.23435749113559723 108
1694177347853 0.24474160373210907 109
1694177349511 0.2193891704082489 110
1694177351155 0.23153166472911835 111
1694177352735 0.2418263554573059 112
1694177354428 0.24929705262184143 113
1694177356005 0.2493211179971695 114
1694177357664 0.23995524644851685 115
1694177359340 0.21348115801811218 116
1694177361061 0.20645023882389069 117
1694177362656 0.22803473472595215 118
1694177364156 0.22081588208675385 119
1694177365651 0.23673106729984283 120
1694177367098 0.2223818600177765 121
1694177368655 0.2303326576948166 122
1694177370315 0.25760623812675476 123
1694177371921 0.22235725820064545 124
1694177373489 0.23956647515296936 125
1694177375090 0.22048483788967133 126
1694177376752 0.228988915681839 127
1694177378319 0.23934848606586456 128
1694177380000 0.23988822102546692 129
1694177381737 0.2394864857196808 130
1694177383208 0.21722866594791412 131
1694177384677 0.22266946732997894 132
1694177386303 0.2182067334651947 133
1694177387768 0.22515210509300232 134
1694177389240 0.19740308821201324 135
1694177390838 0.22467434406280518 136
1694177392603 0.24419277906417847 137
1694177394339 0.23588280379772186 138
1694177395931 0.2311103194952011 139
1694177397498 0.2249007374048233 140
1694177399070 0.21977032721042633 141
1694177400659 0.21941199898719788 142
1694177402219 0.22557558119297028 143
1694177403873 0.26128360629081726 144
1694177405467 0.23577241599559784 145
1694177407140 0.21308037638664246 146
1694177408666 0.20471647381782532 147
1694177410215 0.21346662938594818 148
1694177411864 0.2427823543548584 149
1694177413577 0.2522282600402832 150
1694177415171 0.23381230235099792 151
1694177416732 0.23497644066810608 152
1694177418297 0.20373359322547913 153
1694177419928 0.20826920866966248 154
1694177421512 0.2036396563053131 155
1694177423091 0.21402870118618011 156
1694177424680 0.238475039601326 157
1694177426333 0.22380676865577698 158
1694177427912 0.22771844267845154 159
1694177429537 0.20542395114898682 160
1694177431102 0.19899100065231323 161
1694177432672 0.19123031198978424 162
1694177434268 0.23496505618095398 163
1694177436147 0.22900857031345367 164
1694177437737 0.25490301847457886 165
1694177439190 0.230316162109375 166
1694177440648 0.21752482652664185 167
1694177442316 0.22322706878185272 168
1694177443965 0.22901836037635803 169
1694177445659 0.2070314735174179 170
1694177447316 0.22515049576759338 171
1694177448982 0.21418507397174835 172
1694177450605 0.21141760051250458 173
1694177452274 0.2560620903968811 174
1694177453921 0.21578910946846008 175
1694177455554 0.2005353569984436 176
1694177457203 0.21174965798854828 177
1694177458863 0.19907163083553314 178
1694177460539 0.20861642062664032 179
1694177462187 0.21295827627182007 180
1694177463842 0.2551875114440918 181
1694177465480 0.25175145268440247 182
1694177467140 0.21146757900714874 183
1694177468796 0.19902536273002625 184
1694177470405 0.18375156819820404 185
1694177472065 0.19741767644882202 186
1694177473681 0.21361105144023895 187
1694177475293 0.24848155677318573 188
1694177476927 0.23791399598121643 189
1694177478695 0.2178332358598709 190
1694177480159 0.22951947152614594 191
1694177481584 0.2153792530298233 192
1694177483039 0.2104540765285492 193
1694177484480 0.19715534150600433 194
1694177485926 0.1964590698480606 195
1694177487384 0.20142512023448944 196
1694177488823 0.2374226301908493 197
1694177490256 0.2219538390636444 198
1694177491849 0.23064853250980377 199
1694177493560 0.22778922319412231 200
1694177495130 0.20611557364463806 201
1694177496684 0.21876764297485352 202
1694177498136 0.20695312321186066 203
1694177499763 0.19517479836940765 204
1694177501458 0.21724991500377655 205
1694177503036 0.22854967415332794 206
1694177504586 0.21573878824710846 207
1694177506110 0.20915436744689941 208
1694177507729 0.2516922354698181 209
1694177509421 0.23690000176429749 210
1694177510996 0.20075559616088867 211
1694177512548 0.20306026935577393 212
1694177514121 0.20139113068580627 213
1694177515792 0.20773065090179443 214
1694177517351 0.22838084399700165 215
1694177518970 0.2353678047657013 216
1694177520443 0.23561348021030426 217
1694177522068 0.2273954153060913 218
1694177523689 0.2325318157672882 219
1694177525365 0.22234714031219482 220
1694177526980 0.21939437091350555 221
1694177528536 0.2098408341407776 222
1694177530301 0.19339603185653687 223
1694177532021 0.22530989348888397 224
1694177533695 0.22416962683200836 225
1694177535248 0.2252313494682312 226
1694177536747 0.23377244174480438 227
1694177538186 0.250944048166275 228
1694177539741 0.22539865970611572 229
1694177541270 0.20154833793640137 230
1694177542728 0.23357219994068146 231
1694177544167 0.19896097481250763 232
1694177545606 0.20333069562911987 233
1694177547050 0.22172819077968597 234
1694177548505 0.2100822776556015 235
1694177549961 0.21807479858398438 236
1694177551476 0.21517114341259003 237
1694177553022 0.19539594650268555 238
1694177554556 0.18100643157958984 239
1694177556017 0.19821542501449585 240
1694177557538 0.23547860980033875 241
1694177559150 0.22512121498584747 242
1694177560692 0.21951597929000854 243
1694177562195 0.20003487169742584 244
1694177563801 0.1923391968011856 245
1694177565293 0.20584315061569214 246
1694177566791 0.2265903651714325 247
1694177568277 0.23515555262565613 248
1694177569753 0.1917290985584259 249
1694177571259 0.2085999995470047 250
1694177572758 0.22476518154144287 251
1694177574250 0.22288230061531067 252
1694177575699 0.21314142644405365 253
1694177577119 0.20822077989578247 254
1694177578559 0.20203760266304016 255
1694177579998 0.21886993944644928 256
1694177581431 0.23142676055431366 257
1694177582862 0.2366139143705368 258
1694177584314 0.19670793414115906 259
1694177585747 0.21383987367153168 260
1694177587185 0.2212558537721634 261
1694177588655 0.21979589760303497 262
1694177590092 0.20664070546627045 263
1694177591522 0.20645122230052948 264
