1694176806179 0.16264507174491882 0
1694176807678 0.6587086915969849 1
1694176809130 1.1292773485183716 2
1694176810567 2.3556203842163086 3
1694176812007 3.973466157913208 4
1694176813478 5.475196361541748 5
1694176814918 6.810452938079834 6
1694176816342 7.712124824523926 7
1694176817769 8.508747100830078 8
1694176819209 9.274585723876953 9
1694176820650 9.744742393493652 10
1694176822087 10.316263198852539 11
1694176823516 10.706330299377441 12
1694176824956 11.050439834594727 13
1694176826396 11.122180938720703 14
1694176827843 11.258221626281738 15
1694176829287 11.37922191619873 16
1694176830723 11.518024444580078 17
1694176832150 11.294992446899414 18
1694176833581 11.445712089538574 19
1694176835019 11.293834686279297 20
1694176836443 11.228796005249023 21
1694176837894 10.701608657836914 22
1694176839340 10.564476013183594 23
1694176840769 10.576150894165039 24
1694176842210 10.36442756652832 25
1694176843653 9.98005199432373 26
1694176845090 9.920061111450195 27
1694176846522 9.736459732055664 28
1694176847939 9.423142433166504 29
1694176849373 9.176850318908691 30
1694176850804 9.162837982177734 31
1694176852327 8.980868339538574 32
1694176853765 8.645703315734863 33
1694176855193 8.280202865600586 34
1694176856613 8.206628799438477 35
1694176858035 8.02557373046875 36
1694176859449 7.638218879699707 37
1694176860863 7.319467067718506 38
1694176862281 7.152392387390137 39
1694176863704 6.877693176269531 40
1694176865126 6.616089344024658 41
1694176866542 6.308157920837402 42
1694176867963 6.028761863708496 43
1694176869393 5.722649097442627 44
1694176870820 5.576075553894043 45
1694176872235 5.293816089630127 46
1694176873648 5.010899543762207 47
1694176875088 4.708393096923828 48
1694176876497 4.474581718444824 49
1694176878119 4.270096778869629 50
1694176879699 3.9125583171844482 51
1694176881112 3.6948559284210205 52
1694176882536 3.4692094326019287 53
1694176884106 3.1421141624450684 54
1694176885680 2.826188325881958 55
1694176887113 2.6077210903167725 56
1694176888542 2.4338135719299316 57
1694176890106 2.1676487922668457 58
1694176891688 1.9350801706314087 59
1694176893263 1.7383557558059692 60
1694176894762 1.4980242252349854 61
1694176896215 1.2586538791656494 62
1694176897667 1.040339708328247 63
1694176899094 0.8263653516769409 64
1694176900514 0.5552352666854858 65
1694176901957 0.3455691933631897 66
1694176903580 0.1607675701379776 67
1694176905108 -0.02893584407866001 68
1694176906549 -0.24904219806194305 69
1694176907988 -0.39684513211250305 70
1694176909572 -0.5674847364425659 71
1694176911061 -0.7418141961097717 72
1694176912511 -0.9061108231544495 73
1694176913958 -1.0597941875457764 74
1694176915392 -1.179418683052063 75
1694176916866 -1.3124052286148071 76
1694176918320 -1.4071491956710815 77
1694176919756 -1.539182424545288 78
1694176921186 -1.615449070930481 79
1694176922626 -1.6443431377410889 80
1694176924132 -1.6452419757843018 81
1694176925700 -1.6479283571243286 82
1694176927380 -1.65773606300354 83
1694176928882 -1.6502314805984497 84
1694176930370 -1.6625417470932007 85
1694176931805 -1.5659221410751343 86
1694176933434 -1.5370323657989502 87
1694176934902 -1.4450178146362305 88
1694176936343 -1.3643015623092651 89
1694176937801 -1.5787211656570435 90
1694176939244 -1.4534690380096436 91
1694176940679 -2.0484304428100586 92
1694176942106 -2.3995654582977295 93
1694176943646 -2.678281784057617 94
1694176945083 -2.8290748596191406 95
1694176946538 -2.809821844100952 96
1694176948003 -2.7880072593688965 97
1694176949465 -2.6520302295684814 98
1694176951099 -2.65525484085083 99
1694176952565 -2.499502182006836 100
1694176954056 -2.3680243492126465 101
1694176955506 -2.376068115234375 102
1694176956951 -2.2964932918548584 103
1694176958402 -2.1175925731658936 104
1694176959848 -2.127098321914673 105
1694176961287 -1.9429813623428345 106
1694176962740 -1.730351448059082 107
1694176964200 -1.648836612701416 108
1694176965655 -1.4852986335754395 109
1694176967097 -1.324050784111023 110
1694176968532 -1.2950526475906372 111
1694176969958 -1.1505212783813477 112
1694176971377 -1.0850889682769775 113
1694176972802 -1.0584957599639893 114
1694176974230 -0.9324126839637756 115
1694176975645 -1.028507113456726 116
1694176977060 -1.0287061929702759 117
1694176978488 -1.1575144529342651 118
1694176979926 -1.2549172639846802 119
1694176981345 -1.1630816459655762 120
1694176982764 -0.9624543786048889 121
1694176984188 -1.0867899656295776 122
1694176985618 -0.9188733696937561 123
1694176987037 -0.8701732754707336 124
1694176988458 -0.950020432472229 125
1694176989897 -1.0842231512069702 126
1694176991315 -0.899589478969574 127
1694176992731 -0.9073231220245361 128
1694176994153 -0.9226822853088379 129
1694176995584 -0.8594269156455994 130
1694176997009 -0.9052879810333252 131
1694176998436 -0.7152881026268005 132
1694176999867 -0.6988062262535095 133
1694177001389 -0.7380397319793701 134
1694177002843 -0.6365569829940796 135
1694177004300 -0.640131413936615 136
1694177005750 -0.6783696413040161 137
1694177007193 -0.7433314919471741 138
1694177008642 -0.7681341767311096 139
1694177010082 -0.6885638236999512 140
1694177011521 -0.673399806022644 141
1694177012980 -0.6246744394302368 142
1694177014434 -0.6641230583190918 143
1694177015899 -0.7152972221374512 144
1694177017342 -0.6948919892311096 145
1694177018792 -0.6226014494895935 146
1694177020243 -0.650090217590332 147
1694177021694 -0.6385500431060791 148
1694177023133 -0.5942662954330444 149
1694177024581 -0.737934410572052 150
1694177026020 -0.5757301449775696 151
1694177027458 -0.5713971257209778 152
1694177028898 -0.5832903385162354 153
1694177030351 -0.6607056260108948 154
1694177031786 -0.6482265591621399 155
1694177033223 -0.6729957461357117 156
1694177034671 -0.656839907169342 157
1694177036091 -0.637786328792572 158
1694177037533 -0.5703995823860168 159
1694177038975 -0.6577930450439453 160
1694177040406 -0.5978966355323792 161
1694177041844 -0.5886057019233704 162
1694177043262 -0.5929340124130249 163
1694177044734 -0.6255618333816528 164
1694177046255 -0.644262969493866 165
1694177047694 -0.5632807016372681 166
1694177049128 -0.7018610239028931 167
1694177050537 -0.6604037880897522 168
1694177051953 -0.6275660991668701 169
1694177053369 -0.6005401015281677 170
1694177054777 -0.6227442622184753 171
1694177056205 -0.6910149455070496 172
1694177057606 -1.8593666553497314 173
1694177059043 -0.6362451314926147 174
1694177060468 -1.0679129362106323 175
1694177061911 -0.8959792852401733 176
1694177063313 -1.1354343891143799 177
1694177064739 -1.6425044536590576 178
1694177066138 -0.8970275521278381 179
1694177067549 -1.252855658531189 180
1694177068953 -1.2164607048034668 181
1694177070365 -0.9010158777236938 182
1694177071765 -0.9477269053459167 183
1694177073166 -0.8940095901489258 184
1694177074581 -1.1255403757095337 185
1694177075993 -0.8387614488601685 186
1694177077433 -0.8408240079879761 187
1694177078864 -0.7956501841545105 188
1694177080311 -0.7246813178062439 189
1694177081746 -0.7798247337341309 190
1694177083187 -0.6490195393562317 191
1694177084645 -0.6972052454948425 192
1694177086074 -0.6917835474014282 193
1694177087477 -0.5645272135734558 194
1694177088886 -0.599147617816925 195
1694177090284 -0.6286570429801941 196
1694177091689 -0.6144054532051086 197
1694177093090 -0.4947472810745239 198
1694177094500 -0.48756736516952515 199
1694177095984 -0.5432882905006409 200
1694177097405 -0.5377495884895325 201
1694177098806 -0.7602654099464417 202
1694177100224 -0.5700655579566956 203
1694177101626 -0.6530771255493164 204
1694177103038 -0.577983558177948 205
1694177104447 -0.48844513297080994 206
1694177105848 -0.5527487993240356 207
1694177107259 -0.561688244342804 208
1694177108664 -0.6200999617576599 209
1694177110087 -0.5339494943618774 210
1694177111520 -0.5055208206176758 211
1694177112948 -0.5123036503791809 212
1694177114356 -0.5235186219215393 213
1694177115799 -0.4492586851119995 214
1694177117222 -0.5296643972396851 215
1694177118653 -0.48025035858154297 216
1694177120075 -0.4363068640232086 217
1694177121526 -0.42719727754592896 218
1694177122958 -0.5465328693389893 219
1694177124385 -0.54756098985672 220
1694177125814 -0.3960675001144409 221
1694177127246 -0.4347691535949707 222
1694177128664 -0.528959333896637 223
1694177130117 -0.4401363134384155 224
1694177131544 -0.4527336359024048 225
1694177132956 -0.4484972357749939 226
1694177134375 -0.5097806453704834 227
1694177135810 -0.4565178155899048 228
1694177137231 -0.46901652216911316 229
1694177138637 -0.4278896749019623 230
1694177140150 -0.42134949564933777 231
1694177141566 -0.4325351119041443 232
1694177142983 -0.446664035320282 233
1694177144413 -0.48545360565185547 234
1694177145840 -0.44579482078552246 235
1694177147263 -0.4171542525291443 236
1694177148691 -0.4449045658111572 237
1694177150133 -0.48501861095428467 238
1694177151561 -0.42460328340530396 239
1694177152985 -0.5050957202911377 240
1694177154413 -0.4241688847541809 241
1694177155846 -0.39656296372413635 242
1694177157264 -0.41512730717658997 243
1694177158690 -0.42799732089042664 244
1694177160100 -0.5074144601821899 245
1694177161531 -0.6178527474403381 246
1694177162945 -0.4192698299884796 247
1694177164378 -0.46223166584968567 248
1694177165812 -0.3907070755958557 249
1694177167232 -0.4400322735309601 250
1694177168634 -0.4527686536312103 251
1694177170088 -0.44438809156417847 252
1694177171493 -0.4880015552043915 253
1694177172913 -0.46945720911026 254
1694177174349 -0.4017128050327301 255
1694177175780 -0.4070255756378174 256
1694177177201 -0.4843876361846924 257
1694177178590 -0.5032336711883545 258
1694177179993 -0.3918236494064331 259
1694177181394 -0.3951067626476288 260
1694177182783 -0.43765905499458313 261
1694177184175 -0.4134491980075836 262
1694177185584 -0.421519011259079 263
1694177187004 -0.42413413524627686 264
1694177188415 -0.46429404616355896 0
1694177189918 -0.45611241459846497 1
1694177191351 -0.4620172381401062 2
1694177192765 -0.4142891466617584 3
1694177194198 -0.4157176613807678 4
1694177195602 -0.4438020586967468 5
1694177197010 -0.3982211649417877 6
1694177198433 -0.4099774956703186 7
1694177199876 -0.4016006290912628 8
1694177201294 -0.43936383724212646 9
1694177202711 -0.41701093316078186 10
1694177204137 -0.43395116925239563 11
1694177205581 -0.4451645016670227 12
1694177206993 -0.43134304881095886 13
1694177208413 -0.47222086787223816 14
1694177209845 -0.3930739462375641 15
1694177211271 -0.3985183835029602 16
1694177212688 -0.41925475001335144 17
1694177214102 -0.44766777753829956 18
1694177215528 -0.42616984248161316 19
1694177216951 -0.4276408553123474 20
1694177218382 -0.4510110318660736 21
1694177219818 -0.41162025928497314 22
1694177221259 -0.420107364654541 23
1694177222694 -0.43706920742988586 24
1694177224141 -0.4516597390174866 25
1694177225589 -0.41929927468299866 26
1694177227022 -0.43727368116378784 27
1694177228440 -0.42467692494392395 28
1694177229863 -0.45043453574180603 29
1694177231296 -0.4549691677093506 30
1694177232737 -0.4449327886104584 31
1694177234270 -0.4062429368495941 32
1694177235718 -0.41929203271865845 33
1694177237153 -0.4606781601905823 34
1694177238577 -0.4446715712547302 35
1694177240015 -0.4514484107494354 36
1694177241456 -0.4345393776893616 37
1694177242887 -0.4592045843601227 38
1694177244314 -0.4000196158885956 39
1694177245766 -0.41606417298316956 40
1694177247178 -0.4430527985095978 41
1694177248599 -0.42948052287101746 42
1694177250038 -0.4361494779586792 43
1694177251473 -0.4231035113334656 44
1694177252910 -0.4174572825431824 45
1694177254338 -0.4134281873703003 46
1694177255771 -0.4542607367038727 47
1694177257207 -0.48100531101226807 48
1694177258640 -0.44833412766456604 49
1694177260088 -0.42011475563049316 50
1694177261525 -0.4083724915981293 51
1694177262943 -0.4435133635997772 52
1694177264373 -0.413850337266922 53
1694177265806 -0.4422452449798584 54
1694177267228 -0.44873782992362976 55
1694177268640 -0.46144533157348633 56
1694177270074 -0.4796654284000397 57
1694177271496 -0.43431130051612854 58
1694177272921 -0.4499395489692688 59
1694177274337 -0.4358241558074951 60
1694177275757 -0.43189436197280884 61
1694177277181 -0.48650652170181274 62
1694177278601 -0.44119250774383545 63
1694177280027 -0.4161043167114258 64
1694177281457 -0.43785545229911804 65
1694177282879 -0.4546928107738495 66
1694177284385 -0.44475483894348145 67
1694177285816 -0.44816145300865173 68
1694177287225 -0.4819278120994568 69
1694177288659 -0.45452195405960083 70
1694177290086 -0.43812575936317444 71
1694177291516 -0.45003727078437805 72
1694177292949 -0.4498443603515625 73
1694177294368 -0.4431246519088745 74
1694177295823 -0.46409377455711365 75
1694177297357 -0.43973278999328613 76
1694177298811 -0.4281376600265503 77
1694177300358 -0.42735275626182556 78
1694177301796 -0.4454125165939331 79
1694177303390 -0.471782386302948 80
1694177304831 -0.4461396336555481 81
1694177306269 -0.4723871648311615 82
1694177307793 -0.44301292300224304 83
1694177309305 -0.445770800113678 84
1694177310751 -0.4271603524684906 85
1694177312293 -0.4664768576622009 86
1694177313778 -0.47161248326301575 87
1694177315225 -0.46602559089660645 88
1694177316674 -0.4882635176181793 89
1694177318105 -0.45733529329299927 90
1694177319526 -0.4333292841911316 91
1694177320960 -0.4251367449760437 92
1694177322392 -0.44016537070274353 93
1694177323850 -0.48196372389793396 94
1694177325299 -0.46469882130622864 95
1694177326715 -0.46096110343933105 96
1694177328143 -0.42359212040901184 97
1694177329747 -0.4331502318382263 98
1694177331306 -0.44428467750549316 99
1694177332950 -0.4966045618057251 100
1694177334692 -0.48613205552101135 101
1694177336386 -0.46580612659454346 102
1694177337995 -0.4347051978111267 103
1694177339636 -0.4108235538005829 104
1694177341289 -0.44493192434310913 105
1694177342940 -0.49660536646842957 106
1694177344527 -0.496845543384552 107
1694177346193 -0.463403582572937 108
1694177347855 -0.44546347856521606 109
1694177349512 -0.47040143609046936 110
1694177351156 -0.4753637909889221 111
1694177352737 -0.4770035445690155 112
1694177354429 -0.4394766688346863 113
1694177356006 -0.4348817467689514 114
1694177357665 -0.4540100693702698 115
1694177359342 -0.5063643455505371 116
1694177361064 -0.5026388764381409 117
1694177362658 -0.46210744976997375 118
1694177364157 -0.4737614095211029 119
1694177365653 -0.4549116790294647 120
1694177367099 -0.48183196783065796 121
1694177368657 -0.4765005111694336 122
1694177370316 -0.4559517204761505 123
1694177371922 -0.46904662251472473 124
1694177373490 -0.4643794000148773 125
1694177375091 -0.47956976294517517 126
1694177376753 -0.48023369908332825 127
1694177378321 -0.4625568091869354 128
1694177380001 -0.4521591365337372 129
1694177381738 -0.46567127108573914 130
1694177383209 -0.4749857485294342 131
1694177384678 -0.5055012106895447 132
1694177386304 -0.47601303458213806 133
1694177387770 -0.48148778080940247 134
1694177389241 -0.5228357911109924 135
1694177390840 -0.47300833463668823 136
1694177392605 -0.4609375 137
1694177394340 -0.45742812752723694 138
1694177395933 -0.46756619215011597 139
1694177397500 -0.48700186610221863 140
1694177399072 -0.4753565192222595 141
1694177400661 -0.5187880992889404 142
1694177402221 -0.4956595003604889 143
1694177403874 -0.44147610664367676 144
1694177405468 -0.4555268883705139 145
1694177407141 -0.4958784580230713 146
1694177408668 -0.5153469443321228 147
1694177410217 -0.5125245451927185 148
1694177411866 -0.46601301431655884 149
1694177413579 -0.45122209191322327 150
1694177415172 -0.47647973895072937 151
1694177416733 -0.46896469593048096 152
1694177418299 -0.5114452242851257 153
1694177419929 -0.5141914486885071 154
1694177421513 -0.5041205286979675 155
1694177423092 -0.49090608954429626 156
1694177424681 -0.464207261800766 157
1694177426335 -0.48398318886756897 158
1694177427913 -0.48234787583351135 159
1694177429538 -0.5097130537033081 160
1694177431104 -0.5188878774642944 161
1694177432673 -0.531427264213562 162
1694177434270 -0.4629819095134735 163
1694177436149 -0.5025544166564941 164
1694177437738 -0.4500385522842407 165
1694177439191 -0.4796227812767029 166
1694177440650 -0.5005343556404114 167
1694177442317 -0.49376118183135986 168
1694177443966 -0.4929770529270172 169
1694177445660 -0.5081360340118408 170
1694177447318 -0.4919840395450592 171
1694177448983 -0.5119063854217529 172
1694177450608 -0.5321115851402283 173
1694177452275 -0.45337894558906555 174
1694177453922 -0.48575252294540405 175
1694177455555 -0.5199724435806274 176
1694177457205 -0.5028874278068542 177
1694177458864 -0.5216171741485596 178
1694177460540 -0.5136815309524536 179
1694177462190 -0.5128276348114014 180
1694177463844 -0.4510484039783478 181
1694177465481 -0.4622882604598999 182
1694177467142 -0.4936046898365021 183
1694177468798 -0.5271328091621399 184
1694177470407 -0.5444906949996948 185
1694177472067 -0.5301917195320129 186
1694177473682 -0.49873292446136475 187
1694177475295 -0.4654981195926666 188
1694177476928 -0.4966137707233429 189
1694177478696 -0.5067195296287537 190
1694177480160 -0.4863482117652893 191
1694177481585 -0.5122802257537842 192
1694177483040 -0.5148249864578247 193
1694177484481 -0.5324079394340515 194
1694177485927 -0.5227511525154114 195
1694177487388 -0.5303305983543396 196
1694177488824 -0.48139503598213196 197
1694177490257 -0.49910980463027954 198
1694177491851 -0.5120973587036133 199
1694177493562 -0.5025860071182251 200
1694177495132 -0.5129275321960449 201
1694177496685 -0.5012571215629578 202
1694177498138 -0.512751042842865 203
1694177499764 -0.5307177901268005 204
1694177501460 -0.5271946787834167 205
1694177503038 -0.5061684846878052 206
1694177504587 -0.5148686170578003 207
1694177506112 -0.5286568999290466 208
1694177507731 -0.474590539932251 209
1694177509423 -0.48798292875289917 210
1694177510997 -0.5250312089920044 211
1694177512549 -0.535513699054718 212
1694177514122 -0.5471012592315674 213
1694177515793 -0.535232424736023 214
1694177517352 -0.5067343711853027 215
1694177518971 -0.498462975025177 216
1694177520444 -0.5013612508773804 217
1694177522070 -0.5160359144210815 218
1694177523690 -0.5135452747344971 219
1694177525367 -0.5141164064407349 220
1694177526981 -0.5041022300720215 221
1694177528537 -0.5255850553512573 222
1694177530302 -0.5464300513267517 223
1694177532023 -0.5400271415710449 224
1694177533696 -0.5149847269058228 225
1694177535249 -0.5174463391304016 226
1694177536748 -0.49550294876098633 227
1694177538187 -0.48398175835609436 228
1694177539742 -0.5070409178733826 229
1694177541272 -0.5472539663314819 230
1694177542729 -0.5170465111732483 231
1694177544168 -0.5559000372886658 232
1694177545608 -0.5332096815109253 233
1694177547051 -0.5068573951721191 234
1694177548506 -0.5201822519302368 235
1694177549962 -0.5216637849807739 236
1694177551477 -0.5218114852905273 237
1694177553024 -0.5378894209861755 238
1694177554557 -0.5820150375366211 239
1694177556019 -0.5461087226867676 240
1694177557539 -0.5150805115699768 241
1694177559151 -0.5117830634117126 242
1694177560693 -0.5327444076538086 243
1694177562196 -0.5386637449264526 244
1694177563802 -0.5623013973236084 245
1694177565294 -0.5345299243927002 246
1694177566792 -0.5086948871612549 247
1694177568279 -0.5083016753196716 248
1694177569754 -0.5657908916473389 249
1694177571260 -0.5447837710380554 250
1694177572760 -0.5107157230377197 251
1694177574251 -0.5302091836929321 252
1694177575700 -0.5416155457496643 253
1694177577121 -0.546341598033905 254
1694177578560 -0.5403528213500977 255
1694177580000 -0.5518212914466858 256
1694177581432 -0.5070621967315674 257
1694177582864 -0.507351279258728 258
1694177584315 -0.559068500995636 259
1694177585748 -0.5468495488166809 260
1694177587186 -0.5324215888977051 261
1694177588656 -0.5240765810012817 262
1694177590093 -0.5429021716117859 263
1694177591524 -0.5409393310546875 264
