1694176806180 1.1412142515182495 0
1694176807680 1.4974539279937744 1
1694176809137 1.8190104961395264 2
1694176810568 2.9305694103240967 3
1694176812009 4.448997974395752 4
1694176813479 5.951925277709961 5
1694176814919 7.250354766845703 6
1694176816343 8.132609367370605 7
1694176817770 8.95484447479248 8
1694176819210 9.780464172363281 9
1694176820651 10.24382495880127 10
1694176822088 10.806578636169434 11
1694176823517 11.171756744384766 12
1694176824957 11.478134155273438 13
1694176826397 11.523148536682129 14
1694176827844 11.66310977935791 15
1694176829288 11.758906364440918 16
1694176830724 11.88183879852295 17
1694176832151 11.645075798034668 18
1694176833582 11.777536392211914 19
1694176835020 11.623519897460938 20
1694176836444 11.550795555114746 21
1694176837896 11.008360862731934 22
1694176839341 10.853784561157227 23
1694176840775 10.871233940124512 24
1694176842212 10.667874336242676 25
1694176843654 10.269282341003418 26
1694176845091 10.20632266998291 27
1694176846524 10.020587921142578 28
1694176847940 9.684405326843262 29
1694176849374 9.428459167480469 30
1694176850805 9.466197967529297 31
1694176852328 9.243464469909668 32
1694176853766 8.926321029663086 33
1694176855194 8.569039344787598 34
1694176856614 8.449548721313477 35
1694176858036 8.28219223022461 36
1694176859450 7.863809108734131 37
1694176860864 7.56088399887085 38
1694176862282 7.380059242248535 39
1694176863705 7.0867743492126465 40
1694176865127 6.823452472686768 41
1694176866543 6.525340557098389 42
1694176867964 6.2514567375183105 43
1694176869394 5.9192657470703125 44
1694176870821 5.7937188148498535 45
1694176872236 5.492984294891357 46
1694176873649 5.223644733428955 47
1694176875089 4.91438102722168 48
1694176876498 4.658688068389893 49
1694176878120 4.472194671630859 50
1694176879700 4.113309860229492 51
1694176881114 3.9208455085754395 52
1694176882537 3.6528494358062744 53
1694176884107 3.334418773651123 54
1694176885682 3.0103065967559814 55
1694176887114 2.782402515411377 56
1694176888543 2.6123766899108887 57
1694176890108 2.3471384048461914 58
1694176891689 2.109252452850342 59
1694176893265 1.9081028699874878 60
1694176894763 1.6849334239959717 61
1694176896216 1.4166226387023926 62
1694176897668 1.187453031539917 63
1694176899095 1.0000542402267456 64
1694176900515 0.7183871269226074 65
1694176901958 0.49534088373184204 66
1694176903581 0.32420068979263306 67
1694176905109 0.1376035511493683 68
1694176906550 -0.09348620474338531 69
1694176907989 -0.24892140924930573 70
1694176909573 -0.40011319518089294 71
1694176911062 -0.5985778570175171 72
1694176912512 -0.7447114586830139 73
1694176913959 -0.8963923454284668 74
1694176915393 -1.0427652597427368 75
1694176916867 -1.145542025566101 76
1694176918321 -1.2361820936203003 77
1694176919757 -1.3892320394515991 78
1694176921187 -1.4553685188293457 79
1694176922627 -1.467610239982605 80
1694176924133 -1.4529664516448975 81
1694176925701 -1.4649159908294678 82
1694176927381 -1.43988037109375 83
1694176928884 -1.4391348361968994 84
1694176930372 -1.4669123888015747 85
1694176931806 -1.3633601665496826 86
1694176933435 -1.3434690237045288 87
1694176934903 -1.2239766120910645 88
1694176936344 -1.136057734489441 89
1694176937802 -1.3382863998413086 90
1694176939245 -1.1712088584899902 91
1694176940680 -1.7812281847000122 92
1694176942107 -2.106132984161377 93
1694176943652 -2.3742356300354004 94
1694176945086 -2.5066096782684326 95
1694176946539 -2.412994623184204 96
1694176948004 -2.4511799812316895 97
1694176949466 -2.3797450065612793 98
1694176951100 -2.3540618419647217 99
1694176952566 -2.1853928565979004 100
1694176954057 -2.0668699741363525 101
1694176955508 -2.0834524631500244 102
1694176956952 -2.0173778533935547 103
1694176958403 -1.8142549991607666 104
1694176959849 -1.8274438381195068 105
1694176961288 -1.6234078407287598 106
1694176962742 -1.4200772047042847 107
1694176964201 -1.3599417209625244 108
1694176965657 -1.1943068504333496 109
1694176967098 -1.042482852935791 110
1694176968533 -1.0130410194396973 111
1694176969965 -0.8496819734573364 112
1694176971378 -0.7877633571624756 113
1694176972803 -0.7530196309089661 114
1694176974231 -0.6199244260787964 115
1694176975646 -0.6947981715202332 116
1694176977061 -0.7178016901016235 117
1694176978489 -0.8729138970375061 118
1694176979928 -0.9815056920051575 119
1694176981351 -0.8661365509033203 120
1694176982765 -0.6679651737213135 121
1694176984189 -0.7704193592071533 122
1694176985619 -0.6548470258712769 123
1694176987038 -0.578797459602356 124
1694176988459 -0.6686615943908691 125
1694176989899 -0.8072844743728638 126
1694176991316 -0.631718635559082 127
1694176992732 -0.6452163457870483 128
1694176994154 -0.681764543056488 129
1694176995585 -0.6017040014266968 130
1694176997011 -0.6353517174720764 131
1694176998437 -0.41824057698249817 132
1694176999868 -0.40356916189193726 133
1694177001391 -0.42700305581092834 134
1694177002844 -0.32597270607948303 135
1694177004301 -0.3469375669956207 136
1694177005751 -0.3988901972770691 137
1694177007194 -0.45202380418777466 138
1694177008643 -0.505526065826416 139
1694177010084 -0.43343180418014526 140
1694177011522 -0.4073442220687866 141
1694177012982 -0.34207236766815186 142
1694177014435 -0.38560399413108826 143
1694177015900 -0.455346941947937 144
1694177017343 -0.4413350224494934 145
1694177018793 -0.33834072947502136 146
1694177020244 -0.40645498037338257 147
1694177021695 -0.36812353134155273 148
1694177023135 -0.31861647963523865 149
1694177024582 -0.4947172701358795 150
1694177026021 -0.3061975836753845 151
1694177027460 -0.28551429510116577 152
1694177028899 -0.32019633054733276 153
1694177030352 -0.4040176272392273 154
1694177031787 -0.39506882429122925 155
1694177033225 -0.4049663841724396 156
1694177034672 -0.38617590069770813 157
1694177036092 -0.37421849370002747 158
1694177037535 -0.29452210664749146 159
1694177038976 -0.39376571774482727 160
1694177040413 -0.34190285205841064 161
1694177041845 -0.3311938941478729 162
1694177043264 -0.338559091091156 163
1694177044735 -0.36188527941703796 164
1694177046256 -0.3802565932273865 165
1694177047695 -0.28424176573753357 166
1694177049129 -0.4275967478752136 167
1694177050538 -0.3678100109100342 168
1694177051955 -0.3296487033367157 169
1694177053370 -0.3257085382938385 170
1694177054778 -0.3501308858394623 171
1694177056206 -0.4147336781024933 172
1694177057607 -1.5989291667938232 173
1694177059044 -0.243345707654953 174
1694177060470 -0.6229838132858276 175
1694177061912 -0.4977700114250183 176
1694177063314 -0.731277585029602 177
1694177064740 -1.296181321144104 178
1694177066139 -0.5392440557479858 179
1694177067550 -0.9383980631828308 180
1694177068954 -0.8557419776916504 181
1694177070366 -0.5441592335700989 182
1694177071766 -0.6099869608879089 183
1694177073167 -0.5454555749893188 184
1694177074582 -0.7789782881736755 185
1694177075994 -0.4927871525287628 186
1694177077434 -0.4786248505115509 187
1694177078865 -0.45174941420555115 188
1694177080312 -0.3941509425640106 189
1694177081747 -0.4448227882385254 190
1694177083188 -0.30706363916397095 191
1694177084646 -0.3814789950847626 192
1694177086075 -0.3784291744232178 193
1694177087478 -0.23295485973358154 194
1694177088892 -0.29328998923301697 195
1694177090285 -0.30298128724098206 196
1694177091690 -0.2872932553291321 197
1694177093091 -0.15129783749580383 198
1694177094502 -0.15086913108825684 199
1694177095985 -0.22524860501289368 200
1694177097406 -0.2196388840675354 201
1694177098807 -0.5027997493743896 202
1694177100225 -0.2515842616558075 203
1694177101627 -0.32046329975128174 204
1694177103039 -0.22361597418785095 205
1694177104448 -0.13332536816596985 206
1694177105849 -0.2177329957485199 207
1694177107260 -0.26487836241722107 208
1694177108665 -0.3253432512283325 209
1694177110088 -0.21072757244110107 210
1694177111521 -0.17650720477104187 211
1694177112949 -0.18689215183258057 212
1694177114357 -0.22126927971839905 213
1694177115800 -0.13627824187278748 214
1694177117224 -0.22755023837089539 215
1694177118654 -0.15534403920173645 216
1694177120076 -0.11365047097206116 217
1694177121527 -0.11361300945281982 218
1694177122959 -0.2556203305721283 219
1694177124386 -0.2649007737636566 220
1694177125815 -0.06394824385643005 221
1694177127247 -0.11991679668426514 222
1694177128665 -0.2503180503845215 223
1694177130118 -0.15781563520431519 224
1694177131545 -0.15657556056976318 225
1694177132957 -0.16347238421440125 226
1694177134376 -0.24698448181152344 227
1694177135811 -0.1805715262889862 228
1694177137232 -0.20071539282798767 229
1694177138638 -0.1428924798965454 230
1694177140151 -0.13928011059761047 231
1694177141567 -0.16072028875350952 232
1694177142984 -0.16073071956634521 233
1694177144414 -0.2352409064769745 234
1694177145841 -0.1816830337047577 235
1694177147264 -0.14255428314208984 236
1694177148692 -0.195193812251091 237
1694177150134 -0.22900056838989258 238
1694177151562 -0.14661628007888794 239
1694177152986 -0.24322980642318726 240
1694177154414 -0.14858713746070862 241
1694177155847 -0.11403128504753113 242
1694177157271 -0.13886067271232605 243
1694177158691 -0.16612449288368225 244
1694177160101 -0.2655876874923706 245
1694177161532 -0.38692706823349 246
1694177162946 -0.1462937593460083 247
1694177164379 -0.1880010962486267 248
1694177165813 -0.1004038155078888 249
1694177167233 -0.17921051383018494 250
1694177168635 -0.18442746996879578 251
1694177170089 -0.2019258737564087 252
1694177171494 -0.2372916340827942 253
1694177172914 -0.21987661719322205 254
1694177174350 -0.1212819516658783 255
1694177175787 -0.1384895145893097 256
1694177177203 -0.249461367726326 257
1694177178591 -0.258026659488678 258
1694177179994 -0.1066739559173584 259
1694177181401 -0.1221545934677124 260
1694177182784 -0.18014797568321228 261
1694177184176 -0.1412455141544342 262
1694177185586 -0.15873664617538452 263
1694177187005 -0.1832163780927658 264
1694177188416 -0.22468310594558716 0
1694177189919 -0.2118348628282547 1
1694177191352 -0.21633382141590118 2
1694177192766 -0.15309086441993713 3
1694177194199 -0.14542677998542786 4
1694177195603 -0.1938663274049759 5
1694177197011 -0.12586885690689087 6
1694177198434 -0.16917450726032257 7
1694177199877 -0.1424589455127716 8
1694177201295 -0.19398218393325806 9
1694177202712 -0.16400855779647827 10
1694177204139 -0.19432350993156433 11
1694177205582 -0.202246755361557 12
1694177206996 -0.18423597514629364 13
1694177208414 -0.24960167706012726 14
1694177209846 -0.12177518010139465 15
1694177211272 -0.14633619785308838 16
1694177212689 -0.17409151792526245 17
1694177214103 -0.20576275885105133 18
1694177215529 -0.19376014173030853 19
1694177216952 -0.19020269811153412 20
1694177218383 -0.22223496437072754 21
1694177219819 -0.1615467667579651 22
1694177221260 -0.1831943243741989 23
1694177222695 -0.2064741849899292 24
1694177224142 -0.2202625274658203 25
1694177225590 -0.16644585132598877 26
1694177227024 -0.20102086663246155 27
1694177228441 -0.1632920801639557 28
1694177229864 -0.21952341496944427 29
1694177231297 -0.20799040794372559 30
1694177232738 -0.20298022031784058 31
1694177234271 -0.15882188081741333 32
1694177235719 -0.1761346161365509 33
1694177237154 -0.22413422167301178 34
1694177238578 -0.21840618550777435 35
1694177240016 -0.231428325176239 36
1694177241457 -0.18059775233268738 37
1694177242888 -0.22120283544063568 38
1694177244315 -0.13812586665153503 39
1694177245767 -0.14103060960769653 40
1694177247179 -0.21098345518112183 41
1694177248600 -0.17029991745948792 42
1694177250040 -0.19844144582748413 43
1694177251474 -0.16731208562850952 44
1694177252911 -0.165394127368927 45
1694177254339 -0.15991556644439697 46
1694177255772 -0.22848057746887207 47
1694177257208 -0.26954394578933716 48
1694177258641 -0.2083992063999176 49
1694177260089 -0.17040780186653137 50
1694177261526 -0.12794774770736694 51
1694177262944 -0.19323211908340454 52
1694177264374 -0.16922707855701447 53
1694177265807 -0.21220636367797852 54
1694177267229 -0.2127515822649002 55
1694177268641 -0.2332673817873001 56
1694177270075 -0.2594875395298004 57
1694177271498 -0.20594477653503418 58
1694177272922 -0.21665643155574799 59
1694177274338 -0.19837360084056854 60
1694177275759 -0.18866096436977386 61
1694177277182 -0.2837288975715637 62
1694177278602 -0.19157615303993225 63
1694177280028 -0.15407127141952515 64
1694177281458 -0.21098686754703522 65
1694177282880 -0.2335570901632309 66
1694177284386 -0.2159344106912613 67
1694177285817 -0.20926500856876373 68
1694177287226 -0.2722446918487549 69
1694177288660 -0.23970049619674683 70
1694177290087 -0.1974823921918869 71
1694177291517 -0.2149529755115509 72
1694177292950 -0.20886465907096863 73
1694177294369 -0.19985331594944 74
1694177295824 -0.22249938547611237 75
1694177297359 -0.19463126361370087 76
1694177298812 -0.1695607304573059 77
1694177300359 -0.1662328541278839 78
1694177301797 -0.21353888511657715 79
1694177303391 -0.24920259416103363 80
1694177304832 -0.2085094004869461 81
1694177306270 -0.25575321912765503 82
1694177307794 -0.19028231501579285 83
1694177309306 -0.21755802631378174 84
1694177310752 -0.1709078848361969 85
1694177312294 -0.2494339644908905 86
1694177313779 -0.25122305750846863 87
1694177315226 -0.25437331199645996 88
1694177316675 -0.275447279214859 89
1694177318106 -0.22049549221992493 90
1694177319527 -0.18722283840179443 91
1694177320961 -0.16635000705718994 92
1694177322393 -0.19031906127929688 93
1694177323851 -0.2638598382472992 94
1694177325300 -0.23149317502975464 95
1694177326716 -0.23330387473106384 96
1694177328144 -0.15992110967636108 97
1694177329748 -0.18331804871559143 98
1694177331307 -0.20348921418190002 99
1694177332952 -0.27939504384994507 100
1694177334694 -0.2634861469268799 101
1694177336387 -0.23059149086475372 102
1694177337996 -0.1810392141342163 103
1694177339637 -0.1382594108581543 104
1694177341291 -0.20369459688663483 105
1694177342941 -0.29500800371170044 106
1694177344528 -0.2826993465423584 107
1694177346194 -0.22904609143733978 108
1694177347856 -0.200721874833107 109
1694177349514 -0.25101226568222046 110
1694177351157 -0.24383212625980377 111
1694177352738 -0.2351771891117096 112
1694177354430 -0.19017961621284485 113
1694177356008 -0.18556062877178192 114
1694177357666 -0.21405482292175293 115
1694177359343 -0.2928831875324249 116
1694177361066 -0.2961886525154114 117
1694177362659 -0.2340727150440216 118
1694177364158 -0.25294554233551025 119
1694177365654 -0.2181806117296219 120
1694177367101 -0.25945010781288147 121
1694177368659 -0.246167853474617 122
1694177370317 -0.19834548234939575 123
1694177371923 -0.24668936431407928 124
1694177373491 -0.22481292486190796 125
1694177375092 -0.25908493995666504 126
1694177376755 -0.25124478340148926 127
1694177378322 -0.22320832312107086 128
1694177380002 -0.21227091550827026 129
1694177381739 -0.22618478536605835 130
1694177383210 -0.2577570676803589 131
1694177384679 -0.28283172845840454 132
1694177386305 -0.25780630111694336 133
1694177387771 -0.25633567571640015 134
1694177389242 -0.3254327178001404 135
1694177390841 -0.24833399057388306 136
1694177392607 -0.21674472093582153 137
1694177394342 -0.22154532372951508 138
1694177395934 -0.23645587265491486 139
1694177397501 -0.26210111379623413 140
1694177399073 -0.2555862069129944 141
1694177400662 -0.29937610030174255 142
1694177402222 -0.2700839042663574 143
1694177403875 -0.1801925003528595 144
1694177405470 -0.21975447237491608 145
1694177407142 -0.28279808163642883 146
1694177408669 -0.3106304705142975 147
1694177410218 -0.29905790090560913 148
1694177411867 -0.22323065996170044 149
1694177413580 -0.19899383187294006 150
1694177415173 -0.24266743659973145 151
1694177416734 -0.23398825526237488 152
1694177418300 -0.3077116310596466 153
1694177419930 -0.3059222400188446 154
1694177421514 -0.3004808723926544 155
1694177423094 -0.27687740325927734 156
1694177424682 -0.22573222219944 157
1694177426336 -0.260176420211792 158
1694177427914 -0.2546294331550598 159
1694177429539 -0.3042891025543213 160
1694177431105 -0.3198968768119812 161
1694177432674 -0.34019696712493896 162
1694177434271 -0.22801685333251953 163
1694177436150 -0.27354586124420166 164
1694177437739 -0.19513553380966187 165
1694177439192 -0.24930661916732788 166
1694177440651 -0.28300952911376953 167
1694177442318 -0.27053409814834595 168
1694177443968 -0.2639586925506592 169
1694177445661 -0.3011045455932617 170
1694177447319 -0.2668335437774658 171
1694177448985 -0.29772132635116577 172
1694177450611 -0.3206939697265625 173
1694177452276 -0.19731685519218445 174
1694177453924 -0.26996341347694397 175
1694177455556 -0.31943708658218384 176
1694177457207 -0.2911377549171448 177
1694177458865 -0.32254552841186523 178
1694177460541 -0.3050650954246521 179
1694177462192 -0.2998693585395813 180
1694177463845 -0.19586089253425598 181
1694177465482 -0.21053680777549744 182
1694177467143 -0.28213709592819214 183
1694177468799 -0.32810744643211365 184
1694177470408 -0.3607391119003296 185
1694177472068 -0.3327740430831909 186
1694177473683 -0.2851218581199646 187
1694177475296 -0.2170165628194809 188
1694177476930 -0.25869977474212646 189
1694177478697 -0.28888630867004395 190
1694177480161 -0.2568287253379822 191
1694177481586 -0.29690098762512207 192
1694177483041 -0.3043709099292755 193
1694177484483 -0.335252583026886 194
1694177485928 -0.32629209756851196 195
1694177487390 -0.32890546321868896 196
1694177488825 -0.24397240579128265 197
1694177490258 -0.27715596556663513 198
1694177491852 -0.2814488410949707 199
1694177493563 -0.2747967839241028 200
1694177495133 -0.30681195855140686 201
1694177496686 -0.28248947858810425 202
1694177498139 -0.3057979345321655 203
1694177499766 -0.3355429768562317 204
1694177501461 -0.309944748878479 205
1694177503040 -0.2776188254356384 206
1694177504588 -0.299129843711853 207
1694177506114 -0.3195025324821472 208
1694177507733 -0.22289830446243286 209
1694177509424 -0.2510829269886017 210
1694177510998 -0.3242756128311157 211
1694177512550 -0.3324534296989441 212
1694177514123 -0.3457101285457611 213
1694177515794 -0.3275017738342285 214
1694177517353 -0.2783535122871399 215
1694177518972 -0.2630951702594757 216
1694177520445 -0.2657477855682373 217
1694177522071 -0.28864049911499023 218
1694177523692 -0.28101345896720886 219
1694177525369 -0.29176926612854004 220
1694177526982 -0.28470784425735474 221
1694177528539 -0.31574422121047974 222
1694177530303 -0.35303401947021484 223
1694177532024 -0.31471723318099976 224
1694177533697 -0.2908151149749756 225
1694177535250 -0.2922149896621704 226
1694177536749 -0.26173049211502075 227
1694177538188 -0.23303771018981934 228
1694177539743 -0.28164225816726685 229
1694177541273 -0.34570562839508057 230
1694177542730 -0.283474326133728 231
1694177544169 -0.35693907737731934 232
1694177545609 -0.3298789858818054 233
1694177547052 -0.285129189491272 234
1694177548507 -0.3100999593734741 235
1694177549963 -0.30358898639678955 236
1694177551478 -0.3066403269767761 237
1694177553025 -0.34249347448349 238
1694177554558 -0.40100860595703125 239
1694177556020 -0.34789329767227173 240
1694177557540 -0.27960190176963806 241
1694177559152 -0.28666186332702637 242
1694177560694 -0.31322842836380005 243
1694177562197 -0.338628888130188 244
1694177563803 -0.369962215423584 245
1694177565295 -0.32868677377700806 246
1694177566793 -0.2821045219898224 247
1694177568280 -0.2731461226940155 248
1694177569755 -0.37406179308891296 249
1694177571261 -0.3361837863922119 250
1694177572761 -0.28595054149627686 251
1694177574253 -0.30732688307762146 252
1694177575701 -0.32847410440444946 253
1694177577122 -0.33812081813812256 254
1694177578561 -0.3383152186870575 255
1694177580001 -0.3329513669013977 256
1694177581433 -0.27563542127609253 257
1694177582866 -0.27073734998703003 258
1694177584316 -0.36236056685447693 259
1694177585749 -0.33300966024398804 260
1694177587188 -0.3111657500267029 261
1694177588657 -0.30428069829940796 262
1694177590094 -0.33626145124435425 263
1694177591525 -0.3344880938529968 264
