1694170223132 0.9781607985496521 0
1694170225042 0.803340494632721 1
1694170226795 0.779628574848175 2
1694170228730 0.49297547340393066 3
1694170230779 0.34293538331985474 4
1694170232710 0.3216685354709625 5
1694170234468 0.310353547334671 6
1694170236178 0.2896071970462799 7
1694170237966 0.31891459226608276 8
1694170239693 0.26629674434661865 9
1694170241357 0.2607157230377197 10
1694170243011 0.2907883822917938 11
1694170244710 0.2900417745113373 12
1694170246461 0.28897732496261597 13
1694170248136 0.29384157061576843 14
1694170249869 0.29757964611053467 15
1694170251534 0.2981375753879547 16
1694170253205 0.25018948316574097 17
1694170254860 0.31178873777389526 18
1694170256503 0.22620922327041626 19
1694170258175 0.27877092361450195 20
1694170259899 0.278435617685318 21
1694170261618 0.2786926031112671 22
1694170263296 0.22518013417720795 23
1694170264947 0.21490849554538727 24
1694170266596 0.21673819422721863 25
1694170268398 0.2247682511806488 26
1694170270056 0.20734889805316925 27
1694170271737 0.20507174730300903 28
1694170273425 0.21424630284309387 29
1694170275101 0.18992239236831665 30
1694170276776 0.22884978353977203 31
1694170278891 0.19749486446380615 32
1694170280645 0.23863300681114197 33
1694170282383 0.2269160896539688 34
1694170284079 0.18690559267997742 35
1694170285783 0.18621642887592316 36
1694170287449 0.1852249652147293 37
1694170289169 0.19948700070381165 38
1694170290838 0.1974630057811737 39
1694170292742 0.17241382598876953 40
1694170294494 0.2097061723470688 41
1694170296240 0.17622648179531097 42
1694170297966 0.22475747764110565 43
1694170299700 0.23054903745651245 44
1694170301392 0.21849170327186584 45
1694170303096 0.15284225344657898 46
1694170304856 0.20680639147758484 47
1694170306565 0.2087746411561966 48
1694170308367 0.15323884785175323 49
1694170310049 0.16945047676563263 50
1694170311726 0.16496902704238892 51
1694170313390 0.18206512928009033 52
1694170315070 0.15495997667312622 53
1694170316750 0.18573620915412903 54
1694170318674 0.17629912495613098 55
1694170320385 0.1355077028274536 56
1694170322112 0.15008032321929932 57
1694170323817 0.155852273106575 58
1694170325528 0.13864344358444214 59
1694170327251 0.13704648613929749 60
1694170329263 0.1371757686138153 61
1694170331037 0.15422475337982178 62
1694170332766 0.12258905917406082 63
1694170334504 0.14518553018569946 64
1694170336220 0.14200681447982788 65
1694170337902 0.1253223866224289 66
1694170339626 0.13713236153125763 67
1694170341321 0.1501064896583557 68
1694170343173 0.13769856095314026 69
1694170344905 0.13188570737838745 70
1694170346616 0.14733096957206726 71
1694170348556 0.13173317909240723 72
1694170350425 0.14248520135879517 73
1694170352199 0.14470776915550232 74
1694170353894 0.1335940957069397 75
1694170355632 0.1294669210910797 76
1694170357321 0.14924398064613342 77
1694170359254 0.12034421414136887 78
1694170360972 0.13342827558517456 79
1694170362697 0.16260427236557007 80
1694170364371 0.14674168825149536 81
1694170366044 0.12725545465946198 82
1694170367723 0.13709692656993866 83
1694170369435 0.15052999556064606 84
1694170371115 0.11636969447135925 85
1694170372802 0.13217557966709137 86
1694170374494 0.11649256944656372 87
1694170376174 0.1357005387544632 88
1694170377848 0.14157141745090485 89
1694170379791 0.09435147047042847 90
1694170381542 0.19097556173801422 91
1694170383252 0.14162230491638184 92
1694170384973 0.12735189497470856 93
1694170386787 0.11230199784040451 94
1694170388821 0.10027957707643509 95
1694170390662 0.14325270056724548 96
1694170392449 0.1110120564699173 97
1694170394278 0.0886077731847763 98
1694170395941 0.12463966012001038 99
1694170397617 0.10745672881603241 100
1694170399313 0.1235223114490509 101
1694170401023 0.17046397924423218 102
1694170402818 0.08679556846618652 103
1694170404495 0.10341093689203262 104
1694170406159 0.12845900654792786 105
1694170407873 0.10186767578125 106
1694170409766 0.16224849224090576 107
1694170411558 0.10248369723558426 108
1694170413410 0.11647225171327591 109
1694170415404 0.11005490273237228 110
1694170417155 0.10579490661621094 111
1694170419192 0.09913250058889389 112
1694170420920 0.10722663998603821 113
1694170422749 0.13920831680297852 114
1694170424560 0.1420050412416458 115
1694170426543 0.10285085439682007 116
1694170428485 0.13571877777576447 117
1694170430264 0.1290055364370346 118
1694170431950 0.13866263628005981 119
1694170433603 0.13884411752223969 120
1694170435279 0.09497922658920288 121
1694170436946 0.10831949859857559 122
1694170438785 0.09199076890945435 123
1694170440464 0.1356104612350464 124
1694170442139 0.09748780727386475 125
1694170443801 0.12100996822118759 126
1694170445473 0.10957898199558258 127
1694170447139 0.09725981205701828 128
1694170448976 0.08374916017055511 129
1694170450647 0.10075689107179642 130
1694170452335 0.09110557287931442 131
1694170453999 0.11066071689128876 132
1694170455666 0.09781335294246674 133
1694170457330 0.0992371216416359 134
1694170459167 0.11577791720628738 135
1694170460829 0.09681328386068344 136
1694170462498 0.10892938077449799 137
1694170464157 0.12440574169158936 138
1694170465817 0.10963913053274155 139
1694170467479 0.09024567902088165 140
1694170469203 0.07998739182949066 141
1694170470882 0.10112199932336807 142
1694170472552 0.0901489108800888 143
1694170474220 0.07830013334751129 144
1694170475888 0.10783208161592484 145
1694170477558 0.12783432006835938 146
1694170479232 0.08840477466583252 147
1694170480909 0.07882129400968552 148
1694170482585 0.10002847015857697 149
1694170484251 0.08880678564310074 150
1694170485913 0.08522896468639374 151
1694170487581 0.09040035307407379 152
1694170489266 0.09242846816778183 153
1694170490922 0.07812806218862534 154
1694170492593 0.07561533153057098 155
1694170494248 0.09424323588609695 156
1694170495905 0.07945490628480911 157
1694170497560 0.09976847469806671 158
1694170499243 0.08405443280935287 159
1694170500899 0.09101766347885132 160
1694170502558 0.08823654800653458 161
1694170504199 0.10427889972925186 162
1694170505858 0.08843371272087097 163
1694170507520 0.08735037595033646 164
1694170509211 0.09444085508584976 165
1694170510876 0.09667076170444489 166
1694170512539 0.11937562376260757 167
1694170514195 0.13480351865291595 168
1694170515848 0.11503258347511292 169
1694170517505 0.10994326323270798 170
1694170519213 0.11014454066753387 171
1694170520872 0.10669709742069244 172
1694170522529 0.12275643646717072 173
1694170524177 0.09193699806928635 174
1694170525844 0.08821156620979309 175
1694170527514 0.08528410643339157 176
1694170529215 0.09245068579912186 177
1694170530965 0.08212866634130478 178
1694170532630 0.11849156767129898 179
1694170534293 0.0695686936378479 180
1694170535952 0.09981321543455124 181
1694170537615 0.12722887098789215 182
1694170539338 0.10700154304504395 183
1694170541012 0.09134911745786667 184
1694170542688 0.10933224856853485 185
1694170544338 0.11556010693311691 186
1694170545999 0.10829408466815948 187
1694170547651 0.09258273243904114 188
1694170549319 0.1121859923005104 189
1694170550976 0.11472546309232712 190
1694170552634 0.09251881390810013 191
1694170554293 0.11207441985607147 192
1694170555950 0.10301845520734787 193
1694170557605 0.08593344688415527 194
1694170559283 0.08417274057865143 195
1694170560938 0.08338934928178787 196
1694170562606 0.08269932866096497 197
1694170564273 0.10872498899698257 198
1694170565933 0.10513866692781448 199
1694170567597 0.07658939063549042 200
1694170569293 0.08131620287895203 201
1694170570963 0.07548193633556366 202
1694170572618 0.06340139359235764 203
1694170574272 0.09746138751506805 204
1694170575922 0.10056477785110474 205
1694170577581 0.1213051974773407 206
1694170579247 0.08478055894374847 207
1694170580900 0.08827412128448486 208
1694170582554 0.10676617175340652 209
1694170584222 0.13786813616752625 210
1694170585895 0.09754863381385803 211
1694170587563 0.0722479298710823 212
1694170589246 0.09941813349723816 213
1694170590914 0.09972430020570755 214
1694170592592 0.07881750166416168 215
1694170594255 0.10961618274450302 216
1694170595912 0.11965328454971313 217
1694170597582 0.13583269715309143 218
1694170599264 0.08992699533700943 219
1694170600923 0.09661373496055603 220
1694170602590 0.08028031140565872 221
1694170604258 0.10091040283441544 222
1694170605924 0.08284369111061096 223
1694170607600 0.08764190226793289 224
1694170609278 0.10435204952955246 225
1694170610948 0.08960677683353424 226
1694170612622 0.06831730157136917 227
1694170614296 0.08711182326078415 228
1694170615961 0.10043826699256897 229
1694170617624 0.07808855175971985 230
1694170619315 0.07432637363672256 231
1694170620986 0.08602766692638397 232
1694170622659 0.07435053586959839 233
1694170624340 0.07625491917133331 234
1694170626002 0.0759735181927681 235
1694170627684 0.08147856593132019 236
1694170629359 0.08124330639839172 237
1694170631019 0.07626359909772873 238
1694170632691 0.08297303318977356 239
1694170634354 0.11935245990753174 240
1694170636001 0.10619264096021652 241
1694170637657 0.11434510350227356 242
1694170639320 0.10423967242240906 243
1694170640977 0.07282821089029312 244
1694170642632 0.09741833060979843 245
1694170644282 0.09202762693166733 246
1694170645941 0.07032202929258347 247
1694170647604 0.06527768820524216 248
1694170649288 0.10225463658571243 249
1694170650961 0.07184822857379913 250
1694170652639 0.08447389304637909 251
1694170654321 0.0646984800696373 252
1694170656152 0.1054590567946434 253
1694170657976 0.08870318531990051 254
1694170659772 0.08958040922880173 255
1694170661441 0.09304245561361313 256
1694170663100 0.07755109667778015 257
