1694170223134 1.6765042543411255 0
1694170225043 1.6227108240127563 1
1694170226796 1.5000874996185303 2
1694170228732 1.7035627365112305 3
1694170230780 2.0605292320251465 4
1694170232713 2.383513927459717 5
1694170234469 2.978342294692993 6
1694170236179 4.249324321746826 7
1694170237967 5.633573532104492 8
1694170239694 6.976426601409912 9
1694170241358 7.824910640716553 10
1694170243013 9.039063453674316 11
1694170244711 9.98505687713623 12
1694170246462 11.13122272491455 13
1694170248138 11.861177444458008 14
1694170249870 12.999123573303223 15
1694170251535 13.67432689666748 16
1694170253207 14.573131561279297 17
1694170254861 14.912091255187988 18
1694170256504 15.821914672851562 19
1694170258177 16.554885864257812 20
1694170259901 17.039512634277344 21
1694170261619 17.354074478149414 22
1694170263297 18.0510196685791 23
1694170264948 18.212867736816406 24
1694170266597 18.253887176513672 25
1694170268400 17.93370819091797 26
1694170270057 17.927785873413086 27
1694170271738 17.863929748535156 28
1694170273427 17.902782440185547 29
1694170275102 17.67233657836914 30
1694170276777 17.521896362304688 31
1694170278892 17.229787826538086 32
1694170280646 17.017393112182617 33
1694170282385 16.894193649291992 34
1694170284080 16.851917266845703 35
1694170285785 16.37939453125 36
1694170287450 16.032564163208008 37
1694170289170 15.728063583374023 38
1694170290839 15.66722297668457 39
1694170292743 15.335994720458984 40
1694170294495 14.75434398651123 41
1694170296241 14.555383682250977 42
1694170297968 13.991765022277832 43
1694170299702 13.568527221679688 44
1694170301393 13.303013801574707 45
1694170303098 12.89987564086914 46
1694170304857 12.519148826599121 47
1694170306567 11.982704162597656 48
1694170308368 11.632563591003418 49
1694170310050 11.178412437438965 50
1694170311727 10.6195707321167 51
1694170313392 10.16423511505127 52
1694170315071 9.69894790649414 53
1694170316751 9.277234077453613 54
1694170318675 8.769566535949707 55
1694170320386 8.369889259338379 56
1694170322113 8.056081771850586 57
1694170323818 7.567452907562256 58
1694170325529 7.193033218383789 59
1694170327252 7.084353923797607 60
1694170329265 6.661349296569824 61
1694170331038 6.368256568908691 62
1694170332768 6.1249494552612305 63
1694170334506 5.864306449890137 64
1694170336222 5.556710720062256 65
1694170337903 5.308919429779053 66
1694170339627 5.140718460083008 67
1694170341322 4.85286808013916 68
1694170343174 4.6734938621521 69
1694170344906 4.466365337371826 70
1694170346618 4.30391788482666 71
1694170348558 4.245645523071289 72
1694170350426 4.199467658996582 73
1694170352200 4.130864143371582 74
1694170353896 4.1329450607299805 75
1694170355634 4.139124870300293 76
1694170357323 4.217081546783447 77
1694170359256 4.374659061431885 78
1694170360973 4.515466213226318 79
1694170362698 4.573347568511963 80
1694170364372 4.607909202575684 81
1694170366045 4.69445276260376 82
1694170367725 4.806438446044922 83
1694170369436 4.815097808837891 84
1694170371116 4.819121360778809 85
1694170372803 4.827171802520752 86
1694170374496 4.884336948394775 87
1694170376176 4.936668872833252 88
1694170377849 4.885448455810547 89
1694170379792 4.966026306152344 90
1694170381544 4.992122173309326 91
1694170383253 4.9330644607543945 92
1694170384975 4.909579277038574 93
1694170386788 5.044963359832764 94
1694170388823 5.1762309074401855 95
1694170390663 5.265706539154053 96
1694170392450 5.327267169952393 97
1694170394279 5.338852882385254 98
1694170395942 5.426739692687988 99
1694170397618 5.570527076721191 100
1694170399315 5.575791835784912 101
1694170401024 5.677393913269043 102
1694170402821 5.664889335632324 103
1694170404496 5.470123291015625 104
1694170406160 5.584567546844482 105
1694170407874 5.6483259201049805 106
1694170409767 5.675590515136719 107
1694170411559 5.531985759735107 108
1694170413411 5.488217353820801 109
1694170415406 5.308675765991211 110
1694170417156 5.244694232940674 111
1694170419193 5.208808422088623 112
1694170420922 5.1641998291015625 113
1694170422750 5.0081868171691895 114
1694170424561 4.929999828338623 115
1694170426545 4.748003959655762 116
1694170428486 4.613719940185547 117
1694170430266 4.499144554138184 118
1694170431952 4.281173229217529 119
1694170433604 4.1692280769348145 120
1694170435280 4.002483367919922 121
1694170436948 3.881300926208496 122
1694170438786 3.693439483642578 123
1694170440465 3.5976667404174805 124
1694170442140 3.491574764251709 125
1694170443802 3.3614461421966553 126
1694170445474 3.3078811168670654 127
1694170447141 3.227269172668457 128
1694170448978 3.024214267730713 129
1694170450648 2.9629967212677 130
1694170452336 2.8490278720855713 131
1694170454000 2.7671358585357666 132
1694170455667 2.699533224105835 133
1694170457331 2.6487128734588623 134
1694170459168 2.604832410812378 135
1694170460831 2.5903501510620117 136
1694170462500 2.579528331756592 137
1694170464158 2.5741121768951416 138
1694170465818 2.5866169929504395 139
1694170467481 2.6134443283081055 140
1694170469204 2.653217315673828 141
1694170470884 2.633115291595459 142
1694170472553 2.621230125427246 143
1694170474221 2.7358908653259277 144
1694170475889 2.7378687858581543 145
1694170477559 2.7391774654388428 146
1694170479233 2.7785351276397705 147
1694170480911 2.848975896835327 148
1694170482586 2.885035753250122 149
1694170484252 2.922394275665283 150
1694170485914 2.9775071144104004 151
1694170487582 3.02728009223938 152
1694170489267 3.041160821914673 153
1694170490924 3.061483383178711 154
1694170492594 3.067478895187378 155
1694170494249 3.0867419242858887 156
1694170495906 3.0455715656280518 157
1694170497561 3.050243854522705 158
1694170499244 3.03725004196167 159
1694170500900 2.9982335567474365 160
1694170502559 2.956449270248413 161
1694170504200 2.859743595123291 162
1694170505860 2.7899563312530518 163
1694170507521 2.708453416824341 164
1694170509212 2.6237633228302 165
1694170510878 2.508668899536133 166
1694170512540 2.4130234718322754 167
1694170514196 2.367438793182373 168
1694170515849 2.3118393421173096 169
1694170517507 2.2584118843078613 170
1694170519214 2.1739253997802734 171
1694170520873 2.128261089324951 172
1694170522530 2.0812878608703613 173
1694170524179 2.074436664581299 174
1694170525845 2.0857415199279785 175
1694170527515 2.0830063819885254 176
1694170529217 2.060197353363037 177
1694170530967 2.02303147315979 178
1694170532631 2.0116634368896484 179
1694170534294 2.058687448501587 180
1694170535954 2.084522247314453 181
1694170537616 2.181800603866577 182
1694170539339 2.2147982120513916 183
1694170541013 2.2383697032928467 184
1694170542689 2.232945442199707 185
1694170544339 2.2593259811401367 186
1694170546000 2.3108882904052734 187
1694170547652 2.357412576675415 188
1694170549320 2.36779522895813 189
1694170550977 2.402390241622925 190
1694170552636 2.4141252040863037 191
1694170554294 2.3986778259277344 192
1694170555951 2.412587881088257 193
1694170557606 2.3965160846710205 194
1694170559284 2.348567247390747 195
1694170560939 2.3195323944091797 196
1694170562608 2.28631854057312 197
1694170564275 2.243925094604492 198
1694170565934 2.205793619155884 199
1694170567598 2.125250816345215 200
1694170569294 2.0462350845336914 201
1694170570964 1.9714252948760986 202
1694170572619 1.911266803741455 203
1694170574273 1.8661433458328247 204
1694170575923 1.852150321006775 205
1694170577582 1.8270986080169678 206
1694170579248 1.8142136335372925 207
1694170580901 1.8532376289367676 208
1694170582555 1.917725920677185 209
1694170584223 1.9764834642410278 210
1694170585896 2.0217490196228027 211
1694170587564 2.0707364082336426 212
1694170589247 2.1196537017822266 213
1694170590915 2.1875553131103516 214
1694170592593 2.2530884742736816 215
1694170594256 2.313690185546875 216
1694170595913 2.3606791496276855 217
1694170597583 2.4030463695526123 218
1694170599265 2.487450122833252 219
1694170600925 2.491936683654785 220
1694170602592 2.505844831466675 221
1694170604259 2.497836112976074 222
1694170605925 2.476844310760498 223
1694170607601 2.469442844390869 224
1694170609279 2.4695851802825928 225
1694170610949 2.429163694381714 226
1694170612623 2.3756601810455322 227
1694170614297 2.3082945346832275 228
1694170615963 2.2499284744262695 229
1694170617625 2.165971040725708 230
1694170619316 2.0871238708496094 231
1694170620987 1.9939169883728027 232
1694170622660 1.935092568397522 233
1694170624341 1.8615866899490356 234
1694170626003 1.768829107284546 235
1694170627686 1.6783298254013062 236
1694170629360 1.612117886543274 237
1694170631020 1.5243027210235596 238
1694170632692 1.5149112939834595 239
1694170634355 1.5060242414474487 240
1694170636003 1.5287379026412964 241
1694170637658 1.6143323183059692 242
1694170639322 1.6475728750228882 243
1694170640978 1.681519865989685 244
1694170642633 1.7235606908798218 245
1694170644283 1.7972700595855713 246
1694170645943 1.8812873363494873 247
1694170647605 1.9860575199127197 248
1694170649290 2.064100742340088 249
1694170650962 2.1918277740478516 250
1694170652640 2.2717041969299316 251
1694170654322 2.3753745555877686 252
1694170656153 2.4488308429718018 253
1694170657977 2.5196597576141357 254
1694170659774 2.562108039855957 255
1694170661443 2.5932064056396484 256
1694170663102 2.604628801345825 257
