1694170223135 2.654664993286133 0
1694170225044 2.426051378250122 1
1694170226797 2.2797160148620605 2
1694170228733 2.196538209915161 3
1694170230781 2.4034645557403564 4
1694170232714 2.7051825523376465 5
1694170234470 3.288695812225342 6
1694170236181 4.538931369781494 7
1694170237968 5.952487945556641 8
1694170239695 7.24272346496582 9
1694170241359 8.085626602172852 10
1694170243014 9.329852104187012 11
1694170244712 10.27509880065918 12
1694170246464 11.42020034790039 13
1694170248139 12.15501880645752 14
1694170249871 13.296703338623047 15
1694170251536 13.972464561462402 16
1694170253208 14.823321342468262 17
1694170254862 15.22387981414795 18
1694170256511 16.048124313354492 19
1694170258178 16.833656311035156 20
1694170259902 17.317947387695312 21
1694170261620 17.632766723632812 22
1694170263299 18.276199340820312 23
1694170264949 18.427776336669922 24
1694170266598 18.470624923706055 25
1694170268401 18.158475875854492 26
1694170270058 18.135135650634766 27
1694170271739 18.069002151489258 28
1694170273428 18.117029190063477 29
1694170275103 17.862258911132812 30
1694170276778 17.75074577331543 31
1694170278899 17.427282333374023 32
1694170280647 17.256025314331055 33
1694170282386 17.121109008789062 34
1694170284081 17.038822174072266 35
1694170285786 16.565610885620117 36
1694170287451 16.217788696289062 37
1694170289171 15.927550315856934 38
1694170290840 15.864686012268066 39
1694170292744 15.508408546447754 40
1694170294496 14.96405029296875 41
1694170296242 14.731610298156738 42
1694170297969 14.216522216796875 43
1694170299708 13.799076080322266 44
1694170301394 13.521505355834961 45
1694170303099 13.052718162536621 46
1694170304864 12.72595500946045 47
1694170306568 12.191478729248047 48
1694170308369 11.785802841186523 49
1694170310051 11.34786319732666 50
1694170311728 10.784540176391602 51
1694170313393 10.34630012512207 52
1694170315072 9.853907585144043 53
1694170316752 9.462970733642578 54
1694170318676 8.945865631103516 55
1694170320387 8.505396842956543 56
1694170322114 8.206162452697754 57
1694170323819 7.7233052253723145 58
1694170325530 7.331676483154297 59
1694170327253 7.221400260925293 60
1694170329266 6.798524856567383 61
1694170331039 6.522481441497803 62
1694170332769 6.2475385665893555 63
1694170334507 6.009491920471191 64
1694170336223 5.6987175941467285 65
1694170337904 5.434241771697998 66
1694170339628 5.27785062789917 67
1694170341323 5.002974510192871 68
1694170343175 4.811192512512207 69
1694170344908 4.598250865936279 70
1694170346619 4.451248645782471 71
1694170348559 4.377378463745117 72
1694170350427 4.341952800750732 73
1694170352201 4.275571823120117 74
1694170353897 4.266539096832275 75
1694170355635 4.26859188079834 76
1694170357324 4.366325378417969 77
1694170359257 4.4950032234191895 78
1694170360974 4.648894309997559 79
1694170362699 4.735951900482178 80
1694170364373 4.754651069641113 81
1694170366046 4.8217082023620605 82
1694170367726 4.943535327911377 83
1694170369437 4.965627670288086 84
1694170371117 4.93549108505249 85
1694170372804 4.959347248077393 86
1694170374497 5.000829696655273 87
1694170376177 5.072369575500488 88
1694170377850 5.02701997756958 89
1694170379794 5.060377597808838 90
1694170381545 5.183097839355469 91
1694170383255 5.0746870040893555 92
1694170384976 5.036931037902832 93
1694170386789 5.1572651863098145 94
1694170388825 5.276510715484619 95
1694170390664 5.40895938873291 96
1694170392451 5.438279151916504 97
1694170394280 5.427460670471191 98
1694170395943 5.551379203796387 99
1694170397619 5.67798376083374 100
1694170399316 5.699314117431641 101
1694170401025 5.84785795211792 102
1694170402823 5.75168514251709 103
1694170404498 5.57353401184082 104
1694170406161 5.713026523590088 105
1694170407875 5.7501935958862305 106
1694170409768 5.837839126586914 107
1694170411561 5.634469509124756 108
1694170413412 5.604689598083496 109
1694170415407 5.418730735778809 110
1694170417157 5.350489139556885 111
1694170419194 5.30794095993042 112
1694170420923 5.271426677703857 113
1694170422751 5.147395133972168 114
1694170424562 5.072004795074463 115
1694170426546 4.850854873657227 116
1694170428488 4.749438762664795 117
1694170430267 4.62814998626709 118
1694170431953 4.419836044311523 119
1694170433605 4.308072090148926 120
1694170435281 4.0974626541137695 121
1694170436949 3.9896204471588135 122
1694170438787 3.7854301929473877 123
1694170440466 3.7332773208618164 124
1694170442141 3.5890626907348633 125
1694170443804 3.4824562072753906 126
1694170445475 3.4174602031707764 127
1694170447142 3.324528932571411 128
1694170448979 3.1079633235931396 129
1694170450650 3.063753604888916 130
1694170452343 2.9401333332061768 131
1694170454001 2.8777966499328613 132
1694170455668 2.797346591949463 133
1694170457332 2.7479500770568848 134
1694170459170 2.7206103801727295 135
1694170460832 2.6871633529663086 136
1694170462501 2.688457727432251 137
1694170464159 2.6985177993774414 138
1694170465820 2.696256160736084 139
1694170467482 2.7036900520324707 140
1694170469205 2.7332046031951904 141
1694170470885 2.7342371940612793 142
1694170472554 2.711379051208496 143
1694170474222 2.8141911029815674 144
1694170475890 2.845700979232788 145
1694170477560 2.867011785507202 146
1694170479234 2.8669400215148926 147
1694170480912 2.9277970790863037 148
1694170482593 2.9850642681121826 149
1694170484253 3.0112011432647705 150
1694170485915 3.0627360343933105 151
1694170487583 3.117680549621582 152
1694170489268 3.133589267730713 153
1694170490925 3.1396114826202393 154
1694170492595 3.143094301223755 155
1694170494250 3.18098521232605 156
1694170495907 3.1250264644622803 157
1694170497562 3.150012254714966 158
1694170499245 3.121304512023926 159
1694170500901 3.0892512798309326 160
1694170502560 3.0446858406066895 161
1694170504201 2.964022397994995 162
1694170505861 2.878390073776245 163
1694170507522 2.7958037853240967 164
1694170509213 2.7182042598724365 165
1694170510879 2.605339765548706 166
1694170512541 2.5323991775512695 167
1694170514197 2.50224232673645 168
1694170515850 2.4268720149993896 169
1694170517508 2.3683550357818604 170
1694170519215 2.2840700149536133 171
1694170520874 2.2349581718444824 172
1694170522531 2.2040443420410156 173
1694170524180 2.1663737297058105 174
1694170525846 2.173953056335449 175
1694170527517 2.168290376663208 176
1694170529218 2.1526479721069336 177
1694170530968 2.1051602363586426 178
1694170532632 2.130155086517334 179
1694170534295 2.12825608253479 180
1694170535955 2.184335470199585 181
1694170537617 2.3090295791625977 182
1694170539340 2.3217997550964355 183
1694170541014 2.329718828201294 184
1694170542690 2.342277765274048 185
1694170544340 2.3748860359191895 186
1694170546001 2.419182300567627 187
1694170547653 2.449995279312134 188
1694170549322 2.4799811840057373 189
1694170550978 2.517115592956543 190
1694170552637 2.5066440105438232 191
1694170554295 2.5107522010803223 192
1694170555952 2.51560640335083 193
1694170557607 2.482449531555176 194
1694170559285 2.4327399730682373 195
1694170560940 2.402921676635742 196
1694170562609 2.3690178394317627 197
1694170564276 2.3526501655578613 198
1694170565935 2.3109323978424072 199
1694170567599 2.2018401622772217 200
1694170569301 2.127551317214966 201
1694170570965 2.0469071865081787 202
1694170572620 1.9746681451797485 203
1694170574274 1.9636046886444092 204
1694170575924 1.9527151584625244 205
1694170577583 1.9484038352966309 206
1694170579249 1.8989942073822021 207
1694170580902 1.9415117502212524 208
1694170582556 2.024492025375366 209
1694170584225 2.114351511001587 210
1694170585897 2.119297742843628 211
1694170587566 2.142984390258789 212
1694170589248 2.219071865081787 213
1694170590916 2.2872796058654785 214
1694170592594 2.3319060802459717 215
1694170594258 2.423306465148926 216
1694170595914 2.480332374572754 217
1694170597584 2.538879156112671 218
1694170599266 2.5773770809173584 219
1694170600926 2.588550329208374 220
1694170602593 2.586125135421753 221
1694170604260 2.5987465381622314 222
1694170605926 2.559688091278076 223
1694170607602 2.557084798812866 224
1694170609280 2.573937177658081 225
1694170610950 2.518770456314087 226
1694170612624 2.4439775943756104 227
1694170614298 2.3954062461853027 228
1694170615964 2.3503668308258057 229
1694170617626 2.2440595626831055 230
1694170619317 2.161450147628784 231
1694170620989 2.079944610595703 232
1694170622661 2.0094430446624756 233
1694170624343 1.9378416538238525 234
1694170626004 1.8448026180267334 235
1694170627687 1.7598084211349487 236
1694170629361 1.6933611631393433 237
1694170631021 1.6005662679672241 238
1694170632693 1.5978842973709106 239
1694170634356 1.6253767013549805 240
1694170636004 1.6349304914474487 241
1694170637659 1.7286773920059204 242
1694170639323 1.7518125772476196 243
1694170640979 1.7543480396270752 244
1694170642634 1.8209789991378784 245
1694170644290 1.8892977237701416 246
1694170645944 1.9516093730926514 247
1694170647606 2.051335096359253 248
1694170649296 2.1663553714752197 249
1694170650963 2.2636759281158447 250
1694170652641 2.356178045272827 251
1694170654323 2.440073013305664 252
1694170656154 2.5542898178100586 253
1694170657978 2.608362913131714 254
1694170659775 2.65168833732605 255
1694170661444 2.686248779296875 256
1694170663103 2.6821799278259277 257
