1694788969465 2299.984375 0
1694788969801 2013.3636474609375 1
1694788970120 1798.101806640625 2
1694788970452 1676.71337890625 3
1694788970785 1711.34619140625 4
1694788971114 1742.5811767578125 5
1694788971435 1731.523681640625 6
1694788971755 1736.490966796875 7
1694788972077 1640.705078125 8
1694788972403 1656.05712890625 9
1694788972729 1899.340576171875 10
1694788973060 1662.3760986328125 11
1694788973388 1684.634765625 12
1694788973715 1708.370849609375 13
1694788974043 2416.842529296875 14
1694788974369 1690.032958984375 15
1694788974707 1756.990234375 16
1694788975053 1695.23974609375 17
1694788975400 2249.158203125 18
1694788975751 1711.3238525390625 19
1694788976087 2029.9976806640625 20
1694788976408 2226.099365234375 21
1694788976734 2100.852783203125 22
1694788977077 1979.584228515625 23
1694788977429 2242.561279296875 24
1694788977769 2033.786865234375 25
1694788978092 1716.744140625 26
1694788978414 2065.1806640625 27
1694788978736 1764.6337890625 28
1694788979058 2642.48779296875 29
1694788979385 1890.56591796875 30
1694788979714 1892.013427734375 31
1694788980047 1760.0931396484375 32
1694788980379 2243.8125 33
1694788980703 1711.2186279296875 34
1694788981028 2391.51611328125 35
1694788981357 2367.28759765625 36
1694788981688 2047.722900390625 37
1694788982032 2462.588134765625 38
1694788982358 2221.493408203125 39
1694788982705 2843.25830078125 40
1694788983170 2073.3994140625 41
1694788983527 2297.350341796875 42
1694788983908 2091.2392578125 43
1694788984284 1795.5908203125 44
1694788984671 2108.953857421875 45
1694788985013 1992.9547119140625 46
1694788985345 2159.594970703125 47
1694788985677 2836.3955078125 48
1694788985996 3352.5478515625 49
1694788986331 1878.6585693359375 50
1694788986681 2010.6029052734375 51
1694788987007 2662.023681640625 52
1694788987327 1942.2698974609375 53
1694788987654 2542.490234375 54
1694788987984 1798.69287109375 55
1694788988309 1957.047119140625 56
1694788988635 1773.7021484375 57
1694788988956 2329.63916015625 58
1694788989273 2069.41796875 59
1694788989616 1786.8411865234375 60
1694788989965 2259.134765625 61
1694788990304 1985.5469970703125 62
1694788990636 2068.758056640625 63
1694788990965 2654.650390625 64
1694788991292 2011.9708251953125 65
1694788991627 2452.029541015625 66
1694788991952 2332.330078125 67
1694788992280 2113.765869140625 68
1694788992613 1820.026611328125 69
1694788992955 2357.359375 70
1694788993283 1895.486572265625 71
1694788993651 2160.38330078125 72
1694788994004 2085.35986328125 73
1694788994345 2059.335205078125 74
1694788994686 1858.5338134765625 75
1694788995017 7181.17919921875 76
1694788995346 1886.936767578125 77
1694788995670 3043.52880859375 78
1694788996010 2301.98974609375 79
1694788996334 2056.9453125 80
1694788996655 2387.56640625 81
1694788997003 1941.338623046875 82
1694788997343 1854.908935546875 83
1694788997676 2132.287353515625 84
1694788998004 2220.331298828125 85
1694788998328 1791.10888671875 86
1694788998653 1964.771484375 87
1694788998997 1938.951904296875 88
1694788999322 1867.8994140625 89
1694788999648 2042.309814453125 90
1694788999966 1989.6904296875 91
1694789000289 2135.739990234375 92
1694789000620 2302.89111328125 93
1694789000955 2383.13037109375 94
1694789001278 2174.936767578125 95
1694789001599 2210.98095703125 96
1694789001921 5195.5263671875 97
1694789002241 2646.1552734375 98
1694789002559 1874.1849365234375 99
1694789002879 1992.578369140625 100
1694789003199 2420.0634765625 101
1694789003526 2779.79248046875 102
1694789003855 1975.4154052734375 103
1694789004177 2298.40771484375 104
1694789004496 2486.192138671875 105
1694789004812 2167.2568359375 106
1694789005148 2435.314453125 107
1694789005478 7673.29833984375 108
1694789005825 2350.663818359375 109
1694789006149 1891.819580078125 110
1694789006472 2275.79150390625 111
1694789006797 2300.360107421875 112
1694789007119 2190.265380859375 113
1694789007446 2298.127197265625 114
1694789007771 2146.826904296875 115
1694789008109 2215.09033203125 116
1694789008443 2280.3251953125 117
1694789008792 2223.79345703125 118
1694789009227 2463.228271484375 119
1694789009610 2753.9228515625 120
1694789009946 2719.572265625 121
1694789010317 2061.774169921875 122
1694789010694 2032.1312255859375 123
1694789011065 2502.10693359375 124
1694789011399 1772.786376953125 125
1694789011729 2346.79296875 126
1694789012049 2427.840087890625 127
1694789012374 2036.7724609375 128
1694789012700 2054.8369140625 129
1694789013046 2326.71484375 130
1694789013377 2396.038818359375 131
1694789013710 2172.15087890625 132
1694789014055 1976.286865234375 133
1694789014395 2604.813720703125 134
1694789014740 2405.1728515625 135
1694789015077 2233.41162109375 136
1694789015406 2328.3251953125 137
1694789015754 2293.16357421875 138
1694789016076 2024.9893798828125 139
1694789016422 2102.905517578125 140
1694789016749 1829.5517578125 141
1694789017083 2201.410400390625 142
1694789017409 1944.197021484375 143
1694789017740 2354.42236328125 144
1694789018073 2441.719482421875 145
1694789018412 2256.106689453125 146
1694789018738 2203.185302734375 147
1694789019082 1964.072509765625 148
1694789019420 1855.4029541015625 149
1694789019751 1932.40966796875 150
1694789020082 2261.909423828125 151
1694789020402 1914.888427734375 152
1694789020736 2366.057861328125 153
1694789021081 2097.64794921875 154
1694789021411 2073.652099609375 155
1694789021753 1812.2103271484375 156
1694789022099 2258.292724609375 157
1694789022440 2003.59716796875 158
1694789022796 1974.6142578125 159
1694789023122 2209.567626953125 160
1694789023444 2097.57763671875 161
1694789023773 2112.545166015625 162
1694789024101 1876.5882568359375 163
1694789024448 1718.261474609375 164
1694789024774 1977.568115234375 165
1694789025112 2313.174072265625 166
1694789025456 1855.12353515625 167
1694789025779 1840.7105712890625 168
1694789026107 1813.454345703125 169
1694789026454 2216.951904296875 170
1694789026790 1870.249267578125 171
1694789027122 2369.617919921875 172
1694789027443 1976.239013671875 173
1694789027778 2267.59423828125 174
1694789028122 1847.372802734375 175
1694789028471 1883.7684326171875 176
1694789028804 1969.415283203125 177
1694789029133 1741.55224609375 178
1694789029459 1735.2490234375 179
1694789029789 1948.244384765625 180
1694789030115 2009.9632568359375 181
1694789030434 1927.89404296875 182
1694789030762 2012.985107421875 183
1694789031083 1997.70361328125 184
1694789031429 2205.904296875 185
1694789031778 1854.833740234375 186
1694789032137 1956.098388671875 187
1694789032469 1663.1112060546875 188
1694789032796 2043.43603515625 189
1694789033121 1725.4825439453125 190
1694789033449 1805.22265625 191
1694789033772 2188.5087890625 192
1694789034102 2023.712890625 193
1694789034428 1813.4912109375 194
1694789034753 1839.14306640625 195
1694789035073 2115.328125 196
1694789035396 1943.905029296875 197
1694789035731 1863.740966796875 198
1694789036070 1790.69384765625 199
1694789036419 1796.40234375 200
1694789036748 2409.40869140625 201
1694789037072 1833.19970703125 202
1694789037400 1860.357666015625 203
1694789037730 1881.3895263671875 204
1694789038050 1846.201171875 205
1694789038377 1928.43603515625 206
1694789038706 1972.803955078125 207
1694789039022 2013.9637451171875 208
1694789039345 1989.5906982421875 209
1694789039672 2052.228759765625 210
1694789039997 1716.597412109375 211
1694789040332 2067.03515625 212
1694789040656 2290.563232421875 213
1694789040991 2121.70068359375 214
1694789041322 1873.8489990234375 215
1694789041651 2288.798583984375 216
1694789041999 1790.3931884765625 217
1694789042346 1780.142578125 218
1694789042693 1973.20654296875 219
1694789043018 2301.937744140625 220
1694789043356 2170.529296875 221
