1695126907704 3541.6220703125 0
1695126911447 3569.241455078125 1
1695126911762 3498.32421875 2
1695126912075 3546.331298828125 3
1695126912384 3461.811767578125 4
1695126912692 3463.600341796875 5
1695126913007 3490.798828125 6
1695126913320 3515.762939453125 7
1695126913632 3431.209228515625 8
1695126913948 3447.81982421875 9
1695126914259 3494.86962890625 10
1695126914571 3523.819091796875 11
1695126914883 3465.4853515625 12
1695126915195 3416.533447265625 13
1695126915506 3458.99853515625 14
1695126915817 3359.59912109375 15
1695126916132 3398.1328125 16
1695126916443 3418.98095703125 17
1695126916757 3445.7236328125 18
1695126917071 3452.63330078125 19
1695126917383 3443.88037109375 20
1695126917704 3371.92919921875 21
1695126918043 3415.282958984375 22
1695126918391 3419.654296875 23
1695126918739 3396.0947265625 24
1695126919077 3385.42138671875 25
1695126919419 3388.669921875 26
1695126919739 3415.62158203125 27
1695126920077 3299.139892578125 28
1695126920419 3417.66943359375 29
1695126920762 3309.47998046875 30
1695126921104 3379.27099609375 31
1695126921445 3354.5927734375 32
1695126921788 3366.68359375 33
1695126922119 3348.76025390625 34
1695126922448 3371.6689453125 35
1695126922763 3297.129150390625 36
1695126923077 3403.613525390625 37
1695126923417 3364.17138671875 38
1695126923749 3317.944580078125 39
1695126924091 3286.54296875 40
1695126924402 3314.44677734375 41
1695126924715 3332.230712890625 42
1695126925051 3298.22119140625 43
1695126925389 3357.0263671875 44
1695126925724 3284.119140625 45
1695126926053 3364.921875 46
1695126926386 3249.453125 47
1695126926708 3278.376953125 48
1695126927058 3343.86962890625 49
1695126927390 3314.25244140625 50
1695126927708 3281.6796875 51
1695126928047 3229.1748046875 52
1695126928371 3245.78515625 53
1695126928712 3322.07958984375 54
1695126929039 3241.0908203125 55
1695126929371 3221.279541015625 56
1695126929716 3292.62158203125 57
1695126930046 3242.98583984375 58
1695126930377 3237.9794921875 59
1695126930689 3306.60888671875 60
1695126931029 3266.0625 61
1695126931368 3257.31103515625 62
1695126931681 3260.0537109375 63
1695126932027 3237.92529296875 64
1695126932337 3229.1171875 65
1695126932650 3214.54248046875 66
1695126932972 3246.469970703125 67
1695126933298 3192.2490234375 68
1695126933636 3250.0283203125 69
1695126933951 3217.103515625 70
1695126934273 3220.048828125 71
1695126934607 3234.42431640625 72
1695126934940 3187.93359375 73
1695126935280 3143.267578125 74
1695126935624 3187.7607421875 75
1695126935952 3255.654296875 76
1695126936280 3168.58984375 77
1695126936593 3055.91455078125 78
1695126936908 3195.66845703125 79
1695126937219 3197.77783203125 80
1695126937529 3239.9208984375 81
1695126937849 3262.78125 82
1695126938173 3128.850341796875 83
1695126938502 3216.072021484375 84
1695126938813 3213.89794921875 85
1695126939123 3160.35302734375 86
1695126939444 3126.430419921875 87
1695126939768 3195.86181640625 88
1695126940078 3151.55029296875 89
1695126940390 3171.8125 90
1695126940736 3189.91259765625 91
1695126941071 3162.070556640625 92
1695126941384 3179.890380859375 93
1695126941697 3134.95556640625 94
1695126942008 3186.25244140625 95
1695126942318 3117.95751953125 96
1695126942629 3068.910888671875 97
1695126942943 3049.34130859375 98
1695126943254 3143.9912109375 99
1695126943566 3138.537109375 100
1695126947272 3161.68115234375 101
1695126947585 3171.529541015625 102
1695126947896 3046.6884765625 103
1695126948247 3081.3232421875 104
1695126948603 3041.291015625 105
1695126948957 3037.91455078125 106
1695126949300 3119.73095703125 107
1695126949643 3096.66796875 108
1695126949994 3115.2001953125 109
1695126950327 3091.272705078125 110
1695126950639 3050.50390625 111
1695126950953 3080.83056640625 112
1695126951265 3079.7333984375 113
1695126951578 3079.54443359375 114
1695126951890 3040.7841796875 115
1695126952201 3119.49462890625 116
1695126952512 3216.8515625 117
1695126952843 3117.9599609375 118
1695126953160 3070.603515625 119
1695126953495 3036.34521484375 120
1695126953816 3133.340576171875 121
1695126954135 3043.754150390625 122
1695126954458 3084.0244140625 123
1695126954771 3150.9814453125 124
1695126955112 3147.018310546875 125
1695126955428 3023.0576171875 126
1695126955756 3075.474609375 127
1695126956093 2997.05517578125 128
1695126956426 3037.56494140625 129
1695126956749 3030.742431640625 130
1695126957085 3063.25537109375 131
1695126957402 3054.77490234375 132
1695126957741 2988.0791015625 133
1695126958055 3017.48291015625 134
1695126958366 3091.347900390625 135
1695126958680 3010.21826171875 136
1695126958993 2975.2216796875 137
1695126959319 2983.5126953125 138
1695126959654 3011.40576171875 139
1695126959973 3031.1640625 140
1695126960288 2996.542236328125 141
1695126960601 3024.53173828125 142
1695126960909 3023.04052734375 143
1695126961217 2973.087890625 144
1695126961526 3095.961181640625 145
1695126961835 3065.0 146
1695126962146 2989.5400390625 147
1695126962459 2981.63037109375 148
1695126962771 3023.90966796875 149
1695126963081 2992.1396484375 150
1695126963391 2952.837158203125 151
1695126963701 3004.320556640625 152
1695126964011 2957.9365234375 153
1695126964322 3032.92138671875 154
1695126964632 2990.693603515625 155
1695126964941 2993.19287109375 156
1695126965251 3004.22412109375 157
1695126965568 3006.16455078125 158
1695126965878 2989.35009765625 159
1695126966187 2966.864013671875 160
1695126966498 2974.87158203125 161
1695126966807 2938.9638671875 162
1695126967120 3030.85400390625 163
1695126967431 2966.91650390625 164
1695126967744 3006.912109375 165
1695126968055 2926.7705078125 166
1695126968367 3021.173828125 167
1695126968689 2967.289794921875 168
1695126969009 2969.5908203125 169
1695126969326 2984.92041015625 170
1695126969646 2926.352294921875 171
1695126969959 2953.285400390625 172
1695126970273 2946.359375 173
1695126970586 2897.00341796875 174
1695126970897 2875.100830078125 175
1695126971209 2967.32861328125 176
1695126971525 2944.91845703125 177
1695126971837 2936.0234375 178
1695126972150 2971.193115234375 179
1695126972463 2942.2431640625 180
1695126972776 2930.04443359375 181
1695126973093 2922.7236328125 182
1695126973407 2978.21728515625 183
1695126973722 2912.89599609375 184
1695126974034 2852.634521484375 185
1695126974346 2872.656494140625 186
1695126974659 2926.015869140625 187
1695126974972 2970.5966796875 188
1695126975288 2874.208984375 189
1695126975603 2915.95166015625 190
1695126975917 2894.42529296875 191
1695126976233 2888.901611328125 192
1695126976566 2945.18115234375 193
1695126976904 2897.75927734375 194
1695126977257 2854.5126953125 195
1695126977600 2857.76611328125 196
1695126977950 2873.43017578125 197
1695126978301 2919.67724609375 198
1695126978653 2851.451416015625 199
1695126979004 2778.83935546875 200
1695126982839 2919.31298828125 201
1695126983167 2968.3642578125 202
1695126983482 2928.51806640625 203
1695126983795 2880.1181640625 204
1695126984113 2820.03369140625 205
1695126984428 2893.9912109375 206
1695126984743 2876.29052734375 207
1695126985058 2922.929931640625 208
1695126985372 2913.4189453125 209
1695126985688 2856.08642578125 210
1695126986001 2843.50732421875 211
1695126986313 2898.431884765625 212
1695126986661 2814.09375 213
1695126987001 2833.34375 214
1695126987333 2922.38232421875 215
1695126987652 2929.185791015625 216
1695126987985 2880.443115234375 217
1695126988326 2805.501220703125 218
1695126988682 2847.6181640625 219
1695126989023 2863.04931640625 220
1695126989364 2815.51318359375 221
1695126989697 2886.704833984375 222
1695126990019 2884.73095703125 223
1695126990344 2823.60888671875 224
1695126990662 2864.919921875 225
1695126990987 2815.5595703125 226
1695126991307 2884.034912109375 227
1695126991618 2871.0888671875 228
1695126991934 2819.548583984375 229
1695126992249 2857.300537109375 230
1695126992561 2824.851318359375 231
1695126992873 2836.727783203125 232
1695126993186 2875.955322265625 233
1695126993496 2791.1455078125 234
1695126993805 2865.982421875 235
1695126994121 2850.5869140625 236
1695126994450 2883.08349609375 237
1695126994765 2847.412353515625 238
1695126995076 2811.568115234375 239
1695126995389 2856.51416015625 240
1695126995702 2841.0478515625 241
1695126996013 2873.75146484375 242
1695126996324 2880.35888671875 243
1695126996634 2848.239013671875 244
1695126996943 2920.170654296875 245
1695126997256 2833.2158203125 246
1695126997568 2887.684326171875 247
1695126997880 2807.39794921875 248
1695126998201 2763.92724609375 249
1695126998526 2856.904296875 250
1695126998867 2897.0205078125 251
1695126999212 2767.4638671875 252
1695126999565 2911.489501953125 253
1695126999913 2845.47119140625 254
1695127000265 2785.4248046875 255
1695127000594 2767.304931640625 256
1695127000920 2774.8466796875 257
1695127001232 2808.51220703125 258
1695127001546 2795.8232421875 259
1695127001857 2780.000732421875 260
1695127002168 2836.666259765625 261
1695127002478 2826.151611328125 262
1695127002806 2903.701416015625 263
1695127003121 2769.55029296875 264
1695127003435 2787.83935546875 265
1695127003749 2768.1376953125 266
1695127004076 2829.6669921875 267
1695127004418 2778.609375 268
1695127004749 2868.60693359375 269
1695127005092 2766.300048828125 270
1695127005438 2793.2060546875 271
1695127005767 2789.27685546875 272
1695127006083 2784.738525390625 273
1695127006411 2818.8349609375 274
1695127006733 2773.088134765625 275
1695127007045 2754.27392578125 276
1695127007366 2764.993408203125 277
1695127007702 2800.600830078125 278
1695127008031 2776.7392578125 279
1695127008359 2852.5947265625 280
1695127008691 2758.30322265625 281
1695127009015 2793.33251953125 282
1695127009337 2798.70068359375 283
1695127009650 2790.015869140625 284
1695127009977 2744.694091796875 285
1695127010293 2863.71484375 286
1695127010603 2788.20751953125 287
1695127010912 2757.788330078125 288
1695127011226 2771.2978515625 289
1695127011541 2719.061279296875 290
1695127011856 2815.552490234375 291
1695127012166 2835.478759765625 292
1695127012475 2792.68115234375 293
1695127012784 2726.076416015625 294
1695127013095 2754.1689453125 295
1695127013405 2736.770263671875 296
1695127013715 2799.365234375 297
1695127014026 2758.570068359375 298
1695127014341 2713.22900390625 299
1695127014653 2727.94140625 300
1695127018236 2743.390380859375 301
1695127018546 2763.68994140625 302
1695127018856 2672.1533203125 303
1695127019166 2763.364990234375 304
1695127019475 2749.14892578125 305
1695127019787 2690.99462890625 306
1695127020099 2723.1796875 307
1695127020409 2807.3447265625 308
1695127020718 2774.61767578125 309
1695127021028 2786.49462890625 310
1695127021360 2805.66845703125 311
1695127021671 2762.340087890625 312
1695127022006 2732.5712890625 313
1695127022318 2745.752685546875 314
1695127022632 2739.787109375 315
1695127022946 2748.9951171875 316
1695127023259 2686.84326171875 317
1695127023572 2618.156005859375 318
1695127023882 2740.68994140625 319
1695127024191 2693.67822265625 320
1695127024501 2793.988525390625 321
1695127024812 2821.26416015625 322
1695127025141 2713.121826171875 323
1695127025459 2710.9462890625 324
1695127025798 2770.614501953125 325
1695127026123 2805.45849609375 326
1695127026479 2738.299072265625 327
1695127026823 2639.54296875 328
1695127027176 2765.43359375 329
1695127027510 2727.5400390625 330
1695127027823 2845.040283203125 331
1695127028133 2755.203125 332
1695127028443 2738.642822265625 333
1695127028752 2734.80126953125 334
1695127029081 2700.980712890625 335
1695127029406 2675.722412109375 336
1695127029743 2699.53076171875 337
1695127030071 2704.253662109375 338
1695127030401 2752.11474609375 339
1695127030729 2723.79833984375 340
1695127031065 2658.73486328125 341
1695127031413 2716.23974609375 342
1695127031756 2715.8330078125 343
1695127032091 2702.5458984375 344
1695127032405 2694.468017578125 345
1695127032740 2744.86474609375 346
1695127033053 2707.517333984375 347
1695127033378 2796.72265625 348
1695127033693 2705.25439453125 349
1695127034007 2605.65673828125 350
1695127034317 2679.08642578125 351
1695127034628 2699.50244140625 352
1695127034938 2691.32421875 353
1695127035249 2650.898193359375 354
1695127035557 2687.10302734375 355
1695127035870 2709.2041015625 356
1695127036179 2739.21923828125 357
1695127036489 2670.12744140625 358
1695127036801 2680.2490234375 359
1695127037111 2689.716064453125 360
1695127037421 2743.25634765625 361
1695127037731 2670.142578125 362
1695127038040 2702.19140625 363
1695127038349 2718.39208984375 364
1695127038658 2713.86767578125 365
1695127038967 2707.0927734375 366
1695127039275 2674.112060546875 367
1695127039584 2675.26025390625 368
1695127039931 2653.115478515625 369
1695127040282 2672.381103515625 370
1695127040629 2720.283447265625 371
1695127040978 2697.57275390625 372
1695127041304 2676.76806640625 373
1695127041645 2690.5341796875 374
1695127041990 2690.79541015625 375
1695127042325 2713.948486328125 376
1695127042643 2701.623046875 377
1695127042957 2722.419921875 378
1695127043285 2619.31689453125 379
1695127043605 2654.474609375 380
1695127043916 2658.79541015625 381
1695127044235 2664.75634765625 382
1695127044550 2670.989990234375 383
1695127044879 2662.15478515625 384
1695127045232 2634.2646484375 385
1695127045560 2631.74609375 386
1695127045873 2679.09619140625 387
1695127046205 2583.85693359375 388
1695127046554 2661.9228515625 389
1695127046898 2664.196533203125 390
1695127047226 2635.55126953125 391
1695127047540 2682.10595703125 392
1695127047854 2691.546875 393
1695127048166 2664.419921875 394
1695127048478 2566.4423828125 395
1695127048794 2632.61083984375 396
1695127049109 2648.7734375 397
1695127049421 2636.318603515625 398
