1695155378576 0.6968545317649841 0
1695155378987 0.4178507626056671 1
1695155379410 0.26872724294662476 2
1695155379819 0.1802992820739746 3
1695155380215 0.19240613281726837 4
1695155380624 0.27226585149765015 5
1695155381026 0.2855881154537201 6
1695155381429 0.1842469871044159 7
1695155381837 0.22320400178432465 8
1695155382231 0.17351756989955902 9
1695155382629 0.2057068645954132 10
1695155383036 0.13435710966587067 11
1695155383443 0.24014580249786377 12
1695155383841 0.1921994835138321 13
1695155384248 0.1453811377286911 14
1695155384644 0.12470051646232605 15
1695155385042 0.19530467689037323 16
1695155385455 0.2050563246011734 17
1695155385861 0.1417636275291443 18
1695155386257 0.16899816691875458 19
1695155386663 0.1050974503159523 20
1695155387065 0.12289363890886307 21
1695155387465 0.08267127722501755 22
1695155387879 0.1090334877371788 23
1695155388273 0.1127147227525711 24
1695155388665 0.09770286083221436 25
1695155389077 0.06089068949222565 26
1695155389490 0.20205865800380707 27
1695155389892 0.055383577942848206 28
1695155390301 0.07625102996826172 29
1695155390705 0.08882851153612137 30
1695155391093 0.0918518453836441 31
1695155391498 0.09641839563846588 32
1695155391910 0.19425585865974426 33
1695155392314 0.11797340214252472 34
1695155392711 0.083765909075737 35
1695155393116 0.07410259544849396 36
1695155393515 0.1513301283121109 37
1695155393920 0.06815867871046066 38
1695155394316 0.09712272882461548 39
1695155394708 0.07749174535274506 40
1695155395104 0.07255984097719193 41
1695155395512 0.12253748625516891 42
1695155395914 0.06417743116617203 43
1695155396309 0.08080265671014786 44
1695155396715 0.0944380983710289 45
1695155397135 0.055410537868738174 46
1695155397556 0.09212560951709747 47
1695155397967 0.04616706073284149 48
1695155398387 0.0483492836356163 49
1695155398797 0.07374322414398193 50
1695155399215 0.06918257474899292 51
1695155399703 0.06829454004764557 52
1695155400237 0.07702849060297012 53
1695155400744 0.16322758793830872 54
