1695127938961 2016.954833984375 0
1695127942692 1987.9378662109375 1
1695127942999 2023.741943359375 2
1695127943307 1958.272705078125 3
1695127943617 1992.6456298828125 4
1695127943926 1896.0777587890625 5
1695127944260 1858.415283203125 6
1695127944583 1859.8291015625 7
1695127944913 1783.4964599609375 8
1695127945252 1792.772705078125 9
1695127945591 1751.9256591796875 10
1695127945943 1736.1259765625 11
1695127946259 1648.709228515625 12
1695127946579 1658.8309326171875 13
1695127946895 1655.227294921875 14
1695127947214 1619.97900390625 15
1695127947531 1611.616943359375 16
1695127947844 1601.452392578125 17
1695127948160 1571.8663330078125 18
1695127948470 1523.0615234375 19
1695127948789 1526.1934814453125 20
1695127949107 1501.2606201171875 21
1695127949426 1531.9635009765625 22
1695127949743 1462.182373046875 23
1695127950057 1476.479736328125 24
1695127950373 1429.141357421875 25
1695127950680 1434.3585205078125 26
1695127950996 1395.38818359375 27
1695127951308 1424.748779296875 28
1695127951628 1429.3212890625 29
1695127951943 1377.4005126953125 30
1695127952263 1347.94140625 31
1695127952583 1357.837890625 32
1695127952903 1359.64599609375 33
1695127953245 1351.13623046875 34
1695127953582 1351.35888671875 35
1695127953910 1346.400634765625 36
1695127954238 1265.4049072265625 37
1695127954550 1241.0823974609375 38
1695127954860 1319.610107421875 39
1695127955175 1314.47412109375 40
1695127955483 1188.578857421875 41
1695127955795 1194.697265625 42
1695127956108 1234.2186279296875 43
1695127956442 1207.95556640625 44
1695127956759 1190.81103515625 45
1695127957075 1213.8839111328125 46
1695127957394 1145.848876953125 47
1695127957714 1182.083740234375 48
1695127958039 1206.49072265625 49
1695127958375 1154.243408203125 50
1695127958693 1148.0797119140625 51
1695127959028 1117.9586181640625 52
1695127959365 1110.779052734375 53
1695127959695 1101.3643798828125 54
1695127960022 1112.1727294921875 55
1695127960349 1093.826416015625 56
1695127960689 1129.35595703125 57
1695127961031 1077.6337890625 58
1695127961351 1075.56591796875 59
1695127961662 1050.3931884765625 60
1695127961976 1082.62060546875 61
1695127962289 1068.962890625 62
1695127962597 1045.37841796875 63
1695127962906 1108.374267578125 64
1695127963214 1138.92431640625 65
1695127963523 1050.506103515625 66
1695127963831 1044.77197265625 67
1695127964141 1059.4088134765625 68
1695127964452 1028.21337890625 69
1695127964761 1086.228271484375 70
1695127965071 974.4395751953125 71
1695127965381 1043.2198486328125 72
1695127965694 1015.0267944335938 73
1695127966002 991.47119140625 74
1695127966310 976.72509765625 75
1695127966619 953.6875610351562 76
1695127966927 942.86083984375 77
1695127967243 1082.6964111328125 78
1695127967558 956.2008056640625 79
1695127967867 1000.625732421875 80
1695127968175 938.7470703125 81
1695127968485 936.2166748046875 82
1695127968795 930.6905517578125 83
1695127969106 972.8038330078125 84
1695127969418 950.342529296875 85
1695127969732 955.71728515625 86
1695127970042 921.90966796875 87
1695127970353 912.1437377929688 88
1695127970667 933.8640747070312 89
1695127970985 853.397216796875 90
1695127971295 927.548095703125 91
1695127971605 962.967041015625 92
1695127971913 896.7630615234375 93
1695127972222 891.7506103515625 94
1695127972530 875.7113037109375 95
1695127972842 917.8411865234375 96
1695127973151 828.897216796875 97
1695127973459 861.9281005859375 98
1695127973769 889.198486328125 99
1695127974078 976.018310546875 100
1695127977735 852.9843139648438 101
1695127978045 901.2867431640625 102
1695127978357 898.3809814453125 103
1695127978668 811.4278564453125 104
1695127978981 847.1309814453125 105
1695127979306 858.998291015625 106
1695127979619 870.7368774414062 107
1695127979933 844.8250122070312 108
1695127980245 833.00732421875 109
1695127980561 867.9526977539062 110
1695127980875 900.0732421875 111
1695127981189 813.9202880859375 112
1695127981500 878.239990234375 113
1695127981808 844.6937255859375 114
1695127982117 810.2854614257812 115
1695127982436 840.9927978515625 116
1695127982746 811.2886962890625 117
1695127983055 801.7781982421875 118
1695127983365 809.580078125 119
1695127983675 796.486083984375 120
1695127983985 838.9266967773438 121
1695127984299 819.7162475585938 122
1695127984609 752.6466064453125 123
1695127984918 858.7294921875 124
1695127985227 813.1984252929688 125
1695127985536 791.57421875 126
1695127985845 845.0358276367188 127
1695127986154 757.4320068359375 128
1695127986465 836.43994140625 129
1695127986775 798.4017333984375 130
1695127987085 802.2177734375 131
1695127987398 749.8236083984375 132
1695127987707 751.54443359375 133
1695127988020 743.9840087890625 134
1695127988340 788.9854125976562 135
1695127988650 769.7608642578125 136
1695127988962 776.8594360351562 137
1695127989274 808.872802734375 138
1695127989588 815.6985473632812 139
1695127989906 726.1485595703125 140
1695127990216 755.9108276367188 141
1695127990525 752.7617797851562 142
1695127990852 776.9754028320312 143
1695127991168 760.86962890625 144
1695127991481 751.21337890625 145
1695127991796 729.8558349609375 146
1695127992106 717.7138671875 147
1695127992420 722.52734375 148
1695127992731 716.04638671875 149
1695127993040 743.3298950195312 150
1695127993360 770.4144287109375 151
1695127993686 746.2056274414062 152
1695127994001 791.8629150390625 153
1695127994313 732.7601928710938 154
1695127994622 742.7171630859375 155
1695127994931 739.9185180664062 156
1695127995240 739.0921020507812 157
1695127995548 721.64892578125 158
1695127995863 734.2896728515625 159
1695127996173 743.9650268554688 160
1695127996484 709.2742919921875 161
1695127996794 704.8162841796875 162
1695127997103 755.822998046875 163
1695127997412 755.5115966796875 164
1695127997721 751.96728515625 165
1695127998030 757.30615234375 166
1695127998340 725.3865966796875 167
1695127998651 717.8265991210938 168
1695127998962 698.9620361328125 169
1695127999273 644.0615234375 170
1695127999582 729.12158203125 171
1695127999891 751.6992797851562 172
1695128000200 695.9046630859375 173
1695128000508 657.036376953125 174
1695128000820 724.3300170898438 175
1695128001129 652.47314453125 176
1695128001440 711.6339111328125 177
1695128001751 685.218505859375 178
1695128002061 705.1173706054688 179
1695128002371 653.9991455078125 180
1695128002682 691.4567260742188 181
1695128002992 662.3394165039062 182
1695128003303 716.4175415039062 183
1695128003613 650.03662109375 184
1695128003928 712.71533203125 185
1695128004239 692.339111328125 186
1695128004551 734.4187622070312 187
1695128004865 681.0380249023438 188
1695128005179 715.070068359375 189
1695128005489 663.3885498046875 190
1695128005800 675.0972900390625 191
1695128006110 679.9964599609375 192
1695128006427 682.2599487304688 193
1695128006739 654.8212890625 194
1695128007048 669.2305908203125 195
1695128007361 668.6348876953125 196
1695128007672 666.0931396484375 197
1695128007982 687.1873779296875 198
1695128008293 660.2288208007812 199
1695128008621 631.7781982421875 200
1695128012275 646.002685546875 201
1695128012588 728.0233764648438 202
1695128012898 664.9165649414062 203
1695128013207 645.88134765625 204
1695128013518 632.1402587890625 205
1695128013830 689.322265625 206
1695128014144 664.7456665039062 207
1695128014452 651.2528686523438 208
1695128014762 653.4359741210938 209
1695128015075 648.8260498046875 210
1695128015386 636.8851318359375 211
1695128015701 636.82275390625 212
1695128016016 697.2977294921875 213
1695128016329 626.7906494140625 214
1695128016643 661.4681396484375 215
1695128016954 637.4686889648438 216
1695128017263 620.8367309570312 217
1695128017573 663.5103149414062 218
1695128017885 686.224609375 219
1695128018196 634.3804931640625 220
1695128018507 646.2132568359375 221
1695128018822 649.6134643554688 222
1695128019146 611.1456298828125 223
1695128019457 642.8516235351562 224
1695128019767 609.44921875 225
1695128020076 593.8836669921875 226
1695128020387 662.3310546875 227
1695128020696 621.9246826171875 228
1695128021005 625.8501586914062 229
1695128021317 623.1895141601562 230
1695128021628 644.2955932617188 231
1695128021942 630.3646240234375 232
1695128022255 639.107177734375 233
1695128022566 627.2989501953125 234
1695128022876 684.4197998046875 235
1695128023188 613.6885375976562 236
1695128023500 700.4083251953125 237
1695128023810 661.7227783203125 238
1695128024124 642.7178955078125 239
1695128024436 648.5115966796875 240
1695128024756 621.6839599609375 241
1695128025085 624.3687744140625 242
1695128025403 589.5654907226562 243
1695128025714 646.2356567382812 244
1695128026026 598.685302734375 245
1695128026339 619.3712158203125 246
1695128026655 641.5914306640625 247
1695128026970 604.6717529296875 248
1695128027280 603.6664428710938 249
1695128027591 613.3627319335938 250
1695128027901 673.606689453125 251
1695128028211 589.0673828125 252
1695128028524 607.629638671875 253
1695128028833 622.3604736328125 254
1695128029149 583.9654541015625 255
1695128029464 596.8115234375 256
1695128029775 582.2395629882812 257
1695128030088 591.975341796875 258
1695128030401 649.977294921875 259
1695128030738 611.394287109375 260
1695128031065 611.1275634765625 261
1695128031405 591.271240234375 262
1695128031755 586.44873046875 263
1695128032078 573.7642211914062 264
1695128032404 625.1625366210938 265
1695128032741 592.813720703125 266
1695128033061 595.9391479492188 267
1695128033376 630.9722900390625 268
1695128033694 618.7481079101562 269
1695128034035 609.2731323242188 270
1695128034373 610.143310546875 271
1695128034715 584.3019409179688 272
1695128035028 581.0486450195312 273
1695128035355 585.474853515625 274
1695128035700 596.9219970703125 275
1695128036032 606.7625732421875 276
1695128036360 616.9435424804688 277
1695128036672 579.62744140625 278
1695128036983 609.2988891601562 279
1695128037292 602.6314697265625 280
1695128037607 600.5872192382812 281
1695128037917 601.8153076171875 282
1695128038229 585.2705078125 283
1695128038542 576.0016479492188 284
1695128038877 590.8359985351562 285
1695128039224 575.4883422851562 286
1695128039550 590.7738037109375 287
1695128039883 558.1861572265625 288
1695128040227 609.1923828125 289
1695128040561 594.7291259765625 290
1695128040901 566.2232666015625 291
1695128041242 577.892822265625 292
1695128041583 621.3977661132812 293
1695128041895 562.1375732421875 294
1695128042233 575.9190673828125 295
1695128042568 582.342041015625 296
1695128042910 595.685302734375 297
1695128043252 535.2734985351562 298
1695128043577 587.2451171875 299
1695128043911 551.4124755859375 300
1695128048005 537.2446899414062 301
1695128048314 550.3923950195312 302
1695128048626 556.1572265625 303
1695128048948 553.6066284179688 304
1695128049269 579.5780029296875 305
1695128049596 549.6822509765625 306
1695128049906 556.35302734375 307
1695128050239 543.8987426757812 308
1695128050556 554.9136962890625 309
1695128050894 583.4119873046875 310
1695128051210 516.1785278320312 311
1695128051522 587.4559326171875 312
1695128051834 540.2520751953125 313
1695128052147 600.0955200195312 314
1695128052456 556.700439453125 315
1695128052771 577.3778076171875 316
1695128053086 565.2221069335938 317
1695128053395 542.9039306640625 318
1695128053708 529.2579345703125 319
1695128054020 551.476318359375 320
1695128054332 573.2286987304688 321
1695128054646 588.98681640625 322
1695128054957 542.5374145507812 323
1695128055284 588.8717651367188 324
1695128055620 566.1892700195312 325
1695128055958 557.6698608398438 326
1695128056308 605.498779296875 327
1695128056646 553.1763916015625 328
1695128056992 542.6316528320312 329
1695128057311 555.7684326171875 330
1695128057647 549.4033203125 331
1695128057959 547.271240234375 332
1695128058269 606.906005859375 333
1695128058578 543.014404296875 334
1695128058887 578.0546264648438 335
1695128059228 523.5701904296875 336
1695128059550 613.6467895507812 337
1695128059869 547.2315063476562 338
1695128060183 534.7132568359375 339
1695128060498 539.5670166015625 340
1695128060810 544.14599609375 341
1695128061124 609.878662109375 342
1695128061440 587.10107421875 343
1695128061753 577.5556640625 344
1695128062081 536.2720947265625 345
1695128062404 574.159912109375 346
1695128062721 561.1605224609375 347
1695128063062 550.8155517578125 348
1695128063392 571.8841552734375 349
1695128063726 545.7335205078125 350
1695128064048 529.0472412109375 351
1695128064361 553.4437866210938 352
1695128064671 539.2969970703125 353
1695128064983 537.9937744140625 354
1695128065324 550.2088623046875 355
1695128065648 535.55810546875 356
1695128065967 542.7160034179688 357
1695128066282 564.1806030273438 358
1695128066597 535.3073120117188 359
1695128066911 542.016357421875 360
1695128067225 585.8914794921875 361
1695128067538 550.1090087890625 362
1695128067866 539.844482421875 363
1695128068223 502.6322937011719 364
1695128068579 511.66302490234375 365
1695128068918 508.435791015625 366
1695128069253 582.425048828125 367
1695128069569 574.3479614257812 368
1695128069902 507.01654052734375 369
1695128070233 521.817138671875 370
1695128070544 523.1527099609375 371
1695128070856 518.5921020507812 372
1695128071184 516.0493774414062 373
1695128071499 520.9553833007812 374
1695128071832 561.359375 375
1695128072144 509.95892333984375 376
1695128072454 567.7521362304688 377
1695128072767 520.267822265625 378
1695128073078 551.3192749023438 379
1695128073390 527.6334228515625 380
1695128073699 520.1168823242188 381
1695128074013 515.763427734375 382
1695128074345 509.05865478515625 383
1695128074659 554.7708740234375 384
1695128074971 502.6771240234375 385
1695128075281 532.3282470703125 386
1695128075601 508.3312683105469 387
1695128075929 540.070068359375 388
1695128076241 537.7265625 389
1695128076551 536.7655639648438 390
1695128076865 527.7042236328125 391
1695128077176 493.7823486328125 392
1695128077492 541.2313232421875 393
1695128077801 513.3635864257812 394
1695128078124 504.32843017578125 395
1695128078451 524.307373046875 396
1695128078763 524.4273071289062 397
1695128079074 532.383544921875 398
1695128079383 511.7085266113281 399
1695128079691 483.29302978515625 400
1695128083305 522.7061767578125 401
1695128083615 561.4110717773438 402
1695128083927 524.2672119140625 403
1695128084237 468.572998046875 404
1695128084547 540.0070190429688 405
1695128084857 530.4907836914062 406
1695128085168 515.5242919921875 407
1695128085478 533.3604736328125 408
1695128085788 546.673095703125 409
1695128086098 511.7870788574219 410
1695128086407 516.68798828125 411
1695128086715 541.46728515625 412
1695128087024 513.4814453125 413
1695128087332 522.9508056640625 414
1695128087647 482.4630126953125 415
1695128087960 508.0164489746094 416
1695128088275 505.7303161621094 417
1695128088588 542.8216552734375 418
1695128088899 495.03057861328125 419
1695128089209 533.0985107421875 420
1695128089521 498.2454528808594 421
1695128089832 548.875244140625 422
1695128090144 474.4654846191406 423
1695128090455 509.6843566894531 424
1695128090765 497.3297424316406 425
1695128091074 528.518798828125 426
1695128091385 535.3826904296875 427
1695128091698 484.435791015625 428
1695128092009 500.2186279296875 429
1695128092322 499.73626708984375 430
1695128092632 533.8709106445312 431
1695128092943 518.7265625 432
1695128093253 503.0859680175781 433
1695128093563 473.85406494140625 434
1695128093873 527.3798828125 435
1695128094182 505.3071594238281 436
1695128094492 492.60333251953125 437
1695128094802 512.0450439453125 438
1695128095113 489.9248046875 439
1695128095423 520.712646484375 440
1695128095734 503.78240966796875 441
1695128096045 565.017578125 442
1695128096355 502.80535888671875 443
1695128096665 470.2613830566406 444
1695128096978 532.7376708984375 445
1695128097290 501.005859375 446
1695128097600 493.00775146484375 447
1695128097910 523.2638549804688 448
1695128098220 507.97454833984375 449
1695128098529 472.6165771484375 450
1695128098839 497.18304443359375 451
1695128099149 509.6702880859375 452
1695128099460 500.1783447265625 453
1695128099772 475.21551513671875 454
1695128100082 504.59088134765625 455
1695128100392 513.386474609375 456
1695128100708 487.73828125 457
1695128101021 508.33575439453125 458
1695128101335 498.1393127441406 459
1695128101646 503.3316955566406 460
1695128101959 485.3259582519531 461
1695128102269 543.2045288085938 462
1695128102579 485.73101806640625 463
1695128102889 494.3998107910156 464
1695128103200 497.0392761230469 465
1695128103511 490.0520935058594 466
1695128103820 488.8630065917969 467
1695128104128 472.9324035644531 468
1695128104442 482.8138427734375 469
1695128104757 510.96478271484375 470
1695128105067 473.8462219238281 471
1695128105376 497.88690185546875 472
1695128105696 479.89501953125 473
1695128106014 491.17413330078125 474
1695128106324 510.91876220703125 475
1695128106637 506.9283752441406 476
1695128106946 463.56280517578125 477
1695128107255 503.5284118652344 478
1695128107564 490.3416748046875 479
1695128107881 491.61358642578125 480
1695128108197 504.6889953613281 481
1695128108522 490.6828918457031 482
1695128108840 476.14154052734375 483
1695128109154 474.4985046386719 484
1695128109472 474.9056396484375 485
1695128109782 468.399169921875 486
1695128110094 513.7213134765625 487
1695128110404 491.4291687011719 488
1695128110718 462.5012512207031 489
1695128111028 498.2851257324219 490
1695128111338 469.9083251953125 491
1695128111651 518.3017578125 492
1695128111966 487.91912841796875 493
1695128112279 495.81939697265625 494
1695128112587 481.67987060546875 495
1695128112900 509.4945373535156 496
1695128113211 513.7882080078125 497
1695128113521 490.4020690917969 498
1695128113833 505.5267639160156 499
1695128114142 488.95233154296875 500
1695128117821 474.0469970703125 501
1695128118143 512.5400390625 502
1695128118456 496.0860595703125 503
1695128118771 486.451171875 504
1695128119096 467.171142578125 505
1695128119411 496.52191162109375 506
1695128119721 475.9682312011719 507
1695128120034 490.8983154296875 508
1695128120344 453.71759033203125 509
1695128120654 460.517333984375 510
1695128120965 458.3031921386719 511
1695128121274 492.6747131347656 512
1695128121582 468.6801452636719 513
1695128121890 469.89544677734375 514
1695128122205 488.353759765625 515
1695128122515 467.38836669921875 516
1695128122826 448.93292236328125 517
1695128123138 513.3067626953125 518
1695128123447 487.7229309082031 519
1695128123757 479.4211120605469 520
1695128124070 470.38397216796875 521
1695128124381 481.4995422363281 522
1695128124691 498.3045959472656 523
1695128124999 476.7639465332031 524
1695128125310 469.2325439453125 525
1695128125620 460.25384521484375 526
1695128125930 507.60687255859375 527
1695128126241 468.3175354003906 528
1695128126553 452.8174743652344 529
1695128126866 486.513427734375 530
1695128127177 484.1831970214844 531
1695128127492 468.27288818359375 532
1695128127802 445.2340087890625 533
1695128128116 443.8788146972656 534
1695128128426 491.8756408691406 535
1695128128736 497.0589294433594 536
1695128129048 484.8905334472656 537
1695128129358 486.3563537597656 538
1695128129668 468.607421875 539
1695128129983 469.7818298339844 540
1695128130296 478.9422302246094 541
1695128130604 484.91705322265625 542
1695128130914 469.9792175292969 543
1695128131224 473.43310546875 544
1695128131533 460.0107727050781 545
1695128131843 493.79931640625 546
1695128132153 491.17999267578125 547
1695128132479 507.7672424316406 548
1695128132805 495.80877685546875 549
1695128133123 456.31951904296875 550
1695128133440 475.00286865234375 551
1695128133780 436.1719970703125 552
1695128134111 495.113525390625 553
1695128134463 457.141845703125 554
1695128134786 472.7203674316406 555
1695128135130 454.15325927734375 556
1695128135465 478.1385498046875 557
1695128135805 496.64227294921875 558
1695128136149 470.56146240234375 559
1695128136503 489.85028076171875 560
1695128136837 516.7279052734375 561
1695128137166 454.05181884765625 562
1695128137505 477.0611572265625 563
1695128137828 482.027587890625 564
1695128138158 433.8578186035156 565
1695128138486 427.25299072265625 566
1695128138815 462.8372802734375 567
1695128139125 476.7027893066406 568
1695128139437 503.8080749511719 569
1695128139746 447.15924072265625 570
1695128140056 461.7318115234375 571
1695128140405 473.36474609375 572
1695128140725 445.850830078125 573
1695128141040 450.83721923828125 574
1695128141372 444.2372131347656 575
1695128141699 478.5980529785156 576
1695128142023 464.611328125 577
1695128142343 475.46075439453125 578
1695128142668 509.6650390625 579
1695128142986 461.56488037109375 580
1695128143303 515.4793090820312 581
1695128143618 446.9800109863281 582
1695128143938 451.764892578125 583
1695128144254 446.50128173828125 584
1695128144566 432.53582763671875 585
1695128144910 436.7795104980469 586
1695128145256 460.67547607421875 587
1695128145590 465.2502136230469 588
1695128145904 489.5579528808594 589
1695128146219 464.8544616699219 590
1695128146542 466.5856018066406 591
1695128146884 457.99468994140625 592
1695128147230 467.0213928222656 593
1695128147574 455.3575439453125 594
1695128147888 464.79083251953125 595
1695128148212 432.6972351074219 596
1695128148557 455.16827392578125 597
1695128148904 497.9073486328125 598
1695128149223 456.78424072265625 599
1695128149554 451.2728271484375 600
1695128153534 485.52850341796875 601
1695128153852 447.1946105957031 602
1695128154169 446.1340637207031 603
1695128154486 455.75421142578125 604
1695128154800 469.7579650878906 605
1695128155115 471.1042175292969 606
1695128155428 439.3436584472656 607
1695128155741 453.08721923828125 608
1695128156055 451.89892578125 609
1695128156369 453.7262878417969 610
1695128156682 472.3938903808594 611
1695128156997 453.8919677734375 612
1695128157315 428.4063720703125 613
1695128157633 468.86419677734375 614
1695128157950 457.4199523925781 615
1695128158268 495.3937072753906 616
1695128158584 452.09002685546875 617
1695128158900 453.4544982910156 618
1695128159213 458.373779296875 619
1695128159528 486.224853515625 620
1695128159844 470.5994873046875 621
1695128160159 446.41375732421875 622
1695128160476 465.6485900878906 623
1695128160793 429.24896240234375 624
1695128161110 451.4446716308594 625
1695128161426 436.03436279296875 626
1695128161738 454.7921447753906 627
1695128162054 429.82073974609375 628
1695128162366 427.82366943359375 629
1695128162683 458.6610107421875 630
1695128162999 478.843994140625 631
1695128163313 445.1399230957031 632
1695128163626 474.33294677734375 633
1695128163941 491.35467529296875 634
1695128164253 458.019287109375 635
1695128164568 440.6312255859375 636
1695128164882 481.01983642578125 637
1695128165197 453.9490966796875 638
1695128165511 458.1309814453125 639
1695128165832 465.1877746582031 640
1695128166156 445.4033203125 641
1695128166472 445.48077392578125 642
1695128166789 461.4829406738281 643
1695128167103 476.80224609375 644
1695128167419 443.18798828125 645
1695128167735 438.7937927246094 646
1695128168050 473.05322265625 647
1695128168365 424.26220703125 648
1695128168679 444.9767761230469 649
1695128168996 446.57794189453125 650
1695128169308 436.85980224609375 651
1695128169626 473.779541015625 652
1695128169938 469.7742919921875 653
1695128170252 458.4573974609375 654
1695128170568 439.8367614746094 655
1695128170885 474.2529602050781 656
1695128171196 472.52001953125 657
1695128171512 426.7842712402344 658
1695128171828 464.9222106933594 659
1695128172141 420.484375 660
1695128172455 471.453857421875 661
1695128172768 412.60723876953125 662
1695128173083 445.2345886230469 663
1695128173396 453.2283630371094 664
1695128173710 453.68890380859375 665
1695128174027 476.99249267578125 666
1695128174342 422.0639953613281 667
1695128174657 466.45721435546875 668
1695128174971 423.9303894042969 669
1695128175287 483.5673828125 670
1695128175601 446.582763671875 671
1695128175918 420.5674133300781 672
1695128176232 428.16131591796875 673
1695128176547 454.48529052734375 674
1695128176860 459.7355041503906 675
1695128177175 445.22088623046875 676
1695128177489 454.059326171875 677
1695128177804 404.6678466796875 678
1695128178121 442.66064453125 679
1695128178436 414.5826721191406 680
1695128178749 418.8392333984375 681
1695128179065 421.85003662109375 682
1695128179379 454.99468994140625 683
1695128179692 474.36669921875 684
1695128180006 464.35455322265625 685
1695128180322 446.739990234375 686
1695128180636 457.6738586425781 687
1695128180956 428.82550048828125 688
1695128181270 454.5229797363281 689
1695128181584 416.88946533203125 690
1695128181898 437.1525573730469 691
1695128182212 442.2042541503906 692
1695128182524 449.507080078125 693
1695128182840 412.7221374511719 694
1695128183157 486.39208984375 695
1695128183475 420.4378662109375 696
1695128183790 444.2749938964844 697
1695128184105 455.51092529296875 698
1695128184420 440.7872314453125 699
1695128184738 468.87890625 700
1695128188449 419.65234375 701
1695128188771 475.0563049316406 702
1695128189086 445.5430603027344 703
1695128189403 452.90032958984375 704
1695128189716 460.24395751953125 705
1695128190030 465.78558349609375 706
1695128190343 440.74932861328125 707
1695128190657 422.32464599609375 708
1695128190969 422.38165283203125 709
1695128191286 452.2083740234375 710
1695128191598 438.3769836425781 711
1695128191913 425.2378234863281 712
1695128192227 463.01763916015625 713
1695128192541 458.1802673339844 714
1695128192855 431.76776123046875 715
1695128193168 413.02734375 716
1695128193483 471.6014709472656 717
1695128193800 476.0553283691406 718
1695128194113 421.0775451660156 719
1695128194429 453.99725341796875 720
1695128194742 424.0884704589844 721
1695128195057 470.35601806640625 722
1695128195376 402.9737854003906 723
1695128195688 424.497802734375 724
1695128196005 465.4109802246094 725
1695128196319 446.2339172363281 726
1695128196634 433.7272033691406 727
1695128196949 425.00775146484375 728
1695128197266 442.00970458984375 729
1695128197579 446.8170166015625 730
1695128197897 446.4061584472656 731
1695128198209 422.0242919921875 732
1695128198522 435.0797119140625 733
1695128198835 490.6492004394531 734
1695128199148 437.4874267578125 735
1695128199461 429.04437255859375 736
1695128199779 428.65057373046875 737
1695128200093 422.46795654296875 738
1695128200405 428.4554443359375 739
1695128200718 434.5484313964844 740
1695128201035 458.8565673828125 741
1695128201351 457.38140869140625 742
1695128201664 438.22998046875 743
1695128201978 462.24688720703125 744
1695128202294 434.1299743652344 745
1695128202611 418.0775146484375 746
1695128202924 416.11846923828125 747
1695128203239 458.3155822753906 748
1695128203555 415.0614318847656 749
1695128203872 418.3289794921875 750
1695128204187 436.188720703125 751
1695128204503 428.089599609375 752
1695128204820 439.66375732421875 753
1695128205136 471.56573486328125 754
1695128205456 483.34368896484375 755
1695128205769 433.04296875 756
1695128206088 419.1871643066406 757
1695128206401 416.0647888183594 758
1695128206716 438.43182373046875 759
1695128207028 433.8638916015625 760
1695128207344 416.24517822265625 761
1695128207659 417.6878662109375 762
1695128207974 440.29864501953125 763
1695128208289 416.41796875 764
1695128208603 424.5792236328125 765
1695128208916 452.4378662109375 766
1695128209228 420.17510986328125 767
1695128209541 438.8152160644531 768
1695128209855 417.53057861328125 769
1695128210168 433.79766845703125 770
1695128210482 430.53546142578125 771
1695128210795 443.0304870605469 772
1695128211108 421.3333740234375 773
1695128211425 403.5079345703125 774
1695128211742 421.98553466796875 775
1695128212054 414.8447265625 776
1695128212367 440.0966796875 777
1695128212682 437.15594482421875 778
1695128212999 425.32843017578125 779
1695128213314 415.1765441894531 780
1695128213632 405.7044677734375 781
1695128213945 415.54705810546875 782
1695128214258 434.34698486328125 783
1695128214573 390.1912841796875 784
1695128214892 413.3087158203125 785
1695128215217 427.70672607421875 786
1695128215538 423.9261474609375 787
1695128215857 477.31719970703125 788
1695128216180 444.2352294921875 789
1695128216500 409.5555419921875 790
1695128216817 420.9372863769531 791
1695128217131 423.2431640625 792
1695128217445 399.92755126953125 793
1695128217759 410.92138671875 794
1695128218077 413.1671142578125 795
1695128218390 438.0419006347656 796
1695128218710 430.79278564453125 797
1695128219025 440.7574462890625 798
1695128219340 411.3854064941406 799
1695128219654 426.1068115234375 800
1695128223368 415.94384765625 801
1695128223682 427.4080810546875 802
1695128224001 429.63751220703125 803
1695128224316 432.0753173828125 804
1695128224636 451.04534912109375 805
1695128224951 400.54534912109375 806
1695128225263 430.9349365234375 807
1695128225578 405.0911865234375 808
1695128225892 419.71673583984375 809
1695128226206 411.234130859375 810
1695128226518 404.44061279296875 811
1695128226833 405.0379943847656 812
1695128227147 440.8003845214844 813
1695128227460 422.21923828125 814
1695128227775 437.9576721191406 815
1695128228087 410.7672119140625 816
1695128228401 462.0487060546875 817
1695128228715 417.5069580078125 818
1695128229028 463.2196044921875 819
1695128229343 429.7552490234375 820
1695128229660 454.8296813964844 821
1695128229973 410.9736328125 822
1695128230289 410.11614990234375 823
1695128230605 407.6280517578125 824
1695128230916 450.22210693359375 825
1695128231232 421.1080322265625 826
1695128231546 416.3666687011719 827
1695128231861 492.24188232421875 828
1695128232176 391.23699951171875 829
1695128232493 422.1762390136719 830
1695128232806 409.8368835449219 831
1695128233118 440.0941162109375 832
1695128233435 409.3428039550781 833
1695128233753 422.49432373046875 834
1695128234066 418.2806396484375 835
1695128234382 399.60833740234375 836
1695128234696 429.59197998046875 837
1695128235011 416.573974609375 838
1695128235326 431.77886962890625 839
1695128235642 428.0375671386719 840
1695128235959 425.1760559082031 841
1695128236276 407.4250183105469 842
1695128236591 422.4898986816406 843
1695128236905 400.3943786621094 844
1695128237224 413.08209228515625 845
1695128237539 409.78875732421875 846
1695128237858 433.3070373535156 847
1695128238174 433.06695556640625 848
1695128238488 425.278564453125 849
1695128238801 398.0989685058594 850
1695128239115 413.822509765625 851
1695128239428 387.53668212890625 852
1695128239741 450.08551025390625 853
1695128240055 411.815673828125 854
1695128240367 428.5605773925781 855
1695128240681 424.4931640625 856
1695128240994 418.29925537109375 857
1695128241307 446.37384033203125 858
1695128241624 440.7689514160156 859
1695128241939 415.83697509765625 860
1695128242252 419.09991455078125 861
1695128242565 446.7532043457031 862
1695128242878 408.3314208984375 863
1695128243193 402.8997497558594 864
1695128243507 439.39337158203125 865
1695128243822 467.21478271484375 866
1695128244133 406.1745300292969 867
1695128244447 425.77520751953125 868
1695128244760 423.19012451171875 869
1695128245072 423.47430419921875 870
1695128245385 417.5362243652344 871
1695128245699 429.73095703125 872
1695128246012 426.9169921875 873
1695128246325 425.05352783203125 874
1695128246639 426.5989074707031 875
1695128246952 434.7845458984375 876
1695128247266 424.8402404785156 877
1695128247580 429.0689697265625 878
1695128247893 428.70635986328125 879
1695128248217 454.0559387207031 880
1695128248568 401.82403564453125 881
1695128248906 416.68548583984375 882
1695128249242 405.66851806640625 883
1695128249577 427.860107421875 884
1695128249918 383.6815490722656 885
1695128250264 413.55120849609375 886
1695128250604 443.40740966796875 887
1695128250935 415.6436767578125 888
1695128251254 400.2826232910156 889
1695128251584 407.7861022949219 890
1695128251899 421.336669921875 891
1695128252218 414.62469482421875 892
1695128252532 412.8454895019531 893
1695128252845 418.67523193359375 894
1695128253156 420.50634765625 895
1695128253465 398.4780578613281 896
1695128253777 425.56793212890625 897
1695128254087 404.2777404785156 898
1695128254397 415.4739990234375 899
1695128254709 416.00634765625 900
1695128258335 459.79052734375 901
1695128258647 407.8232421875 902
1695128258960 465.126708984375 903
1695128259270 417.3831481933594 904
1695128259583 418.2494201660156 905
1695128259893 427.010498046875 906
1695128260214 432.9166259765625 907
1695128260524 386.44317626953125 908
1695128260833 409.47076416015625 909
1695128261142 406.41058349609375 910
1695128261451 393.50799560546875 911
1695128261762 414.73052978515625 912
1695128262074 430.15899658203125 913
1695128262385 426.8739013671875 914
1695128262695 419.6929931640625 915
1695128263005 399.0708312988281 916
1695128263314 407.156005859375 917
1695128263624 384.9172058105469 918
1695128263934 442.6995849609375 919
1695128264247 403.126953125 920
1695128264557 446.6214599609375 921
1695128264868 397.32659912109375 922
1695128265180 390.17388916015625 923
1695128265493 408.302490234375 924
1695128265809 435.2093200683594 925
1695128266123 426.884765625 926
1695128266437 435.7716369628906 927
1695128266749 404.8883056640625 928
1695128267058 408.67022705078125 929
1695128267369 388.1181640625 930
1695128267680 425.4532165527344 931
1695128267990 416.9437561035156 932
1695128268300 411.02935791015625 933
1695128268610 415.4530029296875 934
1695128268922 393.26910400390625 935
1695128269233 426.57537841796875 936
1695128269544 389.76556396484375 937
1695128269859 414.07598876953125 938
1695128270174 393.38983154296875 939
1695128270488 434.7175598144531 940
1695128270800 396.40692138671875 941
1695128271112 403.2976989746094 942
1695128271425 406.57977294921875 943
1695128271735 402.5202331542969 944
1695128272046 424.1123962402344 945
1695128272357 391.210205078125 946
1695128272669 397.69586181640625 947
1695128272978 395.7610778808594 948
1695128273288 419.1725158691406 949
1695128273598 389.29925537109375 950
1695128273908 441.2334289550781 951
1695128274218 397.87811279296875 952
1695128274528 406.7088317871094 953
1695128274839 418.7421875 954
1695128275152 434.3679504394531 955
1695128275463 408.5352478027344 956
1695128275776 413.34478759765625 957
1695128276088 399.74102783203125 958
1695128276398 377.3854064941406 959
1695128276707 395.07073974609375 960
1695128277017 394.62493896484375 961
1695128277327 415.49627685546875 962
1695128277638 377.5628662109375 963
1695128277952 396.04730224609375 964
1695128278262 406.05828857421875 965
1695128278573 418.171875 966
1695128278882 407.4606018066406 967
1695128279193 417.25872802734375 968
1695128279503 383.0308532714844 969
1695128279814 428.69329833984375 970
1695128280132 382.9013671875 971
1695128280450 421.69049072265625 972
1695128280762 391.35791015625 973
1695128281072 404.844482421875 974
1695128281383 401.66375732421875 975
1695128281695 382.9988098144531 976
1695128282005 435.68572998046875 977
1695128282317 408.04052734375 978
1695128282627 409.6591796875 979
1695128282940 407.0710754394531 980
1695128283250 422.7654724121094 981
1695128283560 409.937255859375 982
1695128283870 418.96087646484375 983
1695128284182 388.36383056640625 984
1695128284495 435.75 985
1695128284805 396.6784973144531 986
1695128285115 387.3867492675781 987
1695128285427 405.96112060546875 988
1695128285737 392.9598388671875 989
1695128286051 408.4746398925781 990
1695128286364 395.61798095703125 991
1695128286676 408.3970642089844 992
1695128286987 409.15777587890625 993
1695128287297 385.1317138671875 994
1695128287611 389.1068115234375 995
1695128287924 391.8894958496094 996
1695128288234 431.2772216796875 997
1695128288547 420.7081298828125 998
1695128288863 381.8258972167969 999
1695128289173 374.70361328125 1000
1695128292851 406.31927490234375 1001
1695128293164 396.96038818359375 1002
1695128293481 378.8997497558594 1003
1695128293799 394.88128662109375 1004
1695128294110 409.8753356933594 1005
1695128294421 374.02862548828125 1006
1695128294732 424.195556640625 1007
1695128295043 376.3892822265625 1008
1695128295354 382.224365234375 1009
1695128295669 371.7845458984375 1010
1695128295980 366.61944580078125 1011
1695128296291 417.26800537109375 1012
1695128296601 391.98236083984375 1013
1695128296911 392.7025146484375 1014
1695128297220 407.684814453125 1015
1695128297530 411.9649658203125 1016
1695128297840 444.7718505859375 1017
1695128298152 417.4958801269531 1018
1695128298462 405.80462646484375 1019
1695128298773 414.97503662109375 1020
1695128299084 420.1239929199219 1021
1695128299399 385.504150390625 1022
1695128299708 390.1553955078125 1023
1695128300017 428.171630859375 1024
1695128300342 405.36187744140625 1025
1695128300651 387.25408935546875 1026
1695128300965 403.47491455078125 1027
1695128301277 422.0752868652344 1028
1695128301590 404.12359619140625 1029
1695128301902 403.6665954589844 1030
1695128302212 411.3472595214844 1031
1695128302524 377.73516845703125 1032
1695128302837 407.19488525390625 1033
1695128303148 423.00482177734375 1034
1695128303458 398.1650390625 1035
1695128303770 406.1617431640625 1036
1695128304082 399.89605712890625 1037
1695128304393 415.05615234375 1038
1695128304703 400.793701171875 1039
1695128305014 401.392333984375 1040
1695128305324 453.58447265625 1041
1695128305636 379.15570068359375 1042
1695128305947 397.30865478515625 1043
1695128306258 405.12353515625 1044
1695128306571 416.27484130859375 1045
1695128306882 418.3438415527344 1046
1695128307192 403.0954284667969 1047
1695128307502 415.15887451171875 1048
1695128307813 402.078857421875 1049
1695128308123 439.5120849609375 1050
1695128308436 389.825927734375 1051
1695128308746 413.6648864746094 1052
1695128309058 390.30169677734375 1053
1695128309372 398.827392578125 1054
1695128309683 412.2401123046875 1055
1695128309993 404.4362487792969 1056
1695128310312 394.4071044921875 1057
1695128310626 389.2652282714844 1058
1695128310936 381.99658203125 1059
1695128311250 435.79449462890625 1060
1695128311565 382.8753662109375 1061
1695128311876 386.00506591796875 1062
1695128312189 402.31976318359375 1063
1695128312499 443.75933837890625 1064
1695128312808 402.34326171875 1065
1695128313117 395.69207763671875 1066
1695128313430 402.4062194824219 1067
1695128313740 399.82183837890625 1068
1695128314052 401.79449462890625 1069
1695128314364 376.5727844238281 1070
1695128314675 402.1336975097656 1071
1695128314988 375.8693542480469 1072
1695128315298 400.8455505371094 1073
1695128315607 370.68914794921875 1074
1695128315922 405.09002685546875 1075
1695128316234 419.9473876953125 1076
1695128316547 412.7519226074219 1077
1695128316859 412.78839111328125 1078
1695128317172 387.392822265625 1079
1695128317483 373.5867919921875 1080
1695128317793 376.4460144042969 1081
1695128318104 403.77130126953125 1082
1695128318413 404.46221923828125 1083
1695128318724 386.8569641113281 1084
1695128319034 407.8100280761719 1085
1695128319346 382.54119873046875 1086
1695128319654 391.26031494140625 1087
1695128319963 412.3576965332031 1088
1695128320282 388.1361083984375 1089
1695128320596 388.67529296875 1090
1695128320904 383.5517578125 1091
1695128321214 406.1777648925781 1092
1695128321524 387.07476806640625 1093
1695128321835 453.246826171875 1094
1695128322145 394.6998291015625 1095
1695128322457 396.88702392578125 1096
1695128322765 392.51800537109375 1097
1695128323074 366.95538330078125 1098
1695128323384 401.54327392578125 1099
1695128323696 381.3275146484375 1100
1695128327346 376.1559753417969 1101
1695128327669 384.9229431152344 1102
1695128328001 380.618896484375 1103
1695128328318 368.570556640625 1104
1695128328640 418.48065185546875 1105
1695128328979 378.72998046875 1106
1695128329319 355.2716369628906 1107
1695128329669 431.2864074707031 1108
1695128330008 362.4691162109375 1109
1695128330351 385.66351318359375 1110
1695128330662 414.79119873046875 1111
1695128330980 402.50616455078125 1112
1695128331307 398.1911315917969 1113
1695128331622 382.6927490234375 1114
1695128331937 390.7958068847656 1115
1695128332250 394.2772216796875 1116
1695128332565 395.4368896484375 1117
1695128332877 391.3589172363281 1118
1695128333189 406.74798583984375 1119
1695128333501 396.8034973144531 1120
1695128333811 415.3974914550781 1121
1695128334120 393.4207763671875 1122
1695128334429 367.2730712890625 1123
1695128334742 402.9759521484375 1124
1695128335052 369.8035888671875 1125
1695128335363 390.935791015625 1126
1695128335675 402.8946228027344 1127
1695128335986 403.0916748046875 1128
1695128336296 383.14398193359375 1129
1695128336608 383.7628479003906 1130
1695128336920 391.9050598144531 1131
1695128337234 367.36285400390625 1132
1695128337546 428.21087646484375 1133
1695128337857 398.0820617675781 1134
1695128338166 390.93206787109375 1135
1695128338478 432.7537841796875 1136
1695128338824 423.0713195800781 1137
1695128339150 466.44317626953125 1138
1695128339463 370.97119140625 1139
1695128339796 384.0667724609375 1140
1695128340117 428.2642822265625 1141
1695128340429 378.53631591796875 1142
1695128340741 382.71417236328125 1143
1695128341050 399.58184814453125 1144
1695128341374 404.316650390625 1145
1695128341702 408.4586181640625 1146
1695128342013 368.69927978515625 1147
1695128342322 401.3190612792969 1148
1695128342637 381.77294921875 1149
1695128342947 397.1209411621094 1150
1695128343258 361.69708251953125 1151
1695128343572 404.65728759765625 1152
1695128343883 394.86419677734375 1153
1695128344194 379.34173583984375 1154
1695128344505 379.50823974609375 1155
1695128344817 377.3971252441406 1156
1695128345128 392.44757080078125 1157
1695128345438 391.3917236328125 1158
1695128345747 361.78375244140625 1159
1695128346057 394.3694763183594 1160
1695128346368 377.18206787109375 1161
1695128346681 379.9962158203125 1162
1695128346990 398.49615478515625 1163
1695128347302 377.55938720703125 1164
1695128347613 377.7667236328125 1165
1695128347925 382.6456604003906 1166
1695128348238 384.9100036621094 1167
1695128348551 390.11297607421875 1168
1695128348866 408.70831298828125 1169
1695128349180 358.5729675292969 1170
1695128349493 372.0859375 1171
1695128349806 401.2859191894531 1172
1695128350116 426.79931640625 1173
1695128350427 374.68231201171875 1174
1695128350754 366.8919372558594 1175
1695128351099 399.3499450683594 1176
1695128351414 382.15557861328125 1177
1695128351724 393.1407165527344 1178
1695128352038 391.1890869140625 1179
1695128352352 398.23248291015625 1180
1695128352669 388.552490234375 1181
1695128352983 408.3802490234375 1182
1695128353293 387.3642578125 1183
1695128353603 375.16668701171875 1184
1695128353920 363.5765686035156 1185
1695128354231 383.0700378417969 1186
1695128354546 400.316162109375 1187
1695128354856 396.08270263671875 1188
1695128355173 397.9764404296875 1189
1695128355486 349.67120361328125 1190
1695128355801 385.40728759765625 1191
1695128356111 381.2249755859375 1192
1695128356422 388.97442626953125 1193
1695128356733 375.2333984375 1194
1695128357042 410.32977294921875 1195
1695128357352 386.4640197753906 1196
1695128357664 368.63336181640625 1197
1695128357979 388.3092956542969 1198
1695128358289 383.7816162109375 1199
1695128358599 388.30694580078125 1200
1695128362227 399.4136962890625 1201
1695128362536 377.245849609375 1202
1695128362846 399.50091552734375 1203
1695128363159 381.31439208984375 1204
1695128363471 399.19989013671875 1205
1695128363782 364.2586669921875 1206
1695128364093 397.38665771484375 1207
1695128364404 378.74285888671875 1208
1695128364715 392.48974609375 1209
1695128365030 414.52374267578125 1210
1695128365342 393.0074462890625 1211
1695128365651 396.36553955078125 1212
1695128365968 389.14337158203125 1213
1695128366281 396.8696594238281 1214
1695128366596 382.5223388671875 1215
1695128366907 378.9837341308594 1216
1695128367222 431.1256408691406 1217
1695128367532 363.6289978027344 1218
1695128367844 371.1999816894531 1219
1695128368153 334.537353515625 1220
1695128368463 387.622802734375 1221
1695128368772 373.1634521484375 1222
1695128369083 364.6187744140625 1223
1695128369393 384.1383056640625 1224
1695128369706 380.74896240234375 1225
1695128370020 396.48724365234375 1226
1695128370332 405.2166748046875 1227
1695128370646 368.51763916015625 1228
1695128370957 386.0291442871094 1229
1695128371268 397.77783203125 1230
1695128371579 372.2034606933594 1231
1695128371891 417.56640625 1232
1695128372202 388.14630126953125 1233
1695128372514 363.512939453125 1234
1695128372823 375.8044738769531 1235
1695128373135 388.787353515625 1236
1695128373446 399.6317443847656 1237
1695128373757 434.1439208984375 1238
1695128374066 408.1752624511719 1239
1695128374376 385.50006103515625 1240
1695128374693 382.09124755859375 1241
1695128375009 379.79388427734375 1242
1695128375321 359.5706787109375 1243
1695128375636 373.36395263671875 1244
1695128375947 394.30926513671875 1245
1695128376261 391.46624755859375 1246
1695128376574 377.2045593261719 1247
1695128376886 384.30712890625 1248
1695128377197 382.75677490234375 1249
1695128377511 372.70159912109375 1250
1695128377822 401.93280029296875 1251
1695128378136 381.89471435546875 1252
1695128378449 390.2516174316406 1253
1695128378759 395.786376953125 1254
1695128379070 361.6325378417969 1255
1695128379381 405.19677734375 1256
1695128379694 357.23004150390625 1257
1695128380004 382.788330078125 1258
1695128380312 378.83575439453125 1259
1695128380623 402.9707946777344 1260
1695128380938 382.72137451171875 1261
1695128381250 405.7671203613281 1262
1695128381559 412.99700927734375 1263
1695128381869 374.260498046875 1264
1695128382178 373.7603759765625 1265
1695128382489 407.3241882324219 1266
1695128382799 390.63153076171875 1267
1695128383128 387.03656005859375 1268
1695128383468 379.3920593261719 1269
1695128383801 389.365478515625 1270
1695128384115 374.05413818359375 1271
1695128384441 362.6962890625 1272
1695128384771 383.33489990234375 1273
1695128385094 380.8821716308594 1274
1695128385412 380.4844055175781 1275
1695128385736 397.4121398925781 1276
1695128386087 356.37908935546875 1277
1695128386446 399.5414733886719 1278
1695128386788 409.9831848144531 1279
1695128387127 376.0916748046875 1280
1695128387478 373.4877624511719 1281
1695128387818 359.4674072265625 1282
1695128388156 371.6455078125 1283
1695128388488 372.3414611816406 1284
1695128388821 380.8012390136719 1285
1695128389144 352.65185546875 1286
1695128389454 362.5997314453125 1287
1695128389767 379.76385498046875 1288
1695128390080 399.6430969238281 1289
1695128390391 388.3238830566406 1290
1695128390709 364.46649169921875 1291
1695128391020 368.81884765625 1292
1695128391333 357.63446044921875 1293
1695128391646 384.8047790527344 1294
1695128391956 390.25213623046875 1295
1695128392267 368.8040771484375 1296
1695128392578 359.1875 1297
1695128392888 403.0408935546875 1298
1695128393197 390.78460693359375 1299
1695128393510 373.5157165527344 1300
1695128397338 389.9306640625 1301
1695128397681 361.287353515625 1302
1695128398024 363.6394348144531 1303
1695128398370 382.04180908203125 1304
1695128398707 381.8056640625 1305
1695128399025 362.4911193847656 1306
1695128399344 378.6180114746094 1307
1695128399675 409.39404296875 1308
1695128399991 395.887939453125 1309
1695128400313 356.6543884277344 1310
1695128400629 411.8662109375 1311
1695128400956 381.4997253417969 1312
1695128401277 368.5787658691406 1313
1695128401593 376.96588134765625 1314
1695128401909 379.98260498046875 1315
1695128402225 371.7706298828125 1316
1695128402536 369.4051208496094 1317
1695128402851 369.36468505859375 1318
1695128403166 387.5255432128906 1319
1695128403478 363.5062561035156 1320
1695128403794 406.13836669921875 1321
1695128404108 368.1632080078125 1322
1695128404424 374.862548828125 1323
1695128404740 378.04345703125 1324
1695128405055 371.40618896484375 1325
1695128405374 379.9898986816406 1326
1695128405697 401.7393798828125 1327
1695128406019 375.80877685546875 1328
1695128406334 357.79034423828125 1329
1695128406649 384.5471496582031 1330
1695128406964 371.7505798339844 1331
1695128407279 422.2397155761719 1332
1695128407592 365.4427795410156 1333
1695128407912 372.2546081542969 1334
1695128408226 378.158935546875 1335
1695128408538 388.0108642578125 1336
1695128408865 381.86883544921875 1337
1695128409190 357.7713623046875 1338
1695128409513 377.0865478515625 1339
1695128409834 379.6233215332031 1340
1695128410151 373.7967529296875 1341
1695128410469 379.6997375488281 1342
1695128410793 358.26983642578125 1343
1695128411114 369.29364013671875 1344
1695128411426 390.4901123046875 1345
1695128411740 383.13604736328125 1346
1695128412055 385.4208068847656 1347
1695128412368 405.3902282714844 1348
1695128412682 359.51983642578125 1349
1695128412998 370.4114990234375 1350
1695128413310 384.4111328125 1351
1695128413632 415.5992736816406 1352
1695128413950 364.33746337890625 1353
1695128414262 381.12939453125 1354
1695128414585 384.3074951171875 1355
1695128414906 380.2702941894531 1356
1695128415220 350.75616455078125 1357
1695128415534 395.0924072265625 1358
1695128415855 385.0850830078125 1359
1695128416169 378.9613037109375 1360
1695128416489 373.714111328125 1361
1695128416802 392.08660888671875 1362
1695128417116 361.4295349121094 1363
1695128417431 361.09747314453125 1364
1695128417750 388.03680419921875 1365
1695128418065 374.8085632324219 1366
1695128418383 378.7583312988281 1367
1695128418695 395.9615783691406 1368
1695128419011 387.48126220703125 1369
1695128419323 382.5234375 1370
1695128419638 373.7348937988281 1371
1695128419954 354.0492858886719 1372
1695128420265 364.82562255859375 1373
1695128420581 360.08270263671875 1374
1695128420895 377.28375244140625 1375
1695128421210 382.78265380859375 1376
1695128421523 375.9436950683594 1377
1695128421842 380.1368408203125 1378
1695128422185 384.2361755371094 1379
1695128422516 400.6092529296875 1380
1695128422849 387.157958984375 1381
1695128423169 382.0445861816406 1382
1695128423483 361.8681640625 1383
1695128423818 391.0235900878906 1384
1695128424155 365.4194030761719 1385
1695128424483 416.4249267578125 1386
1695128424814 360.8588562011719 1387
1695128425132 404.8395690917969 1388
1695128425470 385.4451904296875 1389
1695128425797 404.4910888671875 1390
1695128426131 389.4554443359375 1391
1695128426493 381.64666748046875 1392
1695128426813 374.8748779296875 1393
1695128427127 359.93157958984375 1394
1695128427453 366.439208984375 1395
1695128427781 356.70343017578125 1396
1695128428103 384.63555908203125 1397
1695128428424 392.2238464355469 1398
1695128428754 348.93438720703125 1399
1695128429079 370.33465576171875 1400
1695128433060 353.1712646484375 1401
1695128433378 359.29559326171875 1402
1695128433701 381.5860595703125 1403
1695128434036 375.4617614746094 1404
1695128434352 379.2044982910156 1405
1695128434687 384.5946044921875 1406
1695128435008 354.13427734375 1407
1695128435355 397.17315673828125 1408
1695128435698 377.02764892578125 1409
