1695128623188 1930.4617919921875 0
1695128627103 1883.511474609375 1
1695128627418 1826.7039794921875 2
1695128627734 1777.2584228515625 3
1695128628048 1705.1458740234375 4
1695128628376 1655.6348876953125 5
1695128628731 1651.6590576171875 6
1695128629059 1644.826904296875 7
1695128629394 1620.9029541015625 8
1695128629716 1547.24755859375 9
1695128630036 1366.34912109375 10
1695128630351 1306.6878662109375 11
1695128630684 1234.6746826171875 12
1695128631032 1271.0592041015625 13
1695128631377 1192.68603515625 14
1695128631699 1125.14208984375 15
1695128632011 1107.4573974609375 16
1695128632369 979.5911865234375 17
1695128632710 996.4281005859375 18
1695128633053 980.35791015625 19
1695128633382 999.9952392578125 20
1695128633710 985.775390625 21
1695128634029 944.21435546875 22
1695128634351 951.5358276367188 23
1695128634678 983.0660400390625 24
1695128635018 899.3423461914062 25
1695128635345 892.4091186523438 26
1695128635681 914.1990356445312 27
1695128636021 906.1373291015625 28
1695128636338 856.7490234375 29
1695128636678 841.1943969726562 30
1695128636991 834.884765625 31
1695128637327 812.8013916015625 32
1695128637648 809.7018432617188 33
1695128637959 803.061279296875 34
1695128638290 797.4813232421875 35
1695128638601 812.258056640625 36
1695128638924 757.3937377929688 37
1695128639261 754.8468017578125 38
1695128639589 781.6778564453125 39
1695128639900 772.9778442382812 40
1695128640229 763.97509765625 41
1695128640546 765.7140502929688 42
1695128640873 751.1865234375 43
1695128641197 803.80419921875 44
1695128641520 744.335693359375 45
1695128641856 733.3482666015625 46
1695128642177 705.130615234375 47
1695128642533 723.1925659179688 48
1695128642864 681.10302734375 49
1695128643180 686.2889404296875 50
1695128643508 676.3206787109375 51
1695128643827 639.7832641601562 52
1695128644144 663.88671875 53
1695128644463 636.5623168945312 54
1695128644776 652.7926025390625 55
1695128645089 601.2057495117188 56
1695128645421 624.7906494140625 57
1695128645742 617.7822265625 58
1695128646076 631.7871704101562 59
1695128646415 570.4781494140625 60
1695128646748 610.14404296875 61
1695128647061 604.1842651367188 62
1695128647394 614.5977172851562 63
1695128647732 575.3016967773438 64
1695128648047 628.5460205078125 65
1695128648358 598.3641967773438 66
1695128648669 575.8277587890625 67
1695128649009 590.5559692382812 68
1695128649325 573.9763793945312 69
1695128649642 544.1492919921875 70
1695128649960 527.667724609375 71
1695128650281 564.7216796875 72
1695128650598 528.3847045898438 73
1695128650922 544.521484375 74
1695128651243 500.4668884277344 75
1695128651556 498.81085205078125 76
1695128651872 537.911376953125 77
1695128652185 506.0330810546875 78
1695128652507 565.989013671875 79
1695128652822 545.47119140625 80
1695128653135 512.564208984375 81
1695128653449 487.16107177734375 82
1695128653767 484.50823974609375 83
1695128654080 473.06170654296875 84
1695128654398 494.1925048828125 85
1695128654710 469.28118896484375 86
1695128655029 546.0048828125 87
1695128655344 511.8308410644531 88
1695128655658 462.9244689941406 89
1695128655979 471.7729187011719 90
1695128656294 481.10260009765625 91
1695128656609 480.3753662109375 92
1695128656929 456.81732177734375 93
1695128657250 443.1626892089844 94
1695128657563 457.62249755859375 95
1695128657882 480.79217529296875 96
1695128658196 493.0615539550781 97
1695128658511 436.97088623046875 98
1695128658830 481.131591796875 99
1695128659146 461.5256042480469 100
1695128662953 483.88116455078125 101
1695128663270 441.1880798339844 102
1695128663591 431.14898681640625 103
1695128663930 439.2650146484375 104
1695128664258 428.04168701171875 105
1695128664569 437.44976806640625 106
1695128664887 463.71453857421875 107
1695128665221 418.578369140625 108
1695128665557 455.86138916015625 109
1695128665899 436.82550048828125 110
1695128666241 497.0802001953125 111
1695128666591 490.44158935546875 112
1695128666906 442.62542724609375 113
1695128667218 444.6658935546875 114
1695128667527 447.4446105957031 115
1695128667840 422.19439697265625 116
1695128668154 423.394775390625 117
1695128668469 437.95849609375 118
1695128668802 445.37109375 119
1695128669111 413.89715576171875 120
1695128669421 429.75897216796875 121
1695128669756 463.936279296875 122
1695128670073 451.3511657714844 123
1695128670390 468.429443359375 124
1695128670708 410.0282897949219 125
1695128671025 411.375 126
1695128671338 420.6976318359375 127
1695128671679 383.02301025390625 128
1695128672010 376.3577575683594 129
1695128672327 371.9471435546875 130
1695128672638 405.1172790527344 131
1695128672949 386.6072998046875 132
1695128673262 390.03466796875 133
1695128673576 431.10882568359375 134
1695128673886 357.7552490234375 135
1695128674196 402.1829833984375 136
1695128674509 384.77203369140625 137
1695128674819 356.27239990234375 138
1695128675128 384.5669860839844 139
1695128675437 406.25390625 140
1695128675746 445.0396728515625 141
1695128676056 368.0244140625 142
1695128676374 367.52349853515625 143
1695128676684 410.35760498046875 144
1695128676994 382.743408203125 145
1695128677304 336.240478515625 146
1695128677614 371.6861877441406 147
1695128677947 376.774169921875 148
1695128678262 363.625 149
1695128678574 363.7189025878906 150
1695128678885 352.4368896484375 151
1695128679196 351.87310791015625 152
1695128679507 396.8899230957031 153
1695128679821 357.2923583984375 154
1695128680131 361.37042236328125 155
1695128680444 357.0308532714844 156
1695128680789 377.1353759765625 157
1695128681112 362.57830810546875 158
1695128681441 374.56951904296875 159
1695128681752 365.64215087890625 160
1695128682064 334.586181640625 161
1695128682401 358.79443359375 162
1695128682724 332.70166015625 163
1695128683063 360.5262451171875 164
1695128683385 373.33612060546875 165
1695128683732 343.764892578125 166
1695128684075 327.62884521484375 167
1695128684423 317.59210205078125 168
1695128684768 320.05853271484375 169
1695128685105 337.58990478515625 170
1695128685415 354.5380554199219 171
1695128685735 327.66552734375 172
1695128686044 341.5950927734375 173
1695128686356 370.5025939941406 174
1695128686671 327.92120361328125 175
1695128686981 324.714111328125 176
1695128687293 340.3182373046875 177
1695128687630 317.1259460449219 178
1695128687963 354.685791015625 179
1695128688278 324.847900390625 180
1695128688588 342.0228271484375 181
1695128688900 330.95819091796875 182
1695128689216 315.51409912109375 183
1695128689525 315.50994873046875 184
1695128689869 309.01092529296875 185
1695128690215 337.58148193359375 186
1695128690531 328.30230712890625 187
1695128690842 340.44940185546875 188
1695128691153 324.5885925292969 189
1695128691464 332.2066345214844 190
1695128691794 327.2212219238281 191
1695128692130 322.40936279296875 192
1695128692453 304.09002685546875 193
1695128692768 335.2641296386719 194
1695128693084 337.47625732421875 195
1695128693399 391.2679138183594 196
1695128693713 318.55584716796875 197
1695128694028 325.86163330078125 198
1695128694343 363.79510498046875 199
1695128694656 371.4693603515625 200
1695128698494 316.8865661621094 201
1695128698814 293.06341552734375 202
1695128699134 306.33941650390625 203
1695128699487 301.3826904296875 204
1695128699823 353.87322998046875 205
1695128700149 317.9373779296875 206
1695128700499 315.4698181152344 207
1695128700843 317.34783935546875 208
1695128701192 336.2145080566406 209
1695128701531 337.6152038574219 210
1695128701878 306.07000732421875 211
1695128702207 315.8394775390625 212
1695128702539 313.5125427246094 213
1695128702857 315.31243896484375 214
1695128703170 294.597412109375 215
1695128703483 334.48211669921875 216
1695128703796 306.66217041015625 217
1695128704107 354.94573974609375 218
1695128704430 298.49041748046875 219
1695128704762 314.4398193359375 220
1695128705074 302.5269775390625 221
1695128705392 308.955078125 222
1695128705703 285.79986572265625 223
1695128706016 306.3481750488281 224
1695128706362 300.3846740722656 225
1695128706684 288.166259765625 226
1695128707004 313.78033447265625 227
1695128707323 321.89959716796875 228
1695128707638 299.6107482910156 229
1695128707954 298.0821838378906 230
1695128708271 287.06060791015625 231
1695128708585 334.4649658203125 232
1695128708904 315.798095703125 233
1695128709221 316.9664001464844 234
1695128709536 276.2035827636719 235
1695128709853 272.9317626953125 236
1695128710171 276.32183837890625 237
1695128710490 317.1114196777344 238
1695128710807 291.6788024902344 239
1695128711123 300.05010986328125 240
1695128711440 290.8934326171875 241
1695128711754 297.0802307128906 242
1695128712067 309.1129455566406 243
1695128712385 292.95794677734375 244
1695128712700 284.212646484375 245
1695128713017 270.74786376953125 246
1695128713332 281.8894348144531 247
1695128713647 275.7310485839844 248
1695128713967 282.0263977050781 249
1695128714286 297.66839599609375 250
1695128714604 284.7433166503906 251
1695128714921 297.29827880859375 252
1695128715239 295.1482849121094 253
1695128715552 275.83624267578125 254
1695128715869 274.9608154296875 255
1695128716182 296.9232177734375 256
1695128716498 267.7070007324219 257
1695128716814 343.24395751953125 258
1695128717129 260.448974609375 259
1695128717444 258.3752136230469 260
1695128717759 300.2580871582031 261
1695128718071 298.28448486328125 262
1695128718388 313.28216552734375 263
1695128718700 276.7877197265625 264
1695128719017 278.57366943359375 265
1695128719334 305.1324462890625 266
1695128719649 260.28900146484375 267
1695128719964 260.980224609375 268
1695128720281 260.0176696777344 269
1695128720596 276.47601318359375 270
1695128720915 297.46429443359375 271
1695128721227 279.62835693359375 272
1695128721548 278.34686279296875 273
1695128721865 266.404541015625 274
1695128722180 261.96466064453125 275
1695128722496 286.464111328125 276
1695128722814 266.97503662109375 277
1695128723130 257.3425598144531 278
1695128723444 264.1319580078125 279
1695128723763 294.06640625 280
1695128724077 273.0083923339844 281
1695128724394 266.9912109375 282
1695128724706 254.694091796875 283
1695128725024 268.1321105957031 284
1695128725340 300.6402587890625 285
1695128725655 276.0146789550781 286
1695128725970 275.3115234375 287
1695128726287 244.74383544921875 288
1695128726632 298.87396240234375 289
1695128726974 278.8359069824219 290
1695128727313 287.9380798339844 291
1695128727638 275.7248229980469 292
1695128727960 276.71478271484375 293
1695128728288 310.41363525390625 294
1695128728616 268.01568603515625 295
1695128728968 249.61131286621094 296
1695128729329 246.43702697753906 297
1695128729674 257.7488708496094 298
1695128730011 263.33941650390625 299
1695128730361 272.6186828613281 300
1695128734091 269.1534423828125 301
1695128734407 297.0938720703125 302
1695128734721 251.77584838867188 303
1695128735034 262.28460693359375 304
1695128735353 253.13026428222656 305
1695128735672 306.1498107910156 306
1695128735984 274.5218505859375 307
1695128736298 282.08599853515625 308
1695128736614 249.7485809326172 309
1695128736940 282.7937316894531 310
1695128737258 276.7769470214844 311
1695128737582 268.55169677734375 312
1695128737927 249.1590576171875 313
1695128738261 248.65341186523438 314
1695128738600 251.21435546875 315
1695128738916 280.72589111328125 316
1695128739233 258.0979919433594 317
1695128739545 255.1870880126953 318
1695128739857 239.6532440185547 319
1695128740177 251.4115753173828 320
1695128740500 276.68096923828125 321
1695128740835 256.60546875 322
1695128741163 250.94635009765625 323
1695128741489 268.95196533203125 324
1695128741814 249.67608642578125 325
1695128742143 255.5688018798828 326
1695128742466 275.71795654296875 327
1695128742787 237.20042419433594 328
1695128743116 256.7492980957031 329
1695128743442 268.21429443359375 330
1695128743754 255.23423767089844 331
1695128744082 258.2503356933594 332
1695128744392 251.69580078125 333
1695128744703 249.03651428222656 334
1695128745021 263.95001220703125 335
1695128745336 232.90882873535156 336
1695128745647 243.55628967285156 337
1695128745959 241.94650268554688 338
1695128746289 266.2095031738281 339
1695128746602 262.5293273925781 340
1695128746912 232.5932159423828 341
1695128747237 238.275634765625 342
1695128747561 262.4879455566406 343
1695128747879 236.20169067382812 344
1695128748221 252.21044921875 345
1695128748532 231.22000122070312 346
1695128748862 250.9329071044922 347
1695128749172 244.32797241210938 348
1695128749484 287.7354736328125 349
1695128749793 266.8554992675781 350
1695128750101 236.95751953125 351
1695128750410 236.14744567871094 352
1695128750719 232.91842651367188 353
1695128751029 238.67257690429688 354
1695128751340 265.71856689453125 355
1695128751651 244.46359252929688 356
1695128751961 225.09286499023438 357
1695128752271 258.09588623046875 358
1695128752581 257.66424560546875 359
1695128752890 271.6444091796875 360
1695128753200 228.4351043701172 361
1695128753517 278.9005432128906 362
1695128753851 237.50067138671875 363
1695128754162 230.73880004882812 364
1695128754472 239.24957275390625 365
1695128754781 242.93568420410156 366
1695128755092 243.5391082763672 367
1695128755411 259.38006591796875 368
1695128755746 229.1058807373047 369
1695128756056 249.1511993408203 370
1695128756367 211.53610229492188 371
1695128756678 247.119384765625 372
1695128756995 224.05735778808594 373
1695128757324 237.34133911132812 374
1695128757640 232.01834106445312 375
1695128757952 239.770263671875 376
1695128758263 233.8324737548828 377
1695128758574 217.31674194335938 378
1695128758883 235.95033264160156 379
1695128759194 239.74888610839844 380
1695128759503 226.41387939453125 381
1695128759856 233.66433715820312 382
1695128760192 254.48928833007812 383
1695128760513 231.4120330810547 384
1695128760835 231.25750732421875 385
1695128761149 231.94805908203125 386
1695128761483 260.7053527832031 387
1695128761828 237.56768798828125 388
1695128762173 234.4576873779297 389
1695128762497 248.57464599609375 390
1695128762829 217.31991577148438 391
1695128763160 231.98934936523438 392
1695128763499 233.49002075195312 393
1695128763836 229.7064208984375 394
1695128764177 232.86859130859375 395
1695128764490 238.71340942382812 396
1695128764803 229.92323303222656 397
1695128765113 234.88958740234375 398
1695128765424 237.29318237304688 399
1695128765738 242.29637145996094 400
1695128769352 228.71273803710938 401
1695128769663 215.41607666015625 402
1695128769973 230.78048706054688 403
1695128770286 211.90855407714844 404
1695128770599 232.6688232421875 405
1695128770909 234.49795532226562 406
1695128771225 215.62429809570312 407
1695128771535 241.26475524902344 408
1695128771844 228.44137573242188 409
1695128772171 246.16354370117188 410
1695128772513 218.47982788085938 411
1695128772849 235.21942138671875 412
1695128773175 237.1798095703125 413
1695128773496 233.54835510253906 414
1695128773810 263.02337646484375 415
1695128774120 214.12179565429688 416
1695128774433 250.9403076171875 417
1695128774743 242.806640625 418
1695128775057 232.1167755126953 419
1695128775368 231.84564208984375 420
1695128775682 215.28033447265625 421
1695128775991 222.60269165039062 422
1695128776305 245.00503540039062 423
1695128776647 233.5945587158203 424
1695128776987 229.4124755859375 425
1695128777328 225.73858642578125 426
1695128777643 250.715576171875 427
1695128777959 197.82115173339844 428
1695128778277 205.8301239013672 429
1695128778593 222.8947296142578 430
1695128778909 212.85565185546875 431
1695128779219 251.45603942871094 432
1695128779534 208.61680603027344 433
1695128779845 225.42892456054688 434
1695128780163 218.2285614013672 435
1695128780473 238.92422485351562 436
1695128780785 218.9365234375 437
1695128781097 224.24783325195312 438
1695128781410 210.42356872558594 439
1695128781751 229.40028381347656 440
1695128782099 222.24673461914062 441
1695128782415 214.2628173828125 442
1695128782737 229.57183837890625 443
1695128783082 212.54769897460938 444
1695128783438 251.00033569335938 445
1695128783765 208.92800903320312 446
1695128784080 214.57046508789062 447
1695128784393 242.1728515625 448
1695128784708 208.77178955078125 449
1695128785020 200.18917846679688 450
1695128785334 219.413330078125 451
1695128785654 243.57382202148438 452
1695128785969 199.36727905273438 453
1695128786287 213.65931701660156 454
1695128786611 223.67071533203125 455
1695128786925 200.9161376953125 456
1695128787245 216.31143188476562 457
1695128787559 227.16213989257812 458
1695128787875 222.86781311035156 459
1695128788202 201.1197509765625 460
1695128788525 205.6754150390625 461
1695128788839 238.275390625 462
1695128789157 204.00131225585938 463
1695128789480 197.64678955078125 464
1695128789803 209.7003173828125 465
1695128790127 204.80972290039062 466
1695128790445 203.2259521484375 467
1695128790764 218.61203002929688 468
1695128791092 222.0545654296875 469
1695128791429 231.43069458007812 470
1695128791747 222.74008178710938 471
1695128792066 208.869384765625 472
1695128792384 201.30824279785156 473
1695128792723 225.11965942382812 474
1695128793047 218.6564483642578 475
1695128793366 212.84133911132812 476
1695128793687 195.7327880859375 477
1695128794011 220.91017150878906 478
1695128794329 213.51797485351562 479
1695128794646 208.90203857421875 480
1695128794970 219.20144653320312 481
1695128795297 217.1537628173828 482
1695128795622 214.1399688720703 483
1695128795942 221.9761199951172 484
1695128796262 257.96539306640625 485
1695128796590 221.47274780273438 486
1695128796911 208.55215454101562 487
1695128797243 228.83363342285156 488
1695128797565 210.03135681152344 489
1695128797917 200.80789184570312 490
1695128798265 201.0001983642578 491
1695128798587 211.95712280273438 492
1695128798900 230.29824829101562 493
1695128799214 212.8514404296875 494
1695128799529 194.86761474609375 495
1695128799842 223.20147705078125 496
1695128800184 214.74990844726562 497
1695128800515 225.18136596679688 498
1695128800839 235.60888671875 499
1695128801148 200.085205078125 500
1695128805046 221.86651611328125 501
1695128805378 194.62393188476562 502
1695128805704 224.76243591308594 503
1695128806025 207.68923950195312 504
1695128806346 204.51589965820312 505
1695128806666 201.62249755859375 506
1695128806990 209.00180053710938 507
1695128807315 217.1581268310547 508
1695128807635 201.40032958984375 509
1695128807954 208.12713623046875 510
1695128808276 200.54530334472656 511
1695128808614 205.50283813476562 512
1695128808938 211.16119384765625 513
1695128809264 205.84039306640625 514
1695128809589 193.28640747070312 515
1695128809918 208.46749877929688 516
1695128810248 245.0596466064453 517
1695128810574 195.3860321044922 518
1695128810899 207.33731079101562 519
1695128811225 216.6067657470703 520
1695128811550 218.40907287597656 521
1695128811872 220.95748901367188 522
1695128812192 207.19747924804688 523
1695128812537 217.77621459960938 524
1695128812888 201.07867431640625 525
1695128813242 193.42868041992188 526
1695128813583 206.87234497070312 527
1695128813907 195.45364379882812 528
1695128814231 220.411865234375 529
1695128814551 231.6907501220703 530
1695128814879 195.4595947265625 531
1695128815232 187.96791076660156 532
1695128815568 205.2114715576172 533
1695128815885 206.0426025390625 534
1695128816215 195.05218505859375 535
1695128816542 213.69601440429688 536
1695128816882 212.15843200683594 537
1695128817227 212.69070434570312 538
1695128817540 210.38916015625 539
1695128817880 188.0717010498047 540
1695128818220 227.0712890625 541
1695128818569 201.7525177001953 542
1695128818915 204.08587646484375 543
1695128819262 201.16543579101562 544
1695128819571 205.17623901367188 545
1695128819883 207.49130249023438 546
1695128820208 194.31997680664062 547
1695128820530 201.65341186523438 548
1695128820848 194.81353759765625 549
1695128821165 213.86668395996094 550
1695128821515 219.12562561035156 551
1695128821845 201.40496826171875 552
1695128822198 205.46185302734375 553
1695128822533 191.87274169921875 554
1695128822853 198.38211059570312 555
1695128823164 204.33132934570312 556
1695128823475 202.39596557617188 557
1695128823789 209.17123413085938 558
1695128824103 201.08534240722656 559
1695128824417 202.78656005859375 560
1695128824731 196.20762634277344 561
1695128825047 205.87098693847656 562
1695128825381 200.69349670410156 563
1695128825703 195.72052001953125 564
1695128826038 205.70849609375 565
1695128826381 196.36306762695312 566
1695128826718 193.43807983398438 567
1695128827053 199.463623046875 568
1695128827400 199.7922821044922 569
1695128827721 195.73126220703125 570
1695128828048 215.2103729248047 571
1695128828364 196.2799835205078 572
1695128828692 178.44830322265625 573
1695128829003 194.54104614257812 574
1695128829313 228.17227172851562 575
1695128829628 204.3749542236328 576
1695128829947 214.40826416015625 577
1695128830276 194.85667419433594 578
1695128830609 191.5342254638672 579
1695128830950 202.6985321044922 580
1695128831269 200.25057983398438 581
1695128831579 209.423828125 582
1695128831891 207.43096923828125 583
1695128832201 188.3593292236328 584
1695128832511 218.20077514648438 585
1695128832835 209.60635375976562 586
1695128833166 198.0836944580078 587
1695128833485 198.399658203125 588
1695128833798 193.401611328125 589
1695128834115 188.70709228515625 590
1695128834430 222.12603759765625 591
1695128834746 201.1334228515625 592
1695128835064 177.68380737304688 593
1695128835383 197.4158935546875 594
1695128835695 185.86471557617188 595
1695128836012 192.8320770263672 596
1695128836324 181.49652099609375 597
1695128836638 182.27468872070312 598
1695128836953 199.47386169433594 599
1695128837267 207.6055145263672 600
1695128841159 216.48117065429688 601
1695128841506 187.48487854003906 602
1695128841845 211.7597198486328 603
1695128842193 204.12765502929688 604
1695128842548 188.9891357421875 605
1695128842890 187.35499572753906 606
1695128843230 192.80307006835938 607
1695128843540 200.92230224609375 608
1695128843868 183.43923950195312 609
1695128844188 197.1317138671875 610
1695128844506 185.42745971679688 611
1695128844829 190.10867309570312 612
1695128845158 189.97549438476562 613
1695128845477 179.47802734375 614
1695128845813 186.99298095703125 615
1695128846144 188.64785766601562 616
1695128846456 192.8310089111328 617
1695128846765 211.96701049804688 618
1695128847075 225.7406005859375 619
1695128847386 187.32894897460938 620
1695128847695 187.8463134765625 621
1695128848004 204.44393920898438 622
1695128848313 189.8683319091797 623
1695128848623 206.44085693359375 624
1695128848933 181.06301879882812 625
1695128849243 190.770751953125 626
1695128849553 199.26080322265625 627
1695128849862 184.44659423828125 628
1695128850171 205.27017211914062 629
1695128850482 204.87185668945312 630
1695128850791 189.61207580566406 631
1695128851104 207.24227905273438 632
1695128851413 227.19520568847656 633
1695128851723 181.5457000732422 634
1695128852036 180.30494689941406 635
1695128852347 199.44015502929688 636
1695128852664 204.93569946289062 637
1695128852983 219.31854248046875 638
1695128853297 187.40802001953125 639
1695128853609 189.54800415039062 640
1695128853919 186.7142333984375 641
1695128854228 190.2473907470703 642
1695128854538 182.27366638183594 643
1695128854847 209.6982879638672 644
1695128855156 183.8236846923828 645
1695128855466 191.49920654296875 646
1695128855775 185.56491088867188 647
1695128856086 176.81961059570312 648
1695128856395 171.62332153320312 649
1695128856706 188.53297424316406 650
1695128857020 195.7084503173828 651
1695128857329 195.99998474121094 652
1695128857641 188.968994140625 653
1695128857950 190.879638671875 654
1695128858262 181.16323852539062 655
1695128858573 180.5203857421875 656
1695128858883 178.90960693359375 657
1695128859194 196.02182006835938 658
1695128859505 195.76318359375 659
1695128859819 183.57899475097656 660
1695128860129 186.29896545410156 661
1695128860438 192.13075256347656 662
1695128860749 233.88153076171875 663
1695128861059 184.99041748046875 664
1695128861370 172.05117797851562 665
1695128861681 192.9195556640625 666
1695128861993 199.53863525390625 667
1695128862304 192.19403076171875 668
1695128862623 197.6527099609375 669
1695128862940 189.16226196289062 670
1695128863250 178.57009887695312 671
1695128863563 169.2510528564453 672
1695128863874 167.39453125 673
1695128864187 176.80807495117188 674
1695128864497 177.17669677734375 675
1695128864806 180.19970703125 676
1695128865117 194.6693115234375 677
1695128865427 176.9240264892578 678
1695128865737 201.98818969726562 679
1695128866046 179.88943481445312 680
1695128866357 189.6594696044922 681
1695128866668 176.5125732421875 682
1695128866981 189.54318237304688 683
1695128867291 196.85650634765625 684
1695128867604 188.58096313476562 685
1695128867917 180.5675506591797 686
1695128868228 187.98138427734375 687
1695128868537 174.6583251953125 688
1695128868848 185.85986328125 689
1695128869157 196.22332763671875 690
1695128869467 221.1813201904297 691
1695128869778 181.17684936523438 692
1695128870088 184.00083923339844 693
1695128870398 167.35525512695312 694
1695128870709 183.26449584960938 695
1695128871021 192.88330078125 696
1695128871331 169.5505828857422 697
1695128871641 194.57638549804688 698
1695128871953 197.37770080566406 699
1695128872264 182.63922119140625 700
1695128875975 187.7248992919922 701
1695128876284 171.9862823486328 702
1695128876595 204.57269287109375 703
1695128876904 184.5667724609375 704
1695128877218 175.4251708984375 705
1695128877528 173.02011108398438 706
1695128877838 191.59423828125 707
1695128878152 208.11892700195312 708
1695128878463 192.59600830078125 709
1695128878775 176.75375366210938 710
1695128879086 179.9522705078125 711
1695128879397 186.75262451171875 712
1695128879708 187.30819702148438 713
1695128880019 181.99652099609375 714
1695128880329 197.60755920410156 715
1695128880643 189.22589111328125 716
1695128880953 167.4250030517578 717
1695128881264 186.00730895996094 718
1695128881573 177.41616821289062 719
1695128881884 173.58206176757812 720
1695128882194 202.57400512695312 721
1695128882503 179.92030334472656 722
1695128882823 181.74630737304688 723
1695128883132 172.5406494140625 724
1695128883441 163.1669921875 725
1695128883750 184.20407104492188 726
1695128884058 190.23013305664062 727
1695128884367 186.34613037109375 728
1695128884676 184.70376586914062 729
1695128884985 160.7138671875 730
1695128885295 181.0979766845703 731
1695128885606 175.5771942138672 732
1695128885920 170.74623107910156 733
1695128886229 180.7635498046875 734
1695128886538 193.88168334960938 735
1695128886847 179.32435607910156 736
1695128887156 173.80499267578125 737
1695128887481 174.79122924804688 738
1695128887794 177.35362243652344 739
1695128888108 173.7939453125 740
1695128888424 187.92529296875 741
1695128888735 185.15281677246094 742
1695128889043 170.5283203125 743
1695128889376 181.24038696289062 744
1695128889686 171.44627380371094 745
1695128890014 160.13414001464844 746
1695128890330 171.8778076171875 747
1695128890640 185.8175506591797 748
1695128890980 183.14495849609375 749
1695128891301 161.67166137695312 750
1695128891616 175.3239288330078 751
1695128891930 180.41256713867188 752
1695128892240 192.82391357421875 753
1695128892552 180.8877716064453 754
1695128892893 190.12286376953125 755
1695128893203 167.72735595703125 756
1695128893514 184.8203125 757
1695128893824 170.15016174316406 758
1695128894137 184.37823486328125 759
1695128894450 196.29342651367188 760
1695128894761 171.6545867919922 761
1695128895074 175.53134155273438 762
1695128895382 160.4773712158203 763
1695128895692 167.69857788085938 764
1695128896004 173.56539916992188 765
1695128896316 163.54641723632812 766
1695128896629 173.2690887451172 767
1695128896938 184.51095581054688 768
1695128897248 169.42642211914062 769
1695128897561 173.34207153320312 770
1695128897873 185.07225036621094 771
1695128898184 175.6053466796875 772
1695128898494 194.03543090820312 773
1695128898806 176.10977172851562 774
1695128899118 180.81434631347656 775
1695128899428 169.1990509033203 776
1695128899738 173.94541931152344 777
1695128900048 169.0067138671875 778
1695128900361 163.71095275878906 779
1695128900672 182.66287231445312 780
1695128900983 188.944091796875 781
1695128901294 192.9552001953125 782
1695128901603 183.50401306152344 783
1695128901913 169.0340118408203 784
1695128902222 178.66714477539062 785
1695128902533 209.51266479492188 786
1695128902852 172.3380126953125 787
1695128903162 174.16946411132812 788
1695128903473 183.87860107421875 789
1695128903786 153.9131622314453 790
1695128904102 163.14959716796875 791
1695128904415 170.66595458984375 792
1695128904725 158.80487060546875 793
1695128905038 171.5493927001953 794
1695128905376 185.46424865722656 795
1695128905697 182.73519897460938 796
1695128906016 165.70425415039062 797
1695128906356 174.2825164794922 798
1695128906702 184.78341674804688 799
1695128907041 172.47265625 800
1695128911031 159.03665161132812 801
1695128911348 165.33563232421875 802
1695128911699 189.079833984375 803
1695128912055 176.45709228515625 804
1695128912405 185.26141357421875 805
1695128912741 176.8106231689453 806
1695128913085 173.04656982421875 807
1695128913404 174.69839477539062 808
1695128913715 155.74037170410156 809
1695128914051 169.16648864746094 810
1695128914399 163.06558227539062 811
1695128914742 185.50592041015625 812
1695128915088 177.21861267089844 813
1695128915417 184.1833038330078 814
1695128915728 162.68484497070312 815
1695128916062 170.792724609375 816
1695128916378 166.28614807128906 817
1695128916691 173.0579071044922 818
1695128917001 176.39019775390625 819
1695128917310 202.30897521972656 820
1695128917620 169.25555419921875 821
1695128917930 156.9904327392578 822
1695128918239 159.72100830078125 823
1695128918548 177.45513916015625 824
1695128918862 158.91380310058594 825
1695128919176 169.37078857421875 826
1695128919492 186.09271240234375 827
1695128919802 174.4117889404297 828
1695128920145 173.35525512695312 829
1695128920464 165.6581268310547 830
1695128920790 159.5601806640625 831
1695128921138 170.68011474609375 832
1695128921465 157.97996520996094 833
1695128921785 182.7799072265625 834
1695128922103 174.90585327148438 835
1695128922431 175.34295654296875 836
1695128922744 178.58340454101562 837
1695128923069 164.9848175048828 838
1695128923384 158.0352783203125 839
1695128923716 173.77301025390625 840
1695128924031 211.5770263671875 841
1695128924349 177.42221069335938 842
1695128924676 166.65887451171875 843
1695128924989 180.36709594726562 844
1695128925303 177.70623779296875 845
1695128925630 160.5457763671875 846
1695128925944 164.52435302734375 847
1695128926270 174.1188507080078 848
1695128926585 170.00216674804688 849
1695128926907 172.1039581298828 850
1695128927219 186.10498046875 851
1695128927530 167.50357055664062 852
1695128927841 166.99624633789062 853
1695128928154 180.33172607421875 854
1695128928468 176.8287353515625 855
1695128928780 159.13092041015625 856
1695128929094 174.20545959472656 857
1695128929406 176.79200744628906 858
1695128929735 167.6322784423828 859
1695128930061 158.44976806640625 860
1695128930374 189.61196899414062 861
1695128930690 186.17926025390625 862
1695128931005 177.56585693359375 863
1695128931320 173.2557373046875 864
1695128931643 173.56747436523438 865
1695128931967 163.32583618164062 866
1695128932287 164.68028259277344 867
1695128932601 170.30462646484375 868
1695128932953 183.88943481445312 869
1695128933294 179.28929138183594 870
1695128933615 177.02767944335938 871
1695128933957 180.07293701171875 872
1695128934288 158.3634796142578 873
1695128934625 158.2401885986328 874
1695128934978 164.7351531982422 875
1695128935319 185.4272918701172 876
