1695192035932 0.6968545317649841 0
1695192036425 0.7012791037559509 1
1695192036892 0.6542073488235474 2
1695192037335 0.6332501173019409 3
1695192037775 0.6097353100776672 4
1695192038208 0.5789493918418884 5
1695192038635 0.5724358558654785 6
1695192039051 0.5389963388442993 7
1695192039459 0.5200434923171997 8
1695192039874 0.5083985328674316 9
1695192040289 0.48162201046943665 10
1695192040697 0.47535619139671326 11
1695192041102 0.5078142285346985 12
1695192041511 0.4856933355331421 13
1695192041911 0.4414355456829071 14
1695192042304 0.41469791531562805 15
1695192042715 0.43851029872894287 16
1695192043116 0.4149266183376312 17
1695192043511 0.4010271430015564 18
1695192043912 0.4149891436100006 19
1695192044312 0.38329365849494934 20
1695192044710 0.392255574464798 21
1695192045106 0.37022146582603455 22
1695192045500 0.34943637251853943 23
1695192045895 0.31295663118362427 24
1695192046288 0.3529057800769806 25
1695192046684 0.35984984040260315 26
1695192047073 0.3378719985485077 27
1695192047466 0.3149867057800293 28
1695192047857 0.3648376762866974 29
1695192048247 0.32655587792396545 30
1695192048633 0.3692139983177185 31
1695192049020 0.3195642828941345 32
1695192049405 0.340069442987442 33
1695192049790 0.3064241409301758 34
1695192050174 0.3024407923221588 35
1695192050561 0.3290788531303406 36
1695192050959 0.3499668538570404 37
1695192051343 0.324716717004776 38
1695192051722 0.35380303859710693 39
1695192052108 0.3037227392196655 40
1695192052516 0.30304157733917236 41
1695192052900 0.29657942056655884 42
1695192053281 0.3732164800167084 43
1695192053663 0.37478673458099365 44
1695192054044 0.38288548588752747 45
1695192054423 0.30342286825180054 46
1695192054805 0.282094269990921 47
1695192055187 0.2679983675479889 48
1695192055567 0.29688069224357605 49
1695192055943 0.26364102959632874 50
1695192056331 0.2917817533016205 51
1695192056708 0.31224820017814636 52
1695192057098 0.2854146361351013 53
1695192057489 0.2826094627380371 54
1695192057867 0.25831958651542664 55
1695192058247 0.28739404678344727 56
1695192058625 0.2735402584075928 57
1695192059001 0.2742060124874115 58
1695192059378 0.28354954719543457 59
1695192059757 0.2954004108905792 60
1695192060136 0.2094554603099823 61
1695192060517 0.25964462757110596 62
1695192060903 0.24325865507125854 63
1695192061281 0.2737125754356384 64
1695192061660 0.2842891216278076 65
1695192062035 0.2871249318122864 66
1695192062412 0.261171817779541 67
1695192062787 0.24408379197120667 68
1695192063161 0.26313915848731995 69
1695192063547 0.239950492978096 70
1695192063927 0.25407564640045166 71
1695192064301 0.2336575835943222 72
1695192064678 0.26173830032348633 73
1695192065058 0.29386651515960693 74
1695192065436 0.28494471311569214 75
1695192065823 0.26801902055740356 76
1695192066199 0.2927863299846649 77
1695192066584 0.2546544075012207 78
1695192066959 0.22714225947856903 79
1695192067337 0.2837197482585907 80
1695192067715 0.2714993357658386 81
1695192068091 0.2943294942378998 82
1695192068483 0.23424787819385529 83
1695192068858 0.32518500089645386 84
1695192069234 0.3082912564277649 85
1695192069609 0.297006219625473 86
1695192069985 0.23314893245697021 87
1695192070360 0.25796306133270264 88
1695192070735 0.28793013095855713 89
1695192071110 0.22663936018943787 90
1695192071485 0.322989284992218 91
1695192071871 0.25075292587280273 92
1695192072246 0.2657565772533417 93
1695192072624 0.2749042809009552 94
1695192072998 0.2762677073478699 95
1695192073372 0.2541658878326416 96
1695192073749 0.20651014149188995 97
1695192074122 0.24103595316410065 98
1695192074495 0.24320641160011292 99
1695192074872 0.22017766535282135 100
1695192075247 0.29252302646636963 101
1695192075621 0.23527714610099792 102
1695192075996 0.22605299949645996 103
1695192076369 0.29109206795692444 104
1695192076752 0.2623296082019806 105
1695192077127 0.28654518723487854 106
1695192077514 0.24248585104942322 107
1695192077890 0.27801600098609924 108
1695192078268 0.2253955453634262 109
1695192078641 0.26643043756484985 110
1695192079016 0.2737480103969574 111
1695192079392 0.26095783710479736 112
1695192079766 0.2484605312347412 113
1695192080141 0.28295108675956726 114
1695192080516 0.2660377323627472 115
1695192080896 0.24032023549079895 116
1695192081282 0.2590784728527069 117
1695192081657 0.2184247374534607 118
1695192082034 0.27255237102508545 119
1695192082410 0.27829429507255554 120
1695192082786 0.20704706013202667 121
1695192083165 0.21264883875846863 122
1695192083543 0.17153021693229675 123
1695192083918 0.22626517713069916 124
1695192084294 0.2080880105495453 125
1695192084670 0.31551259756088257 126
1695192085046 0.29898399114608765 127
1695192085420 0.23178932070732117 128
1695192085798 0.25429219007492065 129
1695192086171 0.2590581178665161 130
1695192086547 0.2323586791753769 131
1695192086922 0.2664359211921692 132
1695192087298 0.21864652633666992 133
1695192087674 0.2434392273426056 134
1695192088048 0.3331829905509949 135
1695192088424 0.25076359510421753 136
1695192088804 0.20018352568149567 137
1695192089179 0.22652846574783325 138
1695192089551 0.29014840722084045 139
1695192089925 0.24063825607299805 140
1695192090298 0.19385971128940582 141
1695192090671 0.27468204498291016 142
1695192091053 0.22374200820922852 143
1695192091429 0.24253612756729126 144
1695192091803 0.19617775082588196 145
1695192092176 0.2593274712562561 146
1695192092559 0.24440118670463562 147
1695192092933 0.25972890853881836 148
1695192093308 0.25053781270980835 149
1695192093682 0.19454216957092285 150
1695192094058 0.25961098074913025 151
1695192094431 0.22710026800632477 152
1695192094805 0.2268562912940979 153
1695192095182 0.24492736160755157 154
1695192095556 0.3139582574367523 155
1695192095931 0.2780275046825409 156
1695192096305 0.27457261085510254 157
1695192096681 0.2523960769176483 158
1695192097056 0.18045370280742645 159
1695192097434 0.19953277707099915 160
1695192097808 0.2616719901561737 161
1695192098180 0.21439290046691895 162
1695192098556 0.21546059846878052 163
1695192098933 0.2806978225708008 164
1695192099308 0.27359533309936523 165
1695192099683 0.26748448610305786 166
1695192100055 0.26597705483436584 167
1695192100439 0.2557637393474579 168
1695192100812 0.2634781301021576 169
1695192101187 0.19688189029693604 170
1695192101565 0.2541535794734955 171
1695192101940 0.23206187784671783 172
1695192102321 0.29414138197898865 173
1695192102697 0.29827308654785156 174
1695192103070 0.2713644504547119 175
1695192103450 0.1926797777414322 176
1695192103825 0.3127751052379608 177
1695192104197 0.28717491030693054 178
1695192104576 0.2620611786842346 179
1695192104950 0.23867745697498322 180
1695192105324 0.251925528049469 181
1695192105698 0.22990618646144867 182
1695192106072 0.2566961646080017 183
1695192106445 0.2489786297082901 184
1695192106818 0.2820754051208496 185
1695192107190 0.24473553895950317 186
1695192107566 0.2803729176521301 187
1695192107939 0.19645103812217712 188
1695192108311 0.24418805539608002 189
1695192108685 0.2817218601703644 190
1695192109059 0.20344524085521698 191
1695192109432 0.1867801696062088 192
1695192109804 0.2212527096271515 193
1695192110178 0.27137061953544617 194
1695192110556 0.27277833223342896 195
1695192110930 0.17729297280311584 196
1695192111303 0.21914023160934448 197
1695192111674 0.24844734370708466 198
1695192112050 0.26512283086776733 199
1695192112424 0.2173577845096588 200
1695192112796 0.2935561537742615 201
1695192113168 0.24657802283763885 202
1695192113544 0.20267578959465027 203
1695192113916 0.24221794307231903 204
1695192114289 0.22271223366260529 205
1695192114664 0.2536679804325104 206
1695192115037 0.24807323515415192 207
1695192115410 0.22218023240566254 208
1695192115790 0.22024953365325928 209
1695192116164 0.23341698944568634 210
1695192116543 0.24607416987419128 211
1695192116920 0.1950160264968872 212
1695192117297 0.23220400512218475 213
1695192117669 0.19721195101737976 214
1695192118040 0.336538702249527 215
1695192118411 0.25057175755500793 216
1695192118782 0.2526143789291382 217
1695192119155 0.2017260640859604 218
1695192119526 0.21531273424625397 219
1695192119904 0.23610907793045044 220
1695192120277 0.1692887395620346 221
1695192120650 0.19859589636325836 222
1695192121021 0.16776075959205627 223
1695192121394 0.23453938961029053 224
1695192121767 0.27668964862823486 225
1695192122142 0.25137555599212646 226
1695192122523 0.24907740950584412 227
1695192122895 0.26345521211624146 228
1695192123267 0.21715843677520752 229
1695192123639 0.2565971314907074 230
1695192124015 0.209916353225708 231
1695192124388 0.21337004005908966 232
1695192124762 0.28518781065940857 233
1695192125132 0.2119402438402176 234
1695192125503 0.17785421013832092 235
1695192125873 0.289085328578949 236
1695192126243 0.21109431982040405 237
1695192126616 0.21911382675170898 238
1695192126989 0.25730520486831665 239
1695192127362 0.2778173089027405 240
1695192127739 0.22671732306480408 241
1695192128110 0.25577324628829956 242
1695192128487 0.2327539026737213 243
1695192128858 0.22715510427951813 244
1695192129233 0.256081223487854 245
1695192129603 0.23541565239429474 246
1695192129979 0.29876989126205444 247
1695192130348 0.21026481688022614 248
1695192130718 0.2504587769508362 249
1695192131086 0.2415560930967331 250
1695192131457 0.24196857213974 251
1695192131826 0.23657964169979095 252
1695192132195 0.26232409477233887 253
1695192132571 0.23039600253105164 254
1695192132943 0.27765119075775146 255
1695192133316 0.2166379690170288 256
1695192133686 0.21722771227359772 257
1695192134062 0.26260504126548767 258
1695192134436 0.25093695521354675 259
1695192134809 0.24105943739414215 260
1695192135184 0.23686383664608002 261
1695192135552 0.19357037544250488 262
1695192135923 0.22637613117694855 263
1695192136290 0.152346670627594 264
1695192136661 0.1995740383863449 265
1695192137034 0.23237749934196472 266
1695192137404 0.15411803126335144 267
1695192137772 0.23160168528556824 268
1695192138140 0.2486080825328827 269
1695192138518 0.24164682626724243 270
1695192138888 0.23048432171344757 271
1695192139260 0.21618416905403137 272
1695192139631 0.2000635713338852 273
1695192140000 0.2555621862411499 274
1695192140372 0.2248287945985794 275
1695192140742 0.20042791962623596 276
1695192141113 0.22578369081020355 277
1695192141483 0.2378394603729248 278
1695192141855 0.17715348303318024 279
1695192142227 0.19053982198238373 280
1695192142598 0.2469063550233841 281
1695192142968 0.1555599868297577 282
1695192143343 0.22923734784126282 283
1695192143715 0.25928735733032227 284
1695192144087 0.23419274389743805 285
1695192144456 0.19955509901046753 286
1695192144824 0.2591601312160492 287
1695192145193 0.20301347970962524 288
1695192145561 0.244023397564888 289
1695192145930 0.27794989943504333 290
1695192146304 0.2416720688343048 291
1695192146674 0.21407046914100647 292
1695192147043 0.24413584172725677 293
1695192147412 0.22248823940753937 294
1695192147780 0.22916708886623383 295
1695192148151 0.21173976361751556 296
1695192148519 0.2562861442565918 297
1695192148886 0.2280578762292862 298
1695192149254 0.16207323968410492 299
1695192149625 0.21454428136348724 300
1695192149993 0.2668842375278473 301
1695192150362 0.2584765553474426 302
1695192150731 0.22949276864528656 303
1695192151102 0.25083601474761963 304
1695192151472 0.23613525927066803 305
1695192151840 0.20787431299686432 306
1695192152211 0.2418307662010193 307
1695192152579 0.246877059340477 308
1695192152949 0.24963554739952087 309
1695192153317 0.23099114000797272 310
1695192153687 0.1928558647632599 311
1695192154057 0.20878244936466217 312
1695192154426 0.23705197870731354 313
1695192154792 0.25985845923423767 314
1695192155164 0.20809833705425262 315
1695192155531 0.19695107638835907 316
1695192155898 0.27200767397880554 317
1695192156272 0.21742931008338928 318
1695192156641 0.2086760401725769 319
1695192157007 0.21669580042362213 320
1695192157378 0.22210590541362762 321
1695192157749 0.24421584606170654 322
1695192158124 0.1854453831911087 323
1695192158498 0.30167582631111145 324
1695192158873 0.20777271687984467 325
1695192159241 0.2162889689207077 326
1695192159614 0.22786597907543182 327
1695192159986 0.229940265417099 328
1695192160356 0.1865158975124359 329
1695192160726 0.19017848372459412 330
1695192161095 0.20928797125816345 331
1695192161472 0.3211502730846405 332
1695192161840 0.21032622456550598 333
1695192162211 0.21152551472187042 334
1695192162581 0.15925759077072144 335
1695192162951 0.2608639895915985 336
1695192163325 0.23443247377872467 337
1695192163694 0.2441733181476593 338
1695192164066 0.20366014540195465 339
1695192164438 0.21988113224506378 340
1695192164806 0.1749514490365982 341
1695192165177 0.2086528092622757 342
1695192165545 0.28322872519493103 343
1695192165917 0.2598322629928589 344
1695192166286 0.26421135663986206 345
1695192166655 0.31373631954193115 346
1695192167027 0.24935400485992432 347
1695192167396 0.19023410975933075 348
1695192167765 0.14884155988693237 349
1695192168137 0.2887219786643982 350
1695192168509 0.21892695128917694 351
1695192168881 0.20490306615829468 352
1695192169252 0.25585272908210754 353
1695192169620 0.281512051820755 354
1695192169993 0.21227161586284637 355
1695192170362 0.22244907915592194 356
1695192170741 0.2539866268634796 357
1695192171107 0.2290334552526474 358
1695192171476 0.22741051018238068 359
1695192171845 0.14999492466449738 360
1695192172215 0.22371302545070648 361
1695192172588 0.19647574424743652 362
1695192172960 0.2168778032064438 363
1695192173329 0.2104194164276123 364
1695192173701 0.19853292405605316 365
1695192174142 0.27397072315216064 366
1695192174524 0.17517271637916565 367
1695192174894 0.18306145071983337 368
1695192175264 0.23254598677158356 369
1695192175631 0.20458078384399414 370
1695192176003 0.25302964448928833 371
1695192176369 0.27554798126220703 372
1695192176736 0.2072044163942337 373
1695192177106 0.21551191806793213 374
1695192177478 0.2152990847826004 375
1695192177851 0.2530052959918976 376
1695192178220 0.26938363909721375 377
1695192178594 0.19691865146160126 378
1695192178966 0.21424217522144318 379
1695192179338 0.21128690242767334 380
1695192179710 0.23845288157463074 381
1695192180078 0.1446881741285324 382
1695192180446 0.23149095475673676 383
1695192180816 0.1366473287343979 384
1695192181182 0.20375050604343414 385
1695192181550 0.20684033632278442 386
1695192181916 0.22262465953826904 387
1695192182284 0.18763883411884308 388
1695192182659 0.19899970293045044 389
1695192183029 0.22410716116428375 390
1695192183400 0.19863004982471466 391
1695192183771 0.23447901010513306 392
1695192184138 0.2019382119178772 393
1695192184509 0.27951908111572266 394
1695192184882 0.28175973892211914 395
1695192185257 0.19629667699337006 396
1695192185623 0.242062509059906 397
1695192185993 0.2273871898651123 398
1695192186361 0.24084541201591492 399
1695192186727 0.21215711534023285 400
1695192187099 0.2295083850622177 401
1695192187481 0.16402825713157654 402
1695192187850 0.17768581211566925 403
1695192188217 0.17635618150234222 404
1695192188583 0.17540737986564636 405
1695192188950 0.1381964385509491 406
1695192189323 0.28945696353912354 407
1695192189689 0.22052335739135742 408
1695192190058 0.2259809821844101 409
1695192190425 0.1894044727087021 410
1695192190794 0.14591625332832336 411
1695192191164 0.32309308648109436 412
1695192191532 0.23662136495113373 413
1695192191901 0.22848625481128693 414
1695192192268 0.24812518060207367 415
1695192192639 0.27047425508499146 416
1695192193009 0.22538286447525024 417
1695192193378 0.21624425053596497 418
1695192193745 0.24683590233325958 419
1695192194113 0.1820867508649826 420
1695192194480 0.23887191712856293 421
1695192194846 0.16648294031620026 422
1695192195213 0.19226059317588806 423
1695192195579 0.19606401026248932 424
1695192195946 0.14575105905532837 425
1695192196312 0.15481458604335785 426
1695192196680 0.25348785519599915 427
1695192197053 0.1637631207704544 428
1695192197433 0.22357246279716492 429
1695192197803 0.1613880842924118 430
1695192198170 0.19645746052265167 431
1695192198545 0.1970459371805191 432
1695192198914 0.1998472660779953 433
1695192199279 0.2541626989841461 434
1695192199646 0.19695806503295898 435
1695192200015 0.22628802061080933 436
1695192200382 0.13717441260814667 437
1695192200749 0.2609069049358368 438
1695192201115 0.22378669679164886 439
1695192201479 0.1777571141719818 440
1695192201847 0.228397399187088 441
1695192202213 0.24026761949062347 442
1695192202587 0.2375054806470871 443
1695192202957 0.27976271510124207 444
1695192203325 0.14406771957874298 445
1695192203694 0.2218645215034485 446
1695192204063 0.16681073606014252 447
1695192204432 0.18355165421962738 448
1695192204797 0.2281596064567566 449
1695192205167 0.2193598449230194 450
1695192205536 0.2695498764514923 451
1695192205905 0.21400725841522217 452
1695192206276 0.22349873185157776 453
1695192206645 0.2707894742488861 454
1695192207013 0.25362884998321533 455
1695192207382 0.2419300228357315 456
1695192207750 0.24967043101787567 457
1695192208116 0.22357070446014404 458
1695192208486 0.2266564667224884 459
1695192208851 0.275740385055542 460
1695192209222 0.22603866457939148 461
1695192209588 0.20861907303333282 462
1695192209957 0.16827744245529175 463
1695192210327 0.26787254214286804 464
1695192210697 0.2034306824207306 465
1695192211069 0.19044052064418793 466
1695192211437 0.183676078915596 467
1695192211804 0.23241253197193146 468
1695192212175 0.1902325600385666 469
1695192212549 0.2561209797859192 470
1695192212917 0.187947079539299 471
1695192213283 0.20612341165542603 472
1695192213649 0.2203827202320099 473
1695192214014 0.20050868391990662 474
1695192214387 0.1942215859889984 475
1695192214755 0.19680769741535187 476
1695192215122 0.1967572569847107 477
1695192215496 0.20771697163581848 478
1695192215862 0.14414013922214508 479
1695192216229 0.18474766612052917 480
1695192216598 0.2697857916355133 481
1695192216966 0.27737805247306824 482
1695192217333 0.24636779725551605 483
1695192217702 0.26467764377593994 484
1695192218070 0.23422537744045258 485
1695192218438 0.20187991857528687 486
1695192218805 0.26263755559921265 487
1695192219172 0.18977637588977814 488
1695192219541 0.22438594698905945 489
1695192219909 0.24226054549217224 490
1695192220276 0.2500164806842804 491
1695192220644 0.22387120127677917 492
1695192221012 0.20373426377773285 493
1695192221382 0.19537721574306488 494
1695192221749 0.19757823646068573 495
1695192222116 0.17505551874637604 496
1695192222487 0.1842377781867981 497
1695192222851 0.17230017483234406 498
1695192223218 0.14271360635757446 499
1695192223585 0.22145281732082367 500
1695192223953 0.20968186855316162 501
1695192224321 0.2007189393043518 502
1695192224690 0.23965346813201904 503
1695192225057 0.22680363059043884 504
1695192225423 0.1999337077140808 505
1695192225789 0.22608208656311035 506
1695192226155 0.20660999417304993 507
1695192226520 0.188126340508461 508
1695192226887 0.25896111130714417 509
1695192227253 0.18534204363822937 510
1695192227620 0.21844740211963654 511
1695192227986 0.2609214186668396 512
1695192228349 0.1843542754650116 513
1695192228716 0.2036326825618744 514
1695192229080 0.22628851234912872 515
1695192229447 0.2454720288515091 516
1695192229811 0.23863528668880463 517
1695192230175 0.1680283099412918 518
1695192230540 0.3548356592655182 519
1695192230904 0.19829851388931274 520
1695192231267 0.22565656900405884 521
1695192231631 0.26897290349006653 522
1695192231995 0.2790505588054657 523
1695192232363 0.227272629737854 524
1695192232729 0.22348295152187347 525
1695192233094 0.22989222407341003 526
1695192233460 0.19330552220344543 527
1695192233825 0.16813574731349945 528
1695192234189 0.20582090318202972 529
1695192234556 0.2958441972732544 530
1695192234921 0.2585032284259796 531
1695192235291 0.21509477496147156 532
1695192235656 0.23387035727500916 533
1695192236019 0.2244444042444229 534
1695192236384 0.1965731829404831 535
1695192236754 0.1754084676504135 536
1695192237122 0.2419257014989853 537
1695192237490 0.26752543449401855 538
1695192237852 0.2363412082195282 539
1695192238218 0.16230283677577972 540
1695192238587 0.2740992307662964 541
1695192238952 0.14805611968040466 542
1695192239317 0.19336262345314026 543
1695192239682 0.22657881677150726 544
1695192240044 0.20913885533809662 545
1695192240409 0.21973855793476105 546
1695192240774 0.20909790694713593 547
1695192241140 0.14793021976947784 548
1695192241507 0.23248569667339325 549
1695192241873 0.246829092502594 550
1695192242240 0.19326473772525787 551
1695192242610 0.24438777565956116 552
1695192242972 0.24586057662963867 553
1695192243337 0.2115294635295868 554
1695192243705 0.22033920884132385 555
1695192244071 0.23690977692604065 556
1695192244437 0.24773015081882477 557
1695192244802 0.18294592201709747 558
1695192245171 0.1760665774345398 559
1695192245534 0.16188040375709534 560
1695192245901 0.22886896133422852 561
1695192246264 0.2563135325908661 562
1695192246627 0.23552806675434113 563
1695192246991 0.1444198340177536 564
1695192247364 0.18027876317501068 565
1695192247730 0.19253329932689667 566
1695192248095 0.2504940629005432 567
1695192248461 0.23975993692874908 568
1695192248825 0.17916443943977356 569
1695192249187 0.18199577927589417 570
1695192249551 0.26421070098876953 571
1695192249913 0.2044437974691391 572
1695192250275 0.2142612785100937 573
1695192250650 0.2466309666633606 574
1695192251016 0.1793753057718277 575
1695192251378 0.1984434425830841 576
1695192251746 0.20512953400611877 577
1695192252110 0.20022644102573395 578
1695192252473 0.18891195952892303 579
1695192252838 0.20583535730838776 580
1695192253204 0.2006581574678421 581
1695192253566 0.24870875477790833 582
1695192253929 0.1592814326286316 583
1695192254295 0.13974018394947052 584
1695192254658 0.16987434029579163 585
1695192255025 0.14716829359531403 586
1695192255390 0.23169279098510742 587
1695192255754 0.20861150324344635 588
1695192256122 0.22229211032390594 589
1695192256490 0.16624195873737335 590
1695192256852 0.20257851481437683 591
1695192257212 0.1665404736995697 592
1695192257576 0.22306102514266968 593
1695192257940 0.1656724065542221 594
1695192258305 0.2530389428138733 595
1695192258670 0.1799158751964569 596
1695192259031 0.15809927880764008 597
1695192259400 0.18690647184848785 598
1695192259767 0.19837097823619843 599
1695192260132 0.19913214445114136 600
1695192260498 0.2654702961444855 601
1695192260867 0.14327064156532288 602
1695192261231 0.21051207184791565 603
1695192261598 0.21886728703975677 604
1695192261960 0.1706455647945404 605
1695192262321 0.17423638701438904 606
1695192262691 0.21149547398090363 607
1695192263055 0.25802120566368103 608
1695192263419 0.22780992090702057 609
1695192263783 0.19167117774486542 610
1695192264147 0.1575075089931488 611
1695192264509 0.19772469997406006 612
1695192264872 0.17116740345954895 613
1695192265255 0.19208881258964539 614
1695192265621 0.18415650725364685 615
1695192265987 0.22598616778850555 616
1695192266354 0.20274782180786133 617
1695192266719 0.2723219096660614 618
1695192267082 0.2240661382675171 619
1695192267454 0.18374204635620117 620
1695192267822 0.2034165859222412 621
1695192268191 0.19766074419021606 622
1695192268569 0.2149621844291687 623
1695192268933 0.26188570261001587 624
1695192269299 0.20875301957130432 625
1695192269667 0.1691749095916748 626
1695192270032 0.23252718150615692 627
1695192270403 0.21803541481494904 628
1695192270769 0.1811421662569046 629
1695192271132 0.14599184691905975 630
1695192271500 0.18615363538265228 631
1695192271865 0.1473185271024704 632
1695192272232 0.1632527858018875 633
1695192272599 0.259121298789978 634
1695192272964 0.2527404725551605 635
1695192273327 0.12667423486709595 636
1695192273692 0.22154904901981354 637
1695192274061 0.2791670560836792 638
1695192274426 0.23201493918895721 639
1695192274790 0.2296493649482727 640
1695192275153 0.1900455355644226 641
1695192275516 0.1587579846382141 642
1695192275877 0.20632828772068024 643
1695192276236 0.19139505922794342 644
1695192276602 0.18759995698928833 645
1695192276965 0.22484654188156128 646
1695192277332 0.15848316252231598 647
1695192277695 0.22859609127044678 648
1695192278059 0.21930497884750366 649
1695192278425 0.1620740294456482 650
1695192278788 0.20695985853672028 651
1695192279155 0.1606997847557068 652
1695192279518 0.1537165492773056 653
1695192279882 0.20459558069705963 654
1695192280244 0.23729301989078522 655
1695192280615 0.22454848885536194 656
1695192280981 0.21851496398448944 657
1695192281343 0.21393495798110962 658
1695192281707 0.1944953352212906 659
1695192282071 0.20834845304489136 660
1695192282435 0.19532859325408936 661
1695192282798 0.16668741405010223 662
1695192283162 0.2805657982826233 663
1695192283531 0.23461969196796417 664
1695192283901 0.19584934413433075 665
1695192284269 0.17556317150592804 666
1695192284637 0.3061101734638214 667
1695192285001 0.20582157373428345 668
1695192285377 0.2527870833873749 669
1695192285739 0.18443290889263153 670
1695192286101 0.24227210879325867 671
1695192286469 0.26166975498199463 672
1695192286837 0.17273618280887604 673
1695192287200 0.17192243039608002 674
1695192287566 0.2149902582168579 675
1695192287933 0.20411275327205658 676
1695192288304 0.16623945534229279 677
1695192288670 0.20966596901416779 678
1695192289039 0.13201722502708435 679
1695192289406 0.20520895719528198 680
1695192289769 0.2640245258808136 681
1695192290131 0.2266269326210022 682
1695192290495 0.24417969584465027 683
1695192290857 0.22159308195114136 684
1695192291218 0.18803556263446808 685
1695192291578 0.21686553955078125 686
1695192291943 0.2544809877872467 687
1695192292307 0.17315757274627686 688
1695192292672 0.19771768152713776 689
1695192293035 0.2427399754524231 690
1695192293401 0.26913708448410034 691
1695192293764 0.17712213099002838 692
1695192294131 0.16795134544372559 693
1695192294496 0.19326885044574738 694
1695192294858 0.17873239517211914 695
1695192295220 0.16955074667930603 696
1695192295581 0.19605568051338196 697
1695192295943 0.2156011015176773 698
1695192296303 0.16929097473621368 699
1695192296665 0.2677266299724579 700
1695192297027 0.2121879607439041 701
1695192297386 0.2879241108894348 702
1695192297749 0.2566649913787842 703
1695192298109 0.18289150297641754 704
1695192298473 0.1959633082151413 705
1695192298836 0.179305300116539 706
1695192299198 0.19901126623153687 707
1695192299560 0.2393973171710968 708
1695192299921 0.1921955645084381 709
1695192300284 0.1977662742137909 710
1695192300645 0.2047625184059143 711
1695192301006 0.2571161687374115 712
1695192301365 0.2604238986968994 713
1695192301727 0.2008679360151291 714
1695192302089 0.2039061039686203 715
1695192302461 0.20604830980300903 716
1695192302820 0.19761519134044647 717
1695192303185 0.2548433840274811 718
1695192303550 0.21673348546028137 719
1695192303913 0.19440852105617523 720
1695192304275 0.22013597190380096 721
1695192304638 0.16216735541820526 722
1695192304999 0.21510662138462067 723
1695192305362 0.19694815576076508 724
1695192305728 0.18221566081047058 725
1695192306092 0.2092720866203308 726
1695192306455 0.1934957355260849 727
1695192306819 0.17537365853786469 728
1695192307184 0.2053917646408081 729
1695192307556 0.1545390784740448 730
1695192307919 0.24095670878887177 731
1695192308282 0.18655340373516083 732
1695192308644 0.213809996843338 733
1695192309006 0.2360791116952896 734
1695192309367 0.1875368058681488 735
1695192309726 0.19198103249073029 736
1695192310092 0.23337507247924805 737
1695192310453 0.15077172219753265 738
1695192310815 0.23511292040348053 739
1695192311175 0.2612701952457428 740
1695192311539 0.2554464340209961 741
1695192311898 0.19851459562778473 742
1695192312259 0.18608315289020538 743
1695192312617 0.16692645847797394 744
1695192312980 0.16768594086170197 745
1695192313339 0.2381102740764618 746
1695192313702 0.17182181775569916 747
1695192314066 0.23362842202186584 748
1695192314428 0.17244578897953033 749
1695192314789 0.1797853261232376 750
1695192315155 0.1729654222726822 751
1695192315524 0.1957588493824005 752
1695192315883 0.18808703124523163 753
1695192316246 0.1875506043434143 754
1695192316606 0.25585874915122986 755
1695192316970 0.25445106625556946 756
1695192317333 0.20984144508838654 757
1695192317691 0.19579017162322998 758
1695192318052 0.23183326423168182 759
1695192318419 0.21445491909980774 760
1695192318782 0.23355534672737122 761
1695192319144 0.1901596039533615 762
1695192319506 0.22594806551933289 763
1695192319867 0.26206353306770325 764
1695192320232 0.16987067461013794 765
1695192320593 0.1765151470899582 766
1695192320958 0.24560154974460602 767
1695192321320 0.20748305320739746 768
1695192321680 0.20249596238136292 769
1695192322041 0.20942877233028412 770
1695192322403 0.2063165158033371 771
1695192322764 0.20498375594615936 772
1695192323126 0.1745074838399887 773
1695192323484 0.21606586873531342 774
1695192323845 0.2351653277873993 775
1695192324204 0.16891926527023315 776
1695192324565 0.1464986950159073 777
1695192324922 0.21132221817970276 778
1695192325281 0.27468329668045044 779
1695192325640 0.18196801841259003 780
1695192326001 0.22655269503593445 781
1695192326362 0.2532144784927368 782
1695192326726 0.21936117112636566 783
1695192327090 0.14979970455169678 784
1695192327457 0.18517190217971802 785
1695192327818 0.16122686862945557 786
1695192328181 0.15757066011428833 787
1695192328548 0.19944879412651062 788
1695192328911 0.15875352919101715 789
1695192329278 0.18378475308418274 790
1695192329642 0.22497965395450592 791
1695192330005 0.21760734915733337 792
1695192330365 0.2168762981891632 793
1695192330723 0.24569949507713318 794
1695192331084 0.23626017570495605 795
1695192331445 0.19682399928569794 796
1695192331806 0.16994182765483856 797
1695192332174 0.17598450183868408 798
1695192332539 0.15475383400917053 799
1695192332904 0.20499685406684875 800
1695192333264 0.17847640812397003 801
1695192333670 0.2155020833015442 802
1695192334059 0.24897825717926025 803
1695192334441 0.19955724477767944 804
1695192334807 0.16950280964374542 805
1695192335170 0.18319757282733917 806
1695192335533 0.20714491605758667 807
1695192335898 0.2330070286989212 808
1695192336266 0.25143882632255554 809
1695192336628 0.1884823441505432 810
1695192336992 0.20351189374923706 811
1695192337356 0.19088011980056763 812
1695192337724 0.1689363270998001 813
1695192338093 0.2264215350151062 814
1695192338473 0.19995009899139404 815
1695192338835 0.2135140746831894 816
1695192339199 0.18859057128429413 817
1695192339569 0.23267389833927155 818
1695192339934 0.2695726752281189 819
1695192340302 0.19696326553821564 820
1695192340677 0.14466819167137146 821
1695192341040 0.19916656613349915 822
1695192341404 0.17087502777576447 823
1695192341763 0.13926711678504944 824
1695192342123 0.22846202552318573 825
1695192342493 0.28843954205513 826
1695192342854 0.21568024158477783 827
1695192343216 0.2178676724433899 828
1695192343578 0.17309577763080597 829
1695192343942 0.1602330356836319 830
1695192344302 0.18729718029499054 831
1695192344664 0.17777235805988312 832
1695192345022 0.27158644795417786 833
1695192345378 0.17367510497570038 834
1695192345736 0.1638629138469696 835
1695192346095 0.14918361604213715 836
1695192346453 0.13900576531887054 837
1695192346812 0.19230997562408447 838
1695192347169 0.2123601883649826 839
1695192347534 0.2263566553592682 840
1695192347899 0.19910462200641632 841
1695192348260 0.23305130004882812 842
1695192348626 0.17098909616470337 843
1695192348994 0.21205280721187592 844
1695192349353 0.20553624629974365 845
1695192349712 0.18418152630329132 846
1695192350275 0.1767195612192154 847
1695192350638 0.1527860164642334 848
1695192351003 0.23382604122161865 849
1695192351361 0.1566220223903656 850
1695192351721 0.13321378827095032 851
1695192352081 0.1968444585800171 852
1695192352443 0.16725587844848633 853
1695192352802 0.12687113881111145 854
1695192353163 0.15634679794311523 855
1695192353527 0.1913793534040451 856
1695192353888 0.11353757977485657 857
1695192354248 0.2047056257724762 858
1695192354608 0.25115767121315 859
1695192354987 0.20128144323825836 860
1695192355367 0.21057437360286713 861
1695192355733 0.2222321629524231 862
1695192356095 0.16970443725585938 863
1695192356463 0.14821840822696686 864
1695192356824 0.22667339444160461 865
1695192357184 0.2879487872123718 866
1695192357548 0.19616806507110596 867
1695192357917 0.19184057414531708 868
1695192358290 0.19247956573963165 869
1695192358662 0.18576355278491974 870
1695192359025 0.1648087203502655 871
1695192359389 0.18435966968536377 872
1695192359748 0.19852034747600555 873
1695192360108 0.17505456507205963 874
1695192360473 0.137979194521904 875
1695192360831 0.23381805419921875 876
1695192361193 0.17176459729671478 877
1695192361552 0.25969570875167847 878
1695192361914 0.21177542209625244 879
1695192362277 0.22636361420154572 880
1695192362639 0.20168039202690125 881
1695192363002 0.1883513480424881 882
1695192363366 0.21602390706539154 883
1695192363728 0.22172781825065613 884
1695192364091 0.22131022810935974 885
1695192364452 0.1643657386302948 886
1695192364817 0.25789308547973633 887
1695192365176 0.1424747258424759 888
1695192365536 0.24763068556785583 889
1695192365896 0.18523938953876495 890
1695192366255 0.21858347952365875 891
1695192366618 0.22281426191329956 892
1695192366976 0.1656191647052765 893
1695192367333 0.2032807320356369 894
1695192367694 0.18744103610515594 895
1695192368057 0.1597660779953003 896
1695192368416 0.19155168533325195 897
1695192368780 0.20343638956546783 898
1695192369140 0.17653322219848633 899
1695192369502 0.16883815824985504 900
1695192369863 0.17006854712963104 901
1695192370223 0.16035112738609314 902
1695192370582 0.16841214895248413 903
1695192370939 0.2173614203929901 904
1695192371300 0.1412387192249298 905
1695192371665 0.2043246328830719 906
1695192372025 0.22200506925582886 907
1695192372381 0.17883357405662537 908
1695192372741 0.15884239971637726 909
1695192373098 0.1510688215494156 910
1695192373468 0.16306564211845398 911
1695192373826 0.1717529147863388 912
1695192374185 0.21534709632396698 913
1695192374545 0.22656774520874023 914
1695192374903 0.25270581245422363 915
1695192375269 0.1830737590789795 916
1695192375627 0.19185975193977356 917
1695192375989 0.2038472294807434 918
1695192376349 0.2152128368616104 919
1695192376709 0.2587335705757141 920
1695192377069 0.20556095242500305 921
1695192377428 0.22253188490867615 922
1695192377790 0.16974599659442902 923
1695192378149 0.24289435148239136 924
1695192378515 0.20346945524215698 925
1695192378877 0.1975729614496231 926
1695192379238 0.16336126625537872 927
1695192379600 0.18664805591106415 928
1695192379958 0.20455311238765717 929
1695192380328 0.1741814762353897 930
1695192380690 0.22895798087120056 931
1695192381047 0.2785528898239136 932
1695192381405 0.19913996756076813 933
1695192381766 0.1792549341917038 934
1695192382126 0.183493509888649 935
1695192382490 0.22391586005687714 936
1695192382853 0.16252170503139496 937
1695192383218 0.2024621218442917 938
1695192383579 0.20457948744297028 939
1695192383939 0.13490217924118042 940
1695192384298 0.1894965022802353 941
1695192384660 0.18596532940864563 942
1695192385019 0.18382957577705383 943
1695192385379 0.18182653188705444 944
1695192385739 0.17514364421367645 945
1695192386099 0.23765653371810913 946
1695192386461 0.21381627023220062 947
1695192386826 0.205179363489151 948
1695192387184 0.21106477081775665 949
1695192387548 0.2573518753051758 950
1695192387908 0.22373487055301666 951
1695192388264 0.18568682670593262 952
1695192388623 0.22588250041007996 953
1695192388982 0.2426164150238037 954
1695192389342 0.17328733205795288 955
1695192389698 0.19358088076114655 956
1695192390058 0.17747610807418823 957
1695192390416 0.19690346717834473 958
1695192390774 0.19690042734146118 959
1695192391135 0.1524776816368103 960
1695192391491 0.17683307826519012 961
1695192391849 0.17859169840812683 962
1695192392208 0.19906054437160492 963
1695192392567 0.13292622566223145 964
1695192392926 0.18423990905284882 965
1695192393284 0.20548105239868164 966
1695192393646 0.25143522024154663 967
1695192394004 0.18613937497138977 968
1695192394367 0.20588360726833344 969
1695192394726 0.2157410979270935 970
1695192395085 0.2446654886007309 971
1695192395442 0.1966795027256012 972
1695192395799 0.20946389436721802 973
1695192396158 0.1290135681629181 974
1695192396516 0.16572296619415283 975
1695192396873 0.25278517603874207 976
1695192397232 0.1959705352783203 977
1695192397596 0.17849217355251312 978
1695192397955 0.15004397928714752 979
1695192398314 0.1676604449748993 980
1695192398671 0.19508472084999084 981
1695192399032 0.17534223198890686 982
1695192399390 0.2126491367816925 983
1695192399749 0.2610938847064972 984
1695192400109 0.18458698689937592 985
1695192400468 0.1731298416852951 986
1695192400831 0.16508378088474274 987
1695192401192 0.17701993882656097 988
1695192401554 0.20450527966022491 989
1695192401913 0.24329093098640442 990
1695192402295 0.22986182570457458 991
1695192402662 0.19804681837558746 992
1695192403021 0.18445737659931183 993
1695192403380 0.23544445633888245 994
1695192403740 0.17033542692661285 995
1695192404104 0.22399698197841644 996
1695192404462 0.1754036843776703 997
1695192404821 0.22244849801063538 998
1695192405181 0.19459669291973114 999
1695192405539 0.19302187860012054 1000
1695192405896 0.18839909136295319 1001
1695192406258 0.19017232954502106 1002
1695192406617 0.18752829730510712 1003
1695192406979 0.22303366661071777 1004
1695192407334 0.19393564760684967 1005
1695192407693 0.1794922798871994 1006
1695192408054 0.20408663153648376 1007
1695192408412 0.2222018986940384 1008
1695192408769 0.22910988330841064 1009
1695192409126 0.16760718822479248 1010
1695192409487 0.24530711770057678 1011
1695192409844 0.18682199716567993 1012
1695192410203 0.22379764914512634 1013
1695192410560 0.22568368911743164 1014
1695192410918 0.1870381087064743 1015
1695192411277 0.23373644053936005 1016
1695192411633 0.19597063958644867 1017
1695192411991 0.21048621833324432 1018
1695192412353 0.22901222109794617 1019
1695192412710 0.21398060023784637 1020
1695192413068 0.23269417881965637 1021
1695192413440 0.18860095739364624 1022
1695192413799 0.16023199260234833 1023
1695192414159 0.17609596252441406 1024
1695192414523 0.18838462233543396 1025
1695192414884 0.16544529795646667 1026
1695192415243 0.14744006097316742 1027
1695192415600 0.19143003225326538 1028
1695192415956 0.24659721553325653 1029
1695192416315 0.23870135843753815 1030
1695192416675 0.16210730373859406 1031
1695192417033 0.15871605277061462 1032
1695192417399 0.1843235343694687 1033
1695192417754 0.3147333860397339 1034
1695192418111 0.15589316189289093 1035
1695192418475 0.204852893948555 1036
1695192418832 0.19212180376052856 1037
1695192419192 0.23540040850639343 1038
1695192419551 0.17104026675224304 1039
1695192419911 0.1995234489440918 1040
1695192420269 0.21566058695316315 1041
1695192420625 0.15323784947395325 1042
1695192420983 0.1584487408399582 1043
1695192421341 0.17916364967823029 1044
1695192421695 0.18444445729255676 1045
1695192422052 0.19020098447799683 1046
1695192422411 0.1876489520072937 1047
1695192422767 0.2030121088027954 1048
1695192423128 0.35235318541526794 1049
1695192423483 0.17613562941551208 1050
1695192423840 0.20122148096561432 1051
1695192424197 0.11705894768238068 1052
1695192424553 0.19190503656864166 1053
1695192424910 0.1957210749387741 1054
1695192425268 0.2135518193244934 1055
1695192425634 0.23165734112262726 1056
1695192425994 0.1748499870300293 1057
1695192426352 0.20625710487365723 1058
1695192426706 0.1507837176322937 1059
1695192427066 0.24480117857456207 1060
1695192427425 0.2566034197807312 1061
1695192427783 0.2013634443283081 1062
1695192428142 0.18840165436267853 1063
1695192428504 0.2320215255022049 1064
1695192428862 0.2410144954919815 1065
1695192429221 0.15673501789569855 1066
1695192429580 0.23751020431518555 1067
1695192429937 0.15818431973457336 1068
1695192430291 0.12876930832862854 1069
1695192430651 0.1900831013917923 1070
1695192431011 0.13822989165782928 1071
1695192431370 0.18622449040412903 1072
1695192431726 0.21590788662433624 1073
1695192432083 0.1979338824748993 1074
1695192432441 0.2006818652153015 1075
1695192432797 0.19406375288963318 1076
1695192433153 0.2592904269695282 1077
1695192433512 0.1967717558145523 1078
1695192433869 0.22956670820713043 1079
1695192434223 0.19496311247348785 1080
1695192434580 0.2497909516096115 1081
1695192434934 0.2089737057685852 1082
1695192435293 0.1626167893409729 1083
1695192435649 0.2144688218832016 1084
1695192436004 0.19164465367794037 1085
1695192436362 0.22932133078575134 1086
1695192436720 0.12140779197216034 1087
1695192437078 0.29348838329315186 1088
1695192437434 0.16372686624526978 1089
1695192437790 0.24000704288482666 1090
1695192438146 0.17821475863456726 1091
1695192438502 0.1402137577533722 1092
1695192438860 0.17921395599842072 1093
1695192439216 0.22722128033638 1094
1695192439567 0.2402038425207138 1095
1695192439922 0.17610225081443787 1096
1695192440278 0.23409852385520935 1097
1695192440632 0.23715300858020782 1098
1695192440989 0.15365201234817505 1099
1695192441344 0.23014234006404877 1100
1695192441697 0.183734729886055 1101
1695192442051 0.2518344223499298 1102
1695192442410 0.21403078734874725 1103
1695192442766 0.2206888645887375 1104
1695192443119 0.16120746731758118 1105
1695192443473 0.23089399933815002 1106
1695192443829 0.17325203120708466 1107
1695192444182 0.1788683384656906 1108
1695192444542 0.23253174126148224 1109
1695192444895 0.20361219346523285 1110
1695192445251 0.2682749032974243 1111
1695192445607 0.23140113055706024 1112
1695192445961 0.18684685230255127 1113
1695192446315 0.12878304719924927 1114
1695192446683 0.15106888115406036 1115
1695192447037 0.14826034009456635 1116
1695192447392 0.17500349879264832 1117
1695192447748 0.19390535354614258 1118
1695192448104 0.21066801249980927 1119
1695192448460 0.1692296862602234 1120
1695192448815 0.24280588328838348 1121
1695192449174 0.13588321208953857 1122
1695192449527 0.19211874902248383 1123
1695192449882 0.1811695694923401 1124
1695192450241 0.22273415327072144 1125
1695192450596 0.14920452237129211 1126
1695192450949 0.21793422102928162 1127
1695192451304 0.12284539639949799 1128
1695192451665 0.21849747002124786 1129
1695192452021 0.15967239439487457 1130
1695192452378 0.1511726975440979 1131
1695192452733 0.19208739697933197 1132
1695192453091 0.2234685868024826 1133
1695192453447 0.2285960614681244 1134
1695192453806 0.1988775134086609 1135
1695192454164 0.24079777300357819 1136
1695192454524 0.19185884296894073 1137
1695192454875 0.1823994219303131 1138
1695192455228 0.20792336761951447 1139
1695192455589 0.18526750802993774 1140
1695192455944 0.20204396545886993 1141
1695192456297 0.14896970987319946 1142
1695192456652 0.2075347751379013 1143
1695192457011 0.21222522854804993 1144
1695192457365 0.22803279757499695 1145
1695192457719 0.17808416485786438 1146
1695192458074 0.27956271171569824 1147
1695192458426 0.2170693725347519 1148
1695192458783 0.17637233436107635 1149
1695192459136 0.1939924657344818 1150
1695192459490 0.20022432506084442 1151
1695192459847 0.22963763773441315 1152
1695192460201 0.18394409120082855 1153
1695192460557 0.21917258203029633 1154
1695192460912 0.18033939599990845 1155
1695192461265 0.10475986450910568 1156
1695192461629 0.22668300569057465 1157
1695192461983 0.21545840799808502 1158
1695192462349 0.24838779866695404 1159
1695192462703 0.19193533062934875 1160
1695192463061 0.1707710474729538 1161
1695192463418 0.22846022248268127 1162
1695192463774 0.1999722570180893 1163
1695192464129 0.1840033382177353 1164
1695192464484 0.11306439340114594 1165
1695192464845 0.21434059739112854 1166
1695192465204 0.18091292679309845 1167
1695192465557 0.1721496880054474 1168
1695192465913 0.19050654768943787 1169
1695192466266 0.1779245287179947 1170
1695192466622 0.1735120266675949 1171
1695192466980 0.19958104193210602 1172
1695192467333 0.21052543818950653 1173
1695192467690 0.2057652622461319 1174
1695192468047 0.2556694746017456 1175
1695192468401 0.269047349691391 1176
1695192468754 0.17582833766937256 1177
1695192469112 0.16418348252773285 1178
1695192469466 0.16287113726139069 1179
1695192469821 0.154988095164299 1180
1695192470177 0.1836186945438385 1181
1695192470530 0.1408826857805252 1182
1695192470885 0.17535848915576935 1183
1695192471244 0.13520556688308716 1184
1695192471605 0.20584531128406525 1185
1695192471963 0.20940326154232025 1186
1695192472321 0.19229534268379211 1187
1695192472677 0.24864165484905243 1188
1695192473031 0.1449022889137268 1189
1695192473386 0.14845393598079681 1190
1695192473739 0.19050683081150055 1191
1695192474094 0.14646786451339722 1192
1695192474455 0.1941913664340973 1193
1695192474811 0.23469030857086182 1194
1695192475167 0.24187740683555603 1195
1695192475524 0.10970290005207062 1196
1695192475879 0.17541056871414185 1197
1695192476236 0.13182967901229858 1198
1695192476597 0.1521632969379425 1199
1695192476952 0.1934678554534912 1200
1695192477310 0.17387332022190094 1201
1695192477666 0.1847359538078308 1202
1695192478020 0.12855494022369385 1203
1695192478377 0.2101403921842575 1204
1695192478733 0.13033916056156158 1205
1695192479088 0.17698846757411957 1206
1695192479443 0.17416808009147644 1207
1695192479799 0.15285398066043854 1208
1695192480156 0.16097402572631836 1209
1695192480513 0.22383606433868408 1210
1695192480870 0.1852722018957138 1211
1695192481225 0.15644076466560364 1212
1695192481579 0.14603832364082336 1213
1695192481932 0.1635783314704895 1214
1695192482285 0.2292226403951645 1215
1695192482642 0.21884295344352722 1216
1695192482996 0.254166841506958 1217
1695192483349 0.19001354277133942 1218
1695192483768 0.17787177860736847 1219
1695192484125 0.17864465713500977 1220
1695192484479 0.1482781022787094 1221
1695192484831 0.28170347213745117 1222
1695192485182 0.16465067863464355 1223
1695192485535 0.18244190514087677 1224
1695192485892 0.18981963396072388 1225
1695192486246 0.17159311473369598 1226
1695192486600 0.12202782183885574 1227
1695192486952 0.1806839555501938 1228
1695192487308 0.1663104146718979 1229
1695192487664 0.26204967498779297 1230
1695192488020 0.23618187010288239 1231
1695192488377 0.23240819573402405 1232
1695192488732 0.1260119378566742 1233
1695192489087 0.21779173612594604 1234
1695192489443 0.1910828948020935 1235
1695192489801 0.2135031521320343 1236
1695192490158 0.2109842449426651 1237
1695192490513 0.15416590869426727 1238
1695192490866 0.16538526117801666 1239
1695192491222 0.15036365389823914 1240
1695192491575 0.24706199765205383 1241
1695192491928 0.20777365565299988 1242
1695192492286 0.12324554473161697 1243
1695192492640 0.21029441058635712 1244
1695192492992 0.18544048070907593 1245
1695192493349 0.2212948203086853 1246
1695192493701 0.22438904643058777 1247
1695192494057 0.17355117201805115 1248
1695192494410 0.14425703883171082 1249
1695192494765 0.18264681100845337 1250
1695192495118 0.23454001545906067 1251
1695192495471 0.21069267392158508 1252
1695192495828 0.18009738624095917 1253
1695192496187 0.18680448830127716 1254
1695192496548 0.1544460654258728 1255
1695192496907 0.14302584528923035 1256
1695192497260 0.17962753772735596 1257
1695192497614 0.14313016831874847 1258
1695192497970 0.1944562941789627 1259
1695192498325 0.20966455340385437 1260
1695192498678 0.20572970807552338 1261
1695192499033 0.18344633281230927 1262
1695192499388 0.25688427686691284 1263
1695192499740 0.17949844896793365 1264
1695192500093 0.20599521696567535 1265
1695192500447 0.18473434448242188 1266
1695192500800 0.20381174981594086 1267
1695192501154 0.19127286970615387 1268
1695192501508 0.14840343594551086 1269
1695192501861 0.2032788097858429 1270
1695192502213 0.15029045939445496 1271
1695192502576 0.24998259544372559 1272
1695192502930 0.16959920525550842 1273
1695192503284 0.2074383944272995 1274
1695192503638 0.19209812581539154 1275
1695192503994 0.18876656889915466 1276
1695192504347 0.15956304967403412 1277
1695192504701 0.23449650406837463 1278
1695192505057 0.19337448477745056 1279
1695192505412 0.1519252061843872 1280
1695192505767 0.19747205078601837 1281
1695192506122 0.24788641929626465 1282
1695192506478 0.22257617115974426 1283
1695192506832 0.17261052131652832 1284
1695192507186 0.19229787588119507 1285
1695192507548 0.1687573343515396 1286
1695192507901 0.15675270557403564 1287
1695192508257 0.17943674325942993 1288
1695192508613 0.18542201817035675 1289
1695192508968 0.1924862116575241 1290
1695192509321 0.23924298584461212 1291
1695192509672 0.1603352129459381 1292
1695192510029 0.24337029457092285 1293
1695192510386 0.11668753623962402 1294
1695192510740 0.17828942835330963 1295
1695192511096 0.23542766273021698 1296
1695192511452 0.20263580977916718 1297
1695192511806 0.2625444233417511 1298
1695192512161 0.24844735860824585 1299
1695192512521 0.20773795247077942 1300
1695192512878 0.2083670049905777 1301
1695192513232 0.21998603641986847 1302
1695192513585 0.16535550355911255 1303
1695192513940 0.21344712376594543 1304
1695192514294 0.21131294965744019 1305
1695192514650 0.2087765783071518 1306
1695192515009 0.19703665375709534 1307
1695192515367 0.24407950043678284 1308
1695192515717 0.24326686561107635 1309
1695192516075 0.1822839081287384 1310
1695192516426 0.19632554054260254 1311
1695192516782 0.2044672966003418 1312
1695192517137 0.15291789174079895 1313
1695192517496 0.1991582214832306 1314
1695192517851 0.2717411518096924 1315
1695192518212 0.2525147497653961 1316
1695192518572 0.19467385113239288 1317
1695192518927 0.17039614915847778 1318
1695192519279 0.24798674881458282 1319
1695192519635 0.1492416262626648 1320
1695192519991 0.16092021763324738 1321
1695192520355 0.21065378189086914 1322
1695192520711 0.204133078455925 1323
1695192521068 0.14009293913841248 1324
1695192521423 0.1826850175857544 1325
1695192521777 0.1328837275505066 1326
1695192522131 0.23123019933700562 1327
1695192522486 0.2781813144683838 1328
1695192522843 0.1277528703212738 1329
1695192523196 0.23117783665657043 1330
1695192523547 0.19503068923950195 1331
1695192523901 0.11372052133083344 1332
1695192524266 0.14041101932525635 1333
1695192524624 0.14147070050239563 1334
1695192524979 0.18110108375549316 1335
1695192525334 0.18448475003242493 1336
1695192525689 0.16801321506500244 1337
1695192526044 0.17495669424533844 1338
1695192526398 0.17729756236076355 1339
1695192526764 0.17364774644374847 1340
1695192527118 0.13199074566364288 1341
1695192527474 0.25005966424942017 1342
1695192527837 0.20169921219348907 1343
1695192528197 0.15601645410060883 1344
1695192528549 0.1646679788827896 1345
1695192528904 0.17670010030269623 1346
1695192529260 0.16023023426532745 1347
1695192529615 0.18713614344596863 1348
1695192529975 0.21941165626049042 1349
1695192530327 0.22619746625423431 1350
1695192530679 0.171232670545578 1351
1695192531033 0.22836071252822876 1352
1695192531385 0.22055602073669434 1353
1695192531738 0.16142742335796356 1354
1695192532095 0.2046603411436081 1355
1695192532449 0.1673695296049118 1356
1695192532803 0.21132011711597443 1357
1695192533155 0.18196280300617218 1358
1695192533508 0.18057385087013245 1359
1695192533863 0.16689838469028473 1360
1695192534216 0.13695713877677917 1361
1695192534568 0.18553949892520905 1362
1695192534920 0.17236633598804474 1363
1695192535285 0.21344125270843506 1364
1695192535639 0.20014190673828125 1365
1695192535992 0.17261867225170135 1366
1695192536345 0.17785154283046722 1367
1695192536696 0.2224111258983612 1368
1695192537050 0.1792922466993332 1369
1695192537403 0.22695738077163696 1370
1695192537754 0.16771870851516724 1371
1695192538107 0.17367935180664062 1372
1695192538466 0.22184979915618896 1373
1695192538821 0.18326981365680695 1374
1695192539173 0.24187268316745758 1375
1695192539530 0.18739888072013855 1376
1695192539882 0.13831749558448792 1377
1695192540235 0.18860113620758057 1378
1695192540588 0.16072365641593933 1379
1695192540942 0.13365304470062256 1380
1695192541294 0.14436453580856323 1381
1695192541646 0.17022490501403809 1382
1695192541999 0.18472504615783691 1383
1695192542352 0.1541067510843277 1384
1695192542705 0.19908438622951508 1385
1695192543057 0.1721983104944229 1386
1695192543413 0.21226352453231812 1387
1695192543764 0.16585448384284973 1388
1695192544116 0.18276561796665192 1389
1695192544472 0.17853158712387085 1390
1695192544827 0.19774970412254333 1391
1695192545181 0.14852134883403778 1392
1695192545531 0.20763643085956573 1393
1695192545884 0.18228739500045776 1394
1695192546236 0.18675272166728973 1395
1695192546591 0.17871461808681488 1396
1695192546946 0.2428164780139923 1397
1695192547306 0.1730235517024994 1398
1695192547661 0.21261732280254364 1399
1695192548013 0.15027758479118347 1400
1695192548365 0.157839834690094 1401
1695192548713 0.21860180795192719 1402
1695192549071 0.15490524470806122 1403
1695192549422 0.15958957374095917 1404
1695192549775 0.12934504449367523 1405
1695192550129 0.18373936414718628 1406
1695192550484 0.14774802327156067 1407
1695192550837 0.194615438580513 1408
1695192551192 0.13185079395771027 1409
1695192551545 0.12816734611988068 1410
1695192551896 0.21288065612316132 1411
1695192552253 0.17810843884944916 1412
1695192552605 0.18012434244155884 1413
1695192552958 0.23474684357643127 1414
1695192553312 0.17757228016853333 1415
1695192553664 0.2091616839170456 1416
1695192554017 0.2146894782781601 1417
1695192554370 0.16840778291225433 1418
1695192554724 0.1694662868976593 1419
1695192555075 0.19697006046772003 1420
1695192555428 0.14186938107013702 1421
1695192555782 0.1561407893896103 1422
1695192556135 0.18040107190608978 1423
1695192556489 0.2537459135055542 1424
1695192556841 0.2381829172372818 1425
1695192557194 0.15600919723510742 1426
1695192557547 0.18034185469150543 1427
1695192557902 0.19631566107273102 1428
1695192558255 0.21950340270996094 1429
1695192558611 0.18225009739398956 1430
1695192558969 0.14601892232894897 1431
1695192559320 0.17361092567443848 1432
1695192559674 0.1461838334798813 1433
1695192560025 0.1668960005044937 1434
1695192560383 0.1940135955810547 1435
1695192560735 0.18924564123153687 1436
1695192561091 0.12349680811166763 1437
1695192561446 0.12471162527799606 1438
1695192561798 0.16086581349372864 1439
