1695143286270 1941.205078125 0
1695143289951 1994.1409912109375 1
1695143290257 1796.7880859375 2
1695143290575 1520.9530029296875 3
1695143290884 1534.3837890625 4
1695143291189 1504.5374755859375 5
1695143291493 1471.0560302734375 6
1695143291801 1323.0911865234375 7
1695143292111 1311.92333984375 8
1695143292415 1240.592041015625 9
1695143292721 1313.16748046875 10
1695143293023 1210.59716796875 11
1695143293324 1208.703125 12
1695143293640 1172.6307373046875 13
1695143293956 1137.9464111328125 14
1695143294256 1118.405029296875 15
1695143294556 1184.60986328125 16
1695143294857 1085.570068359375 17
1695143295158 1111.974609375 18
1695143295458 1067.5430908203125 19
1695143295759 1072.5390625 20
1695143296070 1046.4830322265625 21
1695143296371 1039.6160888671875 22
1695143296671 1063.23486328125 23
1695143296971 1063.66064453125 24
1695143297287 986.1997680664062 25
1695143297589 990.93310546875 26
1695143297891 1001.4737548828125 27
1695143298193 1007.4892578125 28
1695143298494 1012.2586669921875 29
1695143298796 994.8291015625 30
1695143299101 952.0242309570312 31
1695143299404 998.6550903320312 32
1695143299705 940.4630126953125 33
1695143300008 927.0214233398438 34
1695143300319 945.7919311523438 35
1695143300652 945.343505859375 36
1695143300990 939.411376953125 37
1695143301303 934.00341796875 38
1695143301614 913.683837890625 39
1695143301926 913.9140625 40
1695143302238 887.3778076171875 41
1695143302550 902.1596069335938 42
1695143302885 872.1717529296875 43
1695143303222 933.1744995117188 44
1695143303539 896.1797485351562 45
1695143303848 882.8128051757812 46
1695143304153 865.384765625 47
1695143304455 828.2579345703125 48
1695143304758 887.6148681640625 49
1695143305069 877.2778930664062 50
1695143305386 861.7732543945312 51
1695143305689 838.5272216796875 52
1695143305991 834.1507568359375 53
1695143306293 856.3175048828125 54
1695143306596 855.1286010742188 55
1695143306899 796.227294921875 56
1695143307206 813.2068481445312 57
1695143307509 802.9100952148438 58
1695143307823 802.7786254882812 59
1695143308137 841.623291015625 60
1695143308440 796.5137939453125 61
1695143308746 822.08154296875 62
1695143309049 791.006103515625 63
1695143309351 820.261962890625 64
1695143309654 753.0206298828125 65
1695143309956 787.377197265625 66
1695143310257 755.6968994140625 67
1695143310559 825.57275390625 68
1695143310862 764.4581298828125 69
1695143311172 746.2625732421875 70
1695143311478 771.892822265625 71
1695143311789 752.3079833984375 72
1695143312095 733.10693359375 73
1695143312401 784.446533203125 74
1695143312714 737.259765625 75
1695143313032 741.8504638671875 76
1695143313350 755.5775146484375 77
1695143313676 787.83154296875 78
1695143314015 757.4222412109375 79
1695143314321 750.2192993164062 80
1695143314624 746.2727661132812 81
1695143314928 741.254150390625 82
1695143315231 747.5838623046875 83
1695143315535 721.7354736328125 84
1695143315838 758.1556396484375 85
1695143316144 713.62158203125 86
1695143316448 727.632080078125 87
1695143316754 715.3065185546875 88
1695143317060 740.072021484375 89
1695143317364 725.8001708984375 90
1695143317670 696.2601928710938 91
1695143317973 757.351318359375 92
1695143318276 728.606201171875 93
1695143318582 717.8529052734375 94
1695143318889 720.7093505859375 95
1695143319195 731.68408203125 96
1695143319499 680.9967041015625 97
1695143319802 676.841552734375 98
1695143320108 714.6168212890625 99
1695143320412 741.615478515625 100
1695143323864 738.030517578125 101
1695143324168 690.0537109375 102
1695143324472 667.523681640625 103
1695143324774 680.4044189453125 104
1695143325081 673.36962890625 105
1695143325385 706.5711059570312 106
1695143325692 681.6526489257812 107
1695143325996 661.2303466796875 108
1695143326300 677.2752075195312 109
1695143326603 646.234130859375 110
1695143326906 660.7291870117188 111
1695143327210 669.84033203125 112
1695143327513 656.0504760742188 113
1695143327816 678.9735107421875 114
1695143328120 644.3844604492188 115
1695143328427 704.353515625 116
1695143328733 631.0266723632812 117
1695143329038 668.7100830078125 118
1695143329356 647.5963134765625 119
1695143329660 666.13623046875 120
1695143329964 633.4083251953125 121
1695143330272 666.78662109375 122
1695143330578 626.307373046875 123
1695143330888 640.9736328125 124
1695143331195 649.7568969726562 125
1695143331529 678.4544067382812 126
1695143331876 637.4732666015625 127
1695143332215 622.8902587890625 128
1695143332554 673.8660888671875 129
1695143332865 668.293701171875 130
1695143333181 647.0671997070312 131
1695143333533 617.1261596679688 132
1695143333876 641.7766723632812 133
1695143334181 601.3670654296875 134
1695143334503 611.814697265625 135
1695143334810 642.92724609375 136
1695143335118 630.3672485351562 137
1695143335433 626.90625 138
1695143335773 586.78076171875 139
1695143336093 596.159912109375 140
1695143336408 630.1519775390625 141
1695143336723 627.561767578125 142
1695143337035 668.5501098632812 143
1695143337349 600.1837768554688 144
1695143337666 621.8218994140625 145
1695143337980 623.5579223632812 146
1695143338299 636.2821044921875 147
1695143338604 612.1334228515625 148
1695143338917 624.0828857421875 149
1695143339234 596.8455200195312 150
1695143339552 596.78564453125 151
1695143339861 617.0223388671875 152
1695143340172 579.997314453125 153
1695143340480 566.927490234375 154
1695143340790 585.4969482421875 155
1695143341101 568.1939086914062 156
1695143341412 586.1571044921875 157
1695143341725 587.1441650390625 158
1695143342036 576.6981201171875 159
1695143342349 594.8369750976562 160
1695143342661 624.554931640625 161
1695143342972 595.0748901367188 162
1695143343286 602.4581298828125 163
1695143343599 608.141845703125 164
