1694798515114 2206.83935546875 0
1694798515447 2236.969482421875 1
1694798515774 2200.09326171875 2
1694798516100 2192.441162109375 3
1694798516436 2222.3828125 4
1694798516767 2082.0732421875 5
1694798517098 2173.342041015625 6
1694798517431 2177.380615234375 7
1694798517759 2108.12060546875 8
1694798518079 2106.994873046875 9
1694798518418 2088.002197265625 10
1694798518743 2016.674560546875 11
1694798519072 1990.9090576171875 12
1694798519401 1977.95263671875 13
1694798519722 1961.8394775390625 14
1694798520050 1929.185791015625 15
1694798520383 1903.357421875 16
1694798520720 1813.072021484375 17
1694798521053 1903.523681640625 18
1694798521384 1897.34326171875 19
1694798521709 1830.7171630859375 20
1694798522035 1782.008056640625 21
1694798522364 1849.9769287109375 22
1694798522692 1817.265380859375 23
1694798523016 1778.026123046875 24
1694798523345 1827.472900390625 25
1694798523669 1704.4384765625 26
1694798523990 1802.9114990234375 27
1694798524310 1815.1531982421875 28
1694798524633 1750.491455078125 29
1694798524958 1718.8505859375 30
1694798525276 1711.22705078125 31
1694798525601 1667.0609130859375 32
1694798525968 1708.82080078125 33
1694798526307 1706.89697265625 34
1694798526649 1674.173095703125 35
1694798526976 1666.555908203125 36
1694798527304 1721.0947265625 37
1694798527644 1603.241943359375 38
1694798527985 1755.5184326171875 39
1694798528311 1651.28759765625 40
1694798528642 1617.115478515625 41
1694798528969 1665.82275390625 42
1694798529304 1620.21875 43
1694798529648 1583.7742919921875 44
1694798529993 1464.465087890625 45
1694798530336 1660.1502685546875 46
1694798530682 1579.4473876953125 47
1694798531033 1610.139404296875 48
1694798531383 1499.996826171875 49
1694798531745 1502.3798828125 50
1694798532079 1521.9246826171875 51
1694798532414 1562.400390625 52
1694798532771 1436.279052734375 53
1694798533107 1491.694091796875 54
1694798533452 1554.13232421875 55
1694798533810 1485.1971435546875 56
1694798534174 1405.99609375 57
1694798534514 1402.556396484375 58
1694798534853 1417.0673828125 59
1694798535178 1506.3385009765625 60
1694798535510 1390.0732421875 61
1694798535843 1489.770263671875 62
1694798536167 1384.8968505859375 63
1694798536496 1446.684814453125 64
1694798536823 1356.105224609375 65
1694798537156 1444.0509033203125 66
1694798537481 1512.947265625 67
1694798537812 1279.4117431640625 68
1694798538139 1405.103759765625 69
1694798538462 1285.770263671875 70
1694798538787 1255.023193359375 71
1694798539114 1394.943359375 72
1694798539444 1390.7503662109375 73
1694798539780 1374.300048828125 74
1694798540103 1235.09375 75
1694798540424 1373.000732421875 76
1694798540749 1230.997314453125 77
1694798541078 1325.779052734375 78
1694798541425 1235.0509033203125 79
1694798541755 1302.722412109375 80
1694798542089 1370.5810546875 81
1694798542420 1308.8602294921875 82
1694798542742 1206.475830078125 83
1694798543087 1340.52587890625 84
1694798543415 1231.30712890625 85
1694798543773 1228.0430908203125 86
1694798544104 1222.2413330078125 87
1694798544445 1271.0946044921875 88
1694798544799 1244.11181640625 89
1694798545144 1308.6505126953125 90
1694798545481 1237.9605712890625 91
1694798545822 1256.6497802734375 92
1694798546158 1220.145751953125 93
1694798546501 1251.64306640625 94
1694798546829 1290.1026611328125 95
1694798547154 1189.81787109375 96
1694798547497 1267.828369140625 97
1694798547832 1316.89013671875 98
1694798548161 1305.3101806640625 99
