1694798434613 2197.391845703125 0
1694798434954 1981.3304443359375 1
1694798435289 1952.97705078125 2
1694798435630 1769.447509765625 3
1694798435967 1747.86083984375 4
1694798436304 1763.1295166015625 5
1694798436631 1719.591796875 6
1694798436963 1785.7125244140625 7
1694798437289 1687.058349609375 8
1694798437609 1698.140380859375 9
1694798437934 1619.641357421875 10
1694798438259 1653.784912109375 11
1694798438583 1626.7232666015625 12
1694798438909 1631.26025390625 13
1694798439234 1667.3824462890625 14
1694798439563 1639.3408203125 15
1694798439888 1579.349853515625 16
1694798440213 1633.4825439453125 17
1694798440535 1664.1533203125 18
1694798440856 1662.9525146484375 19
1694798441178 1481.418701171875 20
1694798441499 1608.2767333984375 21
1694798441832 1504.150634765625 22
1694798442179 1613.926025390625 23
1694798442525 1498.106689453125 24
1694798442880 1657.248779296875 25
1694798443209 1707.1212158203125 26
1694798443536 1712.093505859375 27
1694798443884 1489.07763671875 28
1694798444235 1643.3880615234375 29
1694798444567 1685.755126953125 30
1694798444916 1556.18603515625 31
1694798445256 1649.193359375 32
1694798445603 1593.127685546875 33
1694798445935 1867.159423828125 34
1694798446256 1681.96728515625 35
1694798446580 1669.0616455078125 36
1694798446935 1770.032470703125 37
1694798447278 1663.29931640625 38
1694798447606 1516.049072265625 39
1694798447957 1740.45654296875 40
1694798448303 1745.5751953125 41
1694798448661 1532.776611328125 42
1694798449017 2076.46728515625 43
1694798449360 1658.6024169921875 44
1694798449699 1856.697998046875 45
1694798450028 1854.1690673828125 46
1694798450360 1758.04443359375 47
1694798450690 1847.000244140625 48
1694798451017 1863.4278564453125 49
1694798451344 1680.2685546875 50
1694798451673 1688.8876953125 51
1694798452006 1872.181884765625 52
1694798452334 1844.4486083984375 53
1694798452661 1706.021728515625 54
1694798452992 1728.134521484375 55
1694798453321 1584.025146484375 56
1694798453642 1905.8369140625 57
1694798453963 1886.1563720703125 58
1694798454286 1665.4130859375 59
1694798454614 1723.66796875 60
1694798454942 1637.25146484375 61
1694798455269 1896.01123046875 62
1694798455593 1687.2247314453125 63
1694798455918 1786.4609375 64
1694798456241 1821.00146484375 65
1694798456564 1828.01513671875 66
1694798456898 2136.663818359375 67
1694798457232 1634.56591796875 68
1694798457582 1626.705322265625 69
1694798457915 1693.056396484375 70
1694798458257 2056.71826171875 71
1694798458595 1605.837890625 72
1694798458933 2063.496337890625 73
1694798459261 1921.9620361328125 74
1694798459596 1733.65283203125 75
1694798459922 1784.8223876953125 76
1694798460258 1684.589599609375 77
1694798460588 2209.39599609375 78
1694798460919 1952.510009765625 79
1694798461246 2044.9058837890625 80
1694798461574 2201.23876953125 81
1694798461895 1820.292236328125 82
1694798462224 1618.5936279296875 83
1694798462551 2390.183349609375 84
1694798462878 1888.0552978515625 85
1694798463204 1816.353759765625 86
1694798463538 1829.181884765625 87
1694798463870 1869.207763671875 88
1694798464187 1718.818603515625 89
1694798464512 1897.9022216796875 90
1694798464841 1673.158203125 91
1694798465162 1665.9420166015625 92
1694798465492 2002.6226806640625 93
1694798465819 1701.05224609375 94
1694798466142 1869.5992431640625 95
1694798466466 2303.158203125 96
1694798466784 2021.171875 97
1694798467106 1660.451416015625 98
1694798467431 1827.787109375 99
1694798467763 1968.744384765625 100
1694798468086 1932.862548828125 101
1694798468429 2495.22216796875 102
1694798468749 2569.08544921875 103
1694798469074 1843.08984375 104
1694798469399 3216.186279296875 105
1694798469732 2089.537109375 106
1694798470056 2580.5693359375 107
1694798470381 2045.8525390625 108
1694798470718 2129.72265625 109
1694798471057 1924.2108154296875 110
1694798471384 1766.401611328125 111
1694798471707 2128.255859375 112
1694798472035 1734.5615234375 113
1694798472358 2597.17138671875 114
1694798472680 1939.199951171875 115
1694798473006 2095.848876953125 116
1694798473338 2123.6943359375 117
1694798473669 2143.741943359375 118
1694798473998 1834.16259765625 119
1694798474326 2299.71533203125 120
1694798474653 2182.265380859375 121
1694798474983 2406.841552734375 122
1694798475308 2212.779296875 123
1694798475641 2378.06201171875 124
1694798475988 1951.8592529296875 125
1694798476337 1908.619873046875 126
1694798476669 2018.460693359375 127
1694798476995 1911.6396484375 128
1694798477323 1948.34033203125 129
1694798477652 1813.52001953125 130
1694798477986 2729.903076171875 131
1694798478321 2073.4091796875 132
1694798478659 1832.0703125 133
1694798478984 2314.32080078125 134
1694798479317 1856.947265625 135
1694798479660 1852.28369140625 136
1694798479990 1731.741943359375 137
1694798480321 2025.6214599609375 138
1694798480647 1797.616943359375 139
1694798480975 1810.998046875 140
1694798481319 2036.45361328125 141
1694798481650 1814.70166015625 142
1694798481992 1951.09619140625 143
1694798482332 1786.765869140625 144
1694798482671 1830.15234375 145
1694798483002 2020.04150390625 146
1694798483331 1748.632568359375 147
1694798483663 1882.202392578125 148
1694798483997 2045.884521484375 149
1694798484322 1904.088134765625 150
1694798484656 1910.916015625 151
1694798484994 1873.3175048828125 152
1694798485332 1847.02001953125 153
1694798485667 1759.1982421875 154
1694798486021 2121.529296875 155
1694798486359 2210.712890625 156
1694798486691 1926.248291015625 157
1694798487029 1723.917236328125 158
1694798487361 2232.530029296875 159
1694798487688 2068.363525390625 160
1694798488020 1935.4747314453125 161
1694798488371 1873.35791015625 162
1694798488723 1762.155029296875 163
