1694798095199 2191.496826171875 0
1694798095535 2209.535400390625 1
1694798095872 2257.71533203125 2
1694798096199 2154.650634765625 3
1694798096535 2279.824462890625 4
1694798096865 2177.177001953125 5
1694798097198 2215.573974609375 6
1694798097527 2215.244140625 7
1694798097848 2188.1689453125 8
1694798098179 2225.607666015625 9
1694798098510 2225.869140625 10
1694798098839 2185.4765625 11
1694798099171 2170.11767578125 12
1694798099492 2177.89697265625 13
1694798099827 2221.093994140625 14
1694798100160 2287.829833984375 15
1694798100490 2179.68212890625 16
1694798100818 2246.851318359375 17
1694798101151 2141.22021484375 18
1694798101487 2191.492431640625 19
1694798101822 2223.72021484375 20
1694798102148 2214.567626953125 21
1694798102480 2141.28515625 22
1694798102812 2266.633544921875 23
1694798103142 2114.50244140625 24
1694798103475 2260.1181640625 25
1694798103804 2179.273681640625 26
1694798104133 2252.851806640625 27
1694798104460 2224.48388671875 28
1694798104799 2158.73193359375 29
1694798105128 2158.444580078125 30
1694798105466 2164.5966796875 31
1694798105819 2153.783935546875 32
1694798106168 2151.86767578125 33
1694798106516 2201.32080078125 34
1694798106846 2164.620361328125 35
1694798107174 2197.5244140625 36
1694798107501 2179.88916015625 37
1694798107833 2157.581787109375 38
1694798108166 2222.2822265625 39
1694798108497 2153.975341796875 40
1694798108829 2270.08154296875 41
1694798109159 2191.8935546875 42
1694798109491 2150.2392578125 43
1694798109830 2191.787109375 44
1694798110152 2227.203857421875 45
1694798110478 2224.459716796875 46
1694798110818 2115.749755859375 47
1694798111145 2223.92724609375 48
1694798111474 2190.6025390625 49
1694798111815 2169.925048828125 50
1694798112142 2174.37744140625 51
1694798112474 2132.319580078125 52
1694798112809 2207.769287109375 53
1694798113137 2217.96630859375 54
1694798113472 2208.351318359375 55
1694798113804 2153.767578125 56
1694798114130 2087.33837890625 57
1694798114465 2220.60986328125 58
1694798114801 2146.051025390625 59
1694798115135 2112.083984375 60
1694798115470 2147.5673828125 61
1694798115810 2136.719482421875 62
1694798116142 2159.5576171875 63
1694798116477 2091.989501953125 64
1694798116816 2033.802978515625 65
1694798117151 1992.4442138671875 66
1694798117483 2132.767822265625 67
1694798117817 2197.024169921875 68
1694798118148 2082.63623046875 69
1694798118481 2152.340576171875 70
1694798118814 2084.3349609375 71
1694798119147 2133.205078125 72
1694798119483 2228.4755859375 73
1694798119818 2175.4775390625 74
1694798120154 2169.11376953125 75
1694798120490 2149.293212890625 76
1694798120830 2104.618896484375 77
1694798121173 2052.934814453125 78
1694798121499 2043.971923828125 79
1694798121832 2136.304931640625 80
1694798122167 2086.880126953125 81
1694798122501 2167.635009765625 82
1694798122835 2073.658935546875 83
1694798123168 2056.3125 84
1694798123499 2124.00537109375 85
1694798123833 2074.775390625 86
1694798124169 2171.1484375 87
1694798124507 2131.204345703125 88
1694798124841 2128.3115234375 89
1694798125174 2068.32421875 90
1694798125509 2070.269287109375 91
1694798125840 2086.817626953125 92
1694798126175 2128.158203125 93
1694798126509 2143.541259765625 94
1694798126836 2030.3963623046875 95
1694798127173 2048.56591796875 96
1694798127503 2086.73681640625 97
1694798127838 2034.344482421875 98
1694798128172 2106.88427734375 99
1694798128512 2166.06201171875 100
1694798128846 2051.783935546875 101
1694798129180 1988.614501953125 102
1694798129521 2139.787109375 103
1694798129854 2076.596923828125 104
1694798130181 2023.74755859375 105
1694798130515 2105.244384765625 106
1694798130846 1969.444091796875 107
1694798131185 2096.567626953125 108
1694798131513 2024.841064453125 109
1694798131850 2051.029052734375 110
1694798132185 2057.7763671875 111
1694798132514 2026.2674560546875 112
1694798132843 1858.1317138671875 113
1694798133178 1919.9527587890625 114
1694798133510 2032.5665283203125 115
1694798133847 2012.9176025390625 116
1694798134188 2034.60791015625 117
1694798134520 2098.734130859375 118
1694798134848 1834.286376953125 119
1694798135182 1941.52197265625 120
1694798135519 1919.9639892578125 121
1694798135862 1997.28076171875 122
1694798136189 1848.9481201171875 123
1694798136524 2051.47705078125 124
1694798136856 1928.1666259765625 125
1694798137197 1978.839599609375 126
1694798137529 1968.1387939453125 127
1694798137866 1997.08544921875 128
1694798138204 2108.0654296875 129
1694798138533 1969.108642578125 130
1694798138867 1997.9229736328125 131
1694798139202 1918.60546875 132
1694798139534 1974.7393798828125 133
1694798139865 1870.91015625 134
1694798140193 1909.1468505859375 135
1694798140528 1892.4688720703125 136
1694798140863 1805.072021484375 137
1694798141191 1774.429443359375 138
1694798141532 1892.8450927734375 139
1694798141862 1809.552734375 140
1694798142197 1965.528564453125 141
1694798142527 1852.815673828125 142
1694798142860 1903.3499755859375 143
1694798143195 1863.1680908203125 144
1694798143531 1843.379638671875 145
1694798143862 1921.3212890625 146
1694798144199 1862.263916015625 147
1694798144534 1859.14990234375 148
1694798144864 1771.7081298828125 149
1694798145195 1776.67724609375 150
1694798145528 1870.8648681640625 151
1694798145862 1762.56201171875 152
1694798146193 1855.469970703125 153
1694798146524 1856.022705078125 154
1694798146861 1774.77587890625 155
1694798147198 1807.4315185546875 156
1694798147534 1793.11279296875 157
1694798147876 1813.6160888671875 158
1694798148213 1760.4681396484375 159
1694798148549 1847.8408203125 160
1694798148884 1691.80126953125 161
1694798149211 1695.885986328125 162
1694798149539 1873.4073486328125 163
1694798149874 1665.60791015625 164
1694798150214 1812.4620361328125 165
1694798150543 1728.5999755859375 166
1694798150880 1836.3701171875 167
1694798151215 1753.257568359375 168
1694798151552 1717.7581787109375 169
1694798151889 1800.4385986328125 170
1694798152227 1706.2979736328125 171
1694798152561 1778.5810546875 172
1694798152895 1782.06396484375 173
1694798153224 1744.9256591796875 174
1694798153559 1791.6573486328125 175
1694798153895 1668.21875 176
1694798154229 1759.800048828125 177
1694798154566 1705.8555908203125 178
1694798154905 1705.146484375 179
1694798155235 1750.7803955078125 180
1694798155571 1673.3944091796875 181
1694798155901 1757.96142578125 182
1694798156234 1772.759033203125 183
1694798156568 1677.132080078125 184
1694798156914 1725.42138671875 185
1694798157253 1767.2032470703125 186
1694798157585 1685.4083251953125 187
1694798157921 1720.88623046875 188
1694798158262 1708.6976318359375 189
1694798158600 1816.82275390625 190
1694798158934 1582.2327880859375 191
1694798159267 1692.0523681640625 192
1694798159604 1708.322509765625 193
1694798159937 1720.88427734375 194
1694798160272 1691.868408203125 195
1694798160606 1644.96728515625 196
1694798160942 1661.1417236328125 197
1694798161279 1611.924560546875 198
1694798161619 1643.35205078125 199
1694798161955 1558.49560546875 200
1694798162290 1643.337158203125 201
1694798162628 1689.89404296875 202
1694798162984 1712.186767578125 203
1694798163331 1616.734619140625 204
1694798163672 1627.638671875 205
1694798164016 1570.838623046875 206
1694798164368 1727.72802734375 207
1694798164715 1716.5228271484375 208
1694798165074 1660.64404296875 209
1694798165432 1774.915771484375 210
1694798165785 1628.28759765625 211
1694798166152 1621.762451171875 212
1694798166506 1627.7392578125 213
1694798166846 1733.1898193359375 214
1694798167198 1628.673583984375 215
1694798167549 1698.9468994140625 216
1694798167891 1599.360595703125 217
1694798168233 1713.9462890625 218
1694798168618 1640.12646484375 219
1694798168980 1661.26611328125 220
1694798169333 1700.23046875 221
1694798169672 1695.8438720703125 222
1694798170009 1636.610107421875 223
1694798170351 1711.76513671875 224
1694798170689 1574.297119140625 225
1694798171023 1627.6435546875 226
1694798171365 1651.99658203125 227
1694798171710 1588.98974609375 228
1694798172061 1559.9017333984375 229
1694798172403 1557.482177734375 230
1694798172745 1552.407958984375 231
1694798173087 1636.0225830078125 232
1694798173424 1516.224365234375 233
1694798173778 1679.2833251953125 234
1694798174123 1597.662109375 235
1694798174476 1532.1900634765625 236
1694798174816 1567.547119140625 237
1694798175150 1633.4637451171875 238
1694798175484 1513.775390625 239
1694798175826 1602.251953125 240
1694798176159 1560.452880859375 241
1694798176496 1503.0146484375 242
1694798176832 1652.813232421875 243
1694798177183 1558.454833984375 244
1694798177521 1516.26416015625 245
1694798177862 1538.295654296875 246
1694798178198 1505.1051025390625 247
1694798178529 1498.0162353515625 248
1694798178867 1445.770751953125 249
1694798179210 1627.4234619140625 250
1694798179548 1562.573486328125 251
1694798179908 1599.281494140625 252
1694798180255 1517.291748046875 253
1694798180615 1489.49853515625 254
1694798180950 1584.65673828125 255
1694798181292 1589.028076171875 256
1694798181640 1548.1241455078125 257
1694798181998 1432.8875732421875 258
1694798182358 1580.0791015625 259
1694798182711 1519.0067138671875 260
1694798183070 1528.327880859375 261
1694798183403 1580.8857421875 262
1694798183745 1485.389892578125 263
1694798184080 1481.154541015625 264
1694798184435 1597.335205078125 265
1694798184782 1480.1639404296875 266
1694798185140 1556.068115234375 267
1694798185506 1482.54443359375 268
1694798185883 1622.74560546875 269
1694798186225 1495.246826171875 270
1694798186570 1498.066650390625 271
1694798186923 1511.900146484375 272
1694798187272 1424.9722900390625 273
1694798187620 1441.78125 274
1694798187962 1563.075439453125 275
1694798188298 1412.8568115234375 276
1694798188645 1560.98095703125 277
1694798188978 1535.968017578125 278
1694798189329 1522.146728515625 279
1694798189697 1475.84765625 280
1694798190035 1524.0177001953125 281
1694798190367 1441.549560546875 282
1694798190705 1548.8856201171875 283
1694798191041 1437.429931640625 284
1694798191377 1374.575439453125 285
1694798191707 1521.593994140625 286
1694798192037 1429.268798828125 287
1694798192373 1378.09130859375 288
1694798192712 1398.051513671875 289
1694798193047 1398.452392578125 290
1694798193388 1447.985107421875 291
1694798193721 1492.753662109375 292
1694798194064 1408.258056640625 293
1694798194399 1401.086181640625 294
1694798194739 1418.030517578125 295
1694798195074 1500.443115234375 296
1694798195422 1405.1124267578125 297
1694798195753 1441.66552734375 298
1694798196092 1542.74365234375 299
1694798196431 1513.8448486328125 300
1694798196768 1446.984619140625 301
1694798197102 1498.4705810546875 302
1694798197446 1504.027587890625 303
1694798197788 1351.7216796875 304
1694798198120 1397.346435546875 305
1694798198460 1429.1533203125 306
1694798198799 1386.854736328125 307
1694798199129 1368.077392578125 308
1694798199471 1472.43310546875 309
1694798199804 1434.8779296875 310
1694798200134 1419.926025390625 311
1694798200463 1437.81787109375 312
1694798200789 1349.334228515625 313
1694798201125 1365.23291015625 314
1694798201457 1478.4241943359375 315
1694798201790 1506.5159912109375 316
1694798202121 1347.2669677734375 317
1694798202457 1366.990234375 318
1694798202790 1388.7022705078125 319
1694798203120 1544.21630859375 320
1694798203452 1479.51953125 321
1694798203787 1503.07666015625 322
1694798204122 1365.377197265625 323
1694798204452 1360.35791015625 324
1694798204783 1359.939208984375 325
1694798205116 1419.36083984375 326
1694798205456 1440.654296875 327
1694798205792 1380.530029296875 328
1694798206131 1375.0484619140625 329
1694798206481 1360.9061279296875 330
1694798206821 1359.953125 331
1694798207162 1279.0946044921875 332
1694798207493 1313.3629150390625 333
1694798207831 1435.9891357421875 334
1694798208162 1319.5860595703125 335
1694798208496 1370.1939697265625 336
1694798208825 1314.6458740234375 337
1694798209147 1378.664794921875 338
1694798209481 1345.253173828125 339
1694798209819 1348.5283203125 340
1694798210148 1410.399169921875 341
1694798210489 1434.3740234375 342
1694798210824 1322.46484375 343
1694798211155 1275.6754150390625 344
1694798211490 1249.240966796875 345
1694798211831 1411.789794921875 346
1694798212161 1276.671142578125 347
1694798212497 1407.314697265625 348
1694798212824 1324.2255859375 349
1694798213148 1322.8092041015625 350
1694798213480 1302.841064453125 351
1694798213811 1381.833740234375 352
1694798214152 1367.7567138671875 353
1694798214485 1394.868408203125 354
1694798214813 1299.8428955078125 355
1694798215152 1329.209716796875 356
1694798215485 1278.1851806640625 357
1694798215834 1405.373779296875 358
1694798216171 1295.956298828125 359
1694798216507 1304.3160400390625 360
1694798216845 1329.1962890625 361
1694798217178 1343.67333984375 362
1694798217515 1316.57861328125 363
1694798217857 1262.814208984375 364
1694798218199 1284.61865234375 365
1694798218547 1300.57470703125 366
1694798218904 1390.085693359375 367
1694798219244 1193.640869140625 368
1694798219577 1284.2708740234375 369
1694798219938 1300.696044921875 370
1694798220286 1311.26416015625 371
1694798220624 1290.154052734375 372
1694798220980 1288.13037109375 373
1694798221317 1279.08984375 374
1694798221656 1323.886474609375 375
1694798221998 1209.35986328125 376
1694798222333 1319.5634765625 377
1694798222668 1244.868896484375 378
1694798223004 1226.38623046875 379
1694798223343 1433.1405029296875 380
1694798223684 1228.0953369140625 381
1694798224022 1238.6466064453125 382
1694798224359 1336.22021484375 383
1694798224697 1407.9239501953125 384
1694798225033 1187.9794921875 385
1694798225376 1285.945556640625 386
1694798225715 1246.37890625 387
1694798226056 1257.203125 388
1694798226393 1245.904541015625 389
1694798226731 1315.9072265625 390
1694798227072 1268.42724609375 391
1694798227412 1238.082275390625 392
1694798227761 1226.1527099609375 393
1694798228114 1305.035400390625 394
1694798228467 1211.0087890625 395
1694798228810 1307.0419921875 396
1694798229153 1210.86376953125 397
1694798229532 1297.107177734375 398
1694798229878 1236.0167236328125 399
1694798230213 1207.465576171875 400
1694798230547 1246.519775390625 401
1694798230891 1258.064697265625 402
1694798231226 1212.1405029296875 403
1694798231562 1166.205078125 404
1694798231894 1279.49365234375 405
1694798232233 1307.796142578125 406
1694798232580 1283.15771484375 407
1694798232915 1253.63720703125 408
1694798233253 1156.94970703125 409
1694798233582 1291.0775146484375 410
1694798233917 1231.577392578125 411
1694798234254 1261.8203125 412
1694798234591 1147.2545166015625 413
1694798234924 1240.955078125 414
1694798235272 1183.1015625 415
1694798235609 1201.151123046875 416
1694798235951 1231.62158203125 417
1694798236283 1194.00341796875 418
1694798236622 1169.006591796875 419
1694798236960 1162.6002197265625 420
1694798237298 1210.1158447265625 421
1694798237636 1278.608154296875 422
1694798237974 1181.7034912109375 423
1694798238330 1155.0648193359375 424
1694798238691 1270.078369140625 425
1694798239034 1199.17529296875 426
1694798239373 1261.6649169921875 427
1694798239713 1157.729248046875 428
1694798240071 1124.8331298828125 429
1694798240409 1297.50048828125 430
1694798240759 1320.5684814453125 431
1694798241096 1233.1796875 432
1694798241436 1361.072265625 433
1694798241771 1262.306396484375 434
1694798242125 1175.73193359375 435
1694798242477 1159.064697265625 436
1694798242831 1251.113525390625 437
1694798243172 1160.550048828125 438
1694798243509 1402.711669921875 439
1694798243845 1185.621826171875 440
1694798244183 1114.961669921875 441
1694798244521 1181.2119140625 442
1694798244860 1175.247802734375 443
1694798245203 1203.519287109375 444
1694798245555 1153.75830078125 445
1694798245894 1152.4227294921875 446
1694798246237 1210.443603515625 447
1694798246578 1074.3917236328125 448
1694798246915 1142.3963623046875 449
1694798247257 1203.4908447265625 450
1694798247615 1244.896484375 451
1694798247966 1112.5205078125 452
1694798248301 1121.059326171875 453
1694798248634 1161.0245361328125 454
1694798248966 1139.48974609375 455
1694798249302 1156.688720703125 456
1694798249644 1207.3238525390625 457
1694798249986 1198.981689453125 458
1694798250326 1288.3369140625 459
1694798250665 1185.7646484375 460
1694798251003 1184.8427734375 461
1694798251338 1044.5302734375 462
1694798251672 1128.19970703125 463
1694798252010 1123.94775390625 464
1694798252342 1110.0625 465
1694798252679 1128.24853515625 466
1694798253012 1130.841552734375 467
1694798253382 1112.16796875 468
1694798253733 1120.779296875 469
1694798254083 1147.6976318359375 470
1694798254419 1179.7078857421875 471
1694798254747 1032.5234375 472
1694798255082 1196.16845703125 473
1694798255432 1155.58984375 474
1694798255762 1177.50830078125 475
1694798256093 1174.15869140625 476
1694798256429 1097.359130859375 477
1694798256766 1120.9100341796875 478
1694798257101 1174.212890625 479
1694798257437 1146.785888671875 480
1694798257779 1148.5802001953125 481
1694798258112 1140.2744140625 482
1694798258454 1142.7352294921875 483
1694798258788 1044.407958984375 484
1694798259133 1104.6182861328125 485
1694798259471 1213.85888671875 486
1694798259829 1177.5439453125 487
1694798260167 1068.8896484375 488
1694798260507 1212.9013671875 489
1694798260841 1256.2799072265625 490
1694798261203 1150.83740234375 491
1694798261551 1134.110595703125 492
1694798261895 1191.28173828125 493
1694798262242 1178.7164306640625 494
1694798262581 1163.048583984375 495
1694798262920 1212.782470703125 496
1694798263261 1232.90966796875 497
1694798263604 1175.08642578125 498
1694798263946 1088.1060791015625 499
1694798264275 1135.1142578125 500
1694798264611 1069.578125 501
1694798264955 1057.05810546875 502
1694798265305 1168.1839599609375 503
1694798265645 1091.81689453125 504
1694798265983 1094.76611328125 505
1694798266315 1126.4521484375 506
1694798266648 1157.08544921875 507
1694798266982 1116.3165283203125 508
1694798267317 1161.7579345703125 509
1694798267643 1051.78076171875 510
1694798267977 1126.1961669921875 511
1694798268310 1104.582275390625 512
1694798268645 1077.81201171875 513
1694798268983 1080.727294921875 514
1694798269322 1083.569091796875 515
1694798269651 992.77197265625 516
1694798269978 1092.457275390625 517
1694798270311 1171.295654296875 518
1694798270648 1108.0751953125 519
1694798270993 1173.22998046875 520
1694798271335 1096.3297119140625 521
1694798271673 1071.9739990234375 522
1694798272010 1134.193359375 523
1694798272348 1066.612548828125 524
1694798272687 1110.907470703125 525
1694798273035 1093.544677734375 526
1694798273374 1057.2774658203125 527
1694798273707 1078.864013671875 528
1694798274039 980.193359375 529
1694798274376 1041.8233642578125 530
1694798274714 1138.5927734375 531
1694798275050 1039.5924072265625 532
1694798275411 998.126953125 533
1694798275752 1050.5462646484375 534
1694798276085 1078.55908203125 535
1694798276426 1056.20263671875 536
1694798276769 1054.119384765625 537
1694798277107 1009.72119140625 538
1694798277442 1067.596923828125 539
1694798277784 1111.645751953125 540
1694798278117 1046.42138671875 541
1694798278457 1098.7012939453125 542
1694798278796 1070.0029296875 543
1694798279136 1042.9244384765625 544
1694798279477 1040.0128173828125 545
1694798279809 1058.4971923828125 546
1694798280145 1007.7300415039062 547
1694798280482 1088.0726318359375 548
1694798280818 1071.5535888671875 549
1694798281150 993.5040893554688 550
1694798281489 1095.7391357421875 551
1694798281823 1045.8302001953125 552
1694798282163 1125.834716796875 553
1694798282495 1014.0421142578125 554
1694798282826 991.5681762695312 555
1694798283158 1091.6796875 556
1694798283490 1001.03857421875 557
1694798283846 1028.60302734375 558
1694798284176 1028.781494140625 559
1694798284512 1025.2662353515625 560
1694798284855 980.3714599609375 561
1694798285198 996.7000732421875 562
1694798285523 1091.5751953125 563
1694798285864 1091.8319091796875 564
1694798286211 988.090576171875 565
1694798286556 1021.1392822265625 566
1694798286898 1035.0521240234375 567
1694798287243 1030.328857421875 568
1694798287587 1048.645751953125 569
1694798287921 1017.62158203125 570
1694798288261 1174.7354736328125 571
1694798288622 1093.0733642578125 572
1694798288964 1060.4951171875 573
1694798289303 988.6804809570312 574
1694798289639 994.9859008789062 575
1694798289966 1003.2296142578125 576
1694798290302 1143.68017578125 577
1694798290635 1034.8291015625 578
1694798290967 1096.8271484375 579
1694798291307 1070.382568359375 580
1694798291644 1013.3426513671875 581
1694798291979 978.1910400390625 582
1694798292315 1026.4290771484375 583
1694798292646 1022.255615234375 584
1694798292981 1016.003173828125 585
1694798293319 1023.4171142578125 586
1694798293649 995.522705078125 587
1694798293979 1093.6697998046875 588
1694798294314 1007.8140258789062 589
1694798294654 973.8641357421875 590
1694798294986 965.27978515625 591
1694798295342 1066.246337890625 592
1694798295673 1020.0276489257812 593
1694798296008 998.3262939453125 594
1694798296342 988.4893798828125 595
1694798296679 1012.1173706054688 596
1694798297013 1043.3173828125 597
1694798297343 1060.806884765625 598
1694798297677 995.1914672851562 599
1694798298021 989.4077758789062 600
1694798298353 1022.440185546875 601
1694798298696 1024.939208984375 602
1694798299051 995.8446655273438 603
1694798299404 1006.7765502929688 604
1694798299763 963.5921020507812 605
1694798300100 1023.710693359375 606
1694798300451 1002.41064453125 607
1694798300791 993.6021118164062 608
1694798301129 1040.8173828125 609
1694798301477 986.79736328125 610
1694798301806 996.7861938476562 611
1694798302139 948.5792846679688 612
1694798302468 938.7662353515625 613
1694798302796 1013.5643310546875 614
1694798303133 1049.630615234375 615
1694798303466 999.7098388671875 616
1694798303804 1092.209228515625 617
1694798304136 1122.4078369140625 618
1694798304475 938.5855102539062 619
1694798304809 992.2386474609375 620
1694798305155 1055.464599609375 621
1694798305503 1037.467529296875 622
1694798305840 1105.4970703125 623
1694798306177 1074.740478515625 624
1694798306505 934.021484375 625
1694798306841 979.655517578125 626
1694798307175 988.86962890625 627
1694798307504 965.5791015625 628
1694798307834 925.8333740234375 629
1694798308167 1001.2772216796875 630
1694798308499 1048.699951171875 631
1694798308834 992.110595703125 632
1694798309164 1071.23583984375 633
1694798309493 956.58984375 634
1694798309829 1102.3516845703125 635
1694798310164 1134.427490234375 636
1694798310494 996.4071655273438 637
1694798310831 1058.545166015625 638
1694798311172 1044.66455078125 639
1694798311510 1009.3562622070312 640
1694798311840 1050.61767578125 641
1694798312180 972.5050048828125 642
1694798312512 1022.6695556640625 643
1694798312848 1012.0796508789062 644
1694798313184 956.9520263671875 645
1694798313522 961.620361328125 646
1694798313856 1053.52099609375 647
1694798314201 1019.056640625 648
1694798314541 1084.005126953125 649
1694798314881 956.8256225585938 650
1694798315226 1046.5484619140625 651
1694798315557 967.07666015625 652
1694798315893 1016.6858520507812 653
1694798316235 965.897705078125 654
1694798316568 993.547607421875 655
1694798316903 972.3511962890625 656
1694798317233 931.8279418945312 657
1694798317563 915.0553588867188 658
1694798317904 1004.2880249023438 659
1694798318237 1014.4933471679688 660
1694798318579 962.6895751953125 661
1694798318930 957.1424560546875 662
1694798319265 919.5182495117188 663
1694798319599 921.4237670898438 664
1694798319924 1043.91357421875 665
1694798320263 963.5925903320312 666
1694798320600 904.891357421875 667
1694798320932 959.6668090820312 668
1694798321270 1017.6766357421875 669
1694798321607 921.9556884765625 670
1694798321944 957.508544921875 671
1694798322280 931.5137939453125 672
1694798322619 959.7398681640625 673
1694798322957 995.056640625 674
1694798323292 938.7864379882812 675
1694798323628 961.669189453125 676
1694798323963 911.5919189453125 677
1694798324298 967.2799072265625 678
1694798324628 967.209228515625 679
1694798324958 1141.6270751953125 680
1694798325305 905.5445556640625 681
1694798325653 899.09912109375 682
1694798325989 940.1924438476562 683
1694798326325 906.50537109375 684
1694798326664 965.1401977539062 685
1694798326994 976.6575927734375 686
1694798327330 988.959716796875 687
1694798327662 954.87353515625 688
1694798327999 936.374267578125 689
1694798328337 991.4519653320312 690
1694798328661 1110.0791015625 691
1694798328999 899.0468139648438 692
1694798329334 875.171630859375 693
1694798329673 979.9298095703125 694
1694798330026 959.2631225585938 695
1694798330372 965.733642578125 696
1694798330715 947.8414306640625 697
1694798331064 1155.69580078125 698
1694798331420 911.1148681640625 699
1694798331771 883.987548828125 700
1694798332114 973.3042602539062 701
1694798332450 853.4197387695312 702
1694798332789 883.3575439453125 703
1694798333124 925.5242919921875 704
1694798333463 949.70849609375 705
1694798333805 954.8518676757812 706
1694798334152 929.9149780273438 707
1694798334494 936.4228515625 708
1694798334835 881.294677734375 709
1694798335173 869.0634765625 710
1694798335523 916.2604370117188 711
1694798335863 882.7749633789062 712
1694798336207 921.4246826171875 713
1694798336553 897.4612426757812 714
1694798336891 941.4990844726562 715
1694798337227 1016.65869140625 716
1694798337562 973.9193725585938 717
1694798337899 882.935546875 718
1694798338240 894.1410522460938 719
1694798338578 940.794677734375 720
1694798338909 891.5878295898438 721
1694798339254 993.3872680664062 722
1694798339591 892.0398559570312 723
1694798339930 980.569091796875 724
1694798340274 913.1363525390625 725
1694798340608 916.496337890625 726
1694798340944 937.8401489257812 727
1694798341275 931.406005859375 728
1694798341610 954.5005493164062 729
1694798341935 920.2444458007812 730
1694798342264 973.5972900390625 731
1694798342600 922.6494140625 732
1694798342936 894.886474609375 733
1694798343268 926.7219848632812 734
1694798343602 940.5396728515625 735
1694798343937 892.7427978515625 736
1694798344277 938.739013671875 737
1694798344626 1030.6783447265625 738
1694798344958 955.5914306640625 739
1694798345295 900.8397216796875 740
1694798345627 896.6918334960938 741
1694798345963 897.15185546875 742
1694798346294 886.9351196289062 743
1694798346629 958.91357421875 744
1694798346962 863.0280151367188 745
1694798347289 836.4860229492188 746
1694798347622 907.5318603515625 747
1694798347957 937.6386108398438 748
1694798348290 874.639404296875 749
1694798348624 890.139892578125 750
1694798348957 844.4069213867188 751
1694798349299 925.2947387695312 752
1694798349634 951.7886352539062 753
1694798349970 874.573974609375 754
1694798350306 883.4785766601562 755
1694798350639 915.1644287109375 756
1694798350981 904.9301147460938 757
1694798351315 926.8106689453125 758
1694798351654 931.8538208007812 759
1694798351987 948.4059448242188 760
1694798352320 950.6150512695312 761
1694798352653 921.92578125 762
1694798352994 920.4888916015625 763
1694798353333 895.0112915039062 764
1694798353668 867.633056640625 765
1694798353998 915.2730102539062 766
1694798354327 865.9639282226562 767
1694798354661 874.5411376953125 768
1694798355001 936.6683349609375 769
1694798355344 847.1766357421875 770
1694798355683 833.3594970703125 771
1694798356023 944.3048095703125 772
1694798356355 942.9104614257812 773
1694798356691 890.07861328125 774
1694798357030 935.303466796875 775
1694798357364 892.8775634765625 776
1694798357699 909.6732177734375 777
1694798358028 868.4241333007812 778
1694798358365 899.6490478515625 779
1694798358700 875.6431884765625 780
1694798359040 961.7443237304688 781
1694798359376 929.1912841796875 782
1694798359714 815.0140380859375 783
1694798360052 897.1820068359375 784
1694798360386 925.5833129882812 785
1694798360724 866.8966064453125 786
1694798361057 841.2872314453125 787
1694798361403 957.4531860351562 788
1694798361738 801.4166259765625 789
1694798362072 857.969482421875 790
1694798362411 912.423583984375 791
1694798362740 924.7392578125 792
1694798363078 848.510986328125 793
1694798363416 862.8797607421875 794
1694798363757 934.93505859375 795
1694798364094 893.5314331054688 796
1694798364436 895.7991333007812 797
1694798364771 964.67529296875 798
1694798365111 976.99072265625 799
1694798365447 897.7156372070312 800
1694798365801 910.3903198242188 801
1694798366159 955.89306640625 802
1694798366518 840.803955078125 803
1694798366859 920.384765625 804
1694798367210 921.4710693359375 805
1694798367582 941.7254028320312 806
1694798367946 892.78271484375 807
1694798368309 878.4007568359375 808
1694798368646 902.6212158203125 809
1694798368991 897.9096069335938 810
1694798369329 910.1253662109375 811
1694798369675 852.3252563476562 812
1694798370024 869.6271362304688 813
1694798370411 909.644775390625 814
1694798370758 841.4400024414062 815
1694798371098 902.3226318359375 816
1694798371432 888.1422119140625 817
1694798371769 915.058349609375 818
1694798372105 892.4952392578125 819
1694798372443 880.3146362304688 820
1694798372776 855.7286987304688 821
1694798373119 865.3381958007812 822
1694798373460 928.4161987304688 823
1694798373798 946.3060913085938 824
1694798374135 892.0111083984375 825
1694798374464 821.7276611328125 826
1694798374795 924.386474609375 827
1694798375125 913.5396728515625 828
1694798375466 887.5123291015625 829
1694798375801 866.8573608398438 830
1694798376138 868.6204833984375 831
1694798376476 909.2830200195312 832
1694798376807 922.5792846679688 833
1694798377138 821.907470703125 834
1694798377492 902.0653076171875 835
1694798377855 827.447021484375 836
1694798378208 874.7086791992188 837
1694798378571 813.9912109375 838
