1694177669705 0.9785691499710083 0
1694177671257 0.8377623558044434 1
1694177672944 0.6846580505371094 2
1694177674545 0.5949044823646545 3
1694177676038 0.4933909773826599 4
1694177677693 0.4931958019733429 5
1694177679259 0.4490537643432617 6
1694177680723 0.4678417146205902 7
1694177682176 0.5554335117340088 8
1694177683613 0.5707607269287109 9
1694177685059 0.5339131951332092 10
1694177686513 0.5047979354858398 11
1694177688154 0.4745635986328125 12
1694177689628 0.4369482100009918 13
1694177691106 0.4278357923030853 14
1694177692583 0.438850462436676 15
1694177694045 0.4037184417247772 16
1694177695508 0.39484235644340515 17
1694177697060 0.3840174973011017 18
1694177698605 0.3739485442638397 19
1694177700080 0.37192201614379883 20
1694177701718 0.3620665371417999 21
1694177703278 0.34634608030319214 22
1694177704790 0.31974363327026367 23
1694177706259 0.3381560742855072 24
1694177707914 0.3364700973033905 25
1694177709413 0.30816468596458435 26
1694177710872 0.3254680037498474 27
1694177712308 0.3028469681739807 28
1694177713761 0.2735048830509186 29
1694177715224 0.2591311037540436 30
1694177716672 0.29749852418899536 31
1694177718399 0.2688784897327423 32
1694177719850 0.28680795431137085 33
1694177721302 0.28959545493125916 34
1694177722780 0.25524353981018066 35
1694177724245 0.26867157220840454 36
1694177725708 0.2774665057659149 37
1694177727156 0.27047741413116455 38
1694177728623 0.24958878755569458 39
1694177730078 0.23808716237545013 40
1694177731536 0.2372240275144577 41
1694177732996 0.23499172925949097 42
1694177734456 0.24138419330120087 43
1694177735906 0.22530227899551392 44
1694177737351 0.23361974954605103 45
1694177738814 0.1990363895893097 46
1694177740268 0.2106802761554718 47
1694177741714 0.21142806112766266 48
1694177743184 0.18592020869255066 49
1694177744639 0.1997847706079483 50
1694177746102 0.19919605553150177 51
1694177747555 0.22707118093967438 52
1694177749017 0.18462394177913666 53
1694177750467 0.20501430332660675 54
1694177751918 0.19337214529514313 55
1694177753366 0.18759959936141968 56
1694177754816 0.18222962319850922 57
1694177756268 0.19021272659301758 58
1694177757722 0.18344345688819885 59
1694177759187 0.18991178274154663 60
1694177760643 0.20338881015777588 61
1694177762106 0.1656806617975235 62
1694177763565 0.15798339247703552 63
1694177765012 0.17863839864730835 64
1694177766474 0.18409191071987152 65
1694177768116 0.16887560486793518 66
1694177769585 0.16793857514858246 67
1694177771124 0.17119348049163818 68
1694177772696 0.16057553887367249 69
1694177774179 0.16854418814182281 70
1694177775639 0.18301424384117126 71
1694177777117 0.15381143987178802 72
1694177778593 0.17453160881996155 73
1694177780041 0.1763538420200348 74
1694177781491 0.15306131541728973 75
1694177782941 0.17130352556705475 76
1694177784384 0.1803351491689682 77
1694177785826 0.1623230278491974 78
1694177787274 0.17838026583194733 79
1694177788724 0.19137424230575562 80
1694177790158 0.20413368940353394 81
1694177791597 0.204634889960289 82
1694177793047 0.23515865206718445 83
1694177794508 0.22955405712127686 84
1694177795961 0.215917706489563 85
1694177797408 0.21991747617721558 86
1694177798864 0.2069111317396164 87
1694177800308 0.22898158431053162 88
1694177801747 0.2582962214946747 89
1694177803196 0.25848186016082764 90
1694177804631 0.2762088179588318 91
1694177806074 0.26092424988746643 92
1694177807526 0.26288318634033203 93
1694177808983 0.2918171286582947 94
1694177810424 0.26422905921936035 95
1694177811869 0.2890375554561615 96
1694177813325 0.30095309019088745 97
1694177814770 0.2703748345375061 98
1694177816310 0.28294599056243896 99
1694177817876 0.3114422857761383 100
1694177819331 0.2960670292377472 101
1694177820779 0.3051804006099701 102
1694177822231 0.3112035393714905 103
1694177823698 0.32332631945610046 104
1694177825136 0.2943304479122162 105
1694177826571 0.2853022515773773 106
1694177828192 0.25865036249160767 107
1694177829622 0.25639358162879944 108
1694177831082 0.2683539092540741 109
1694177832531 0.2687724232673645 110
1694177833991 0.2587859034538269 111
1694177835443 0.28694602847099304 112
1694177836893 0.2992427349090576 113
1694177838480 0.30300432443618774 114
1694177839930 0.2884249985218048 115
1694177841380 0.30110999941825867 116
1694177842833 0.30745527148246765 117
1694177844285 0.2982420027256012 118
1694177845741 0.3030937910079956 119
1694177847185 0.2980794608592987 120
1694177848651 0.2764381468296051 121
1694177850096 0.25676771998405457 122
1694177851550 0.2357822060585022 123
1694177853000 0.26731687784194946 124
1694177854459 0.26757991313934326 125
1694177855906 0.2898779511451721 126
1694177857350 0.2824004888534546 127
1694177858811 0.26265019178390503 128
1694177860248 0.2747928202152252 129
1694177861692 0.2619430422782898 130
1694177863138 0.284941703081131 131
1694177864591 0.2905322015285492 132
1694177866028 0.2840954661369324 133
1694177867554 0.2789832353591919 134
1694177869018 0.2727481722831726 135
1694177870473 0.27257078886032104 136
1694177871920 0.251426100730896 137
1694177873361 0.27187231183052063 138
1694177874802 0.26123684644699097 139
1694177876242 0.2938632071018219 140
1694177877678 0.2938773036003113 141
1694177879129 0.27833086252212524 142
1694177880578 0.2826540768146515 143
1694177882033 0.26595228910446167 144
1694177883487 0.2726386487483978 145
1694177884922 0.2833438515663147 146
1694177886370 0.24134622514247894 147
1694177887983 0.2654435932636261 148
1694177889440 0.2553434669971466 149
1694177890895 0.26790422201156616 150
1694177892354 0.2758859694004059 151
1694177893792 0.28846901655197144 152
1694177895240 0.3059573471546173 153
1694177896677 0.2709478437900543 154
1694177898304 0.25744518637657166 155
1694177899760 0.2788519263267517 156
1694177901200 0.2588624060153961 157
1694177902655 0.2570498287677765 158
1694177904101 0.26818811893463135 159
1694177905539 0.2524851858615875 160
1694177906989 0.26595616340637207 161
1694177908496 0.2570051848888397 162
1694177909955 0.3035934567451477 163
1694177911407 0.34821900725364685 164
1694177912942 0.343323677778244 165
1694177914381 0.28695571422576904 166
1694177915820 0.27717530727386475 167
1694177917261 0.2960991859436035 168
1694177918706 0.2977082431316376 169
1694177920185 0.3199101686477661 170
1694177921646 0.3111496865749359 171
1694177923091 0.32149362564086914 172
1694177924538 0.29343873262405396 173
1694177925978 0.2925083041191101 174
1694177927423 0.29950428009033203 175
1694177928891 0.25929272174835205 176
1694177930342 0.28563353419303894 177
1694177931788 0.2554684579372406 178
1694177933266 0.2961382269859314 179
1694177934714 0.26747623085975647 180
1694177936165 0.2741580605506897 181
1694177937614 0.274899423122406 182
1694177939081 0.2769208550453186 183
1694177940543 0.2818090617656708 184
1694177941985 0.2883838415145874 185
1694177943436 0.29483649134635925 186
1694177944888 0.2919699549674988 187
1694177946341 0.26566991209983826 188
1694177947948 0.2605135440826416 189
1694177949404 0.27927491068840027 190
1694177950856 0.26298099756240845 191
1694177952301 0.27169081568717957 192
1694177953755 0.2598589360713959 193
1694177955196 0.2626497149467468 194
1694177956641 0.2551185190677643 195
1694177958255 0.2622203230857849 196
1694177959702 0.2734243869781494 197
1694177961129 0.2739206552505493 198
1694177962569 0.26271864771842957 199
1694177964109 0.25569087266921997 200
1694177965563 0.249751016497612 201
1694177967003 0.26468342542648315 202
1694177968490 0.2493388056755066 203
1694177969939 0.2426183670759201 204
1694177971378 0.25145941972732544 205
1694177972832 0.2410110980272293 206
1694177974280 0.25403285026550293 207
1694177975722 0.2599719762802124 208
1694177977179 0.2513136863708496 209
1694177978635 0.26423215866088867 210
1694177980055 0.2471894919872284 211
1694177981488 0.2856796085834503 212
1694177982926 0.2394615262746811 213
1694177984359 0.2343492954969406 214
1694177985785 0.24029651284217834 215
1694177987234 0.2594034671783447 216
1694177988689 0.24489441514015198 217
1694177990129 0.32320436835289 218
1694177991573 0.340505987405777 219
1694177993008 0.2729143500328064 220
1694177994446 0.23900926113128662 221
1694177995889 0.24711504578590393 222
1694177997327 0.2549492418766022 223
1694177998810 0.25916942954063416 224
1694178000252 0.28491270542144775 225
1694178001704 0.3054327368736267 226
1694178003146 0.26646050810813904 227
1694178004578 0.2500065565109253 228
1694178006012 0.2603577971458435 229
1694178007447 0.24831925332546234 230
1694178008996 0.2489585280418396 231
1694178010438 0.2652311325073242 232
1694178011876 0.29212266206741333 233
1694178013329 0.26749616861343384 234
1694178014773 0.25943228602409363 235
1694178016209 0.2606741786003113 236
1694178017655 0.20359854400157928 237
1694178019112 0.33859410881996155 238
1694178020545 0.43460965156555176 239
1694178021972 0.37714967131614685 240
1694178023421 0.408651202917099 241
1694178024864 0.4103708565235138 242
1694178026304 0.40955162048339844 243
1694178027818 0.3859861195087433 244
1694178029280 0.35638514161109924 245
1694178030717 0.3972501754760742 246
1694178032157 0.4014364182949066 247
1694178033606 0.42543044686317444 248
1694178035049 0.4275016784667969 249
1694178036481 0.43938326835632324 250
1694178038095 0.4094969928264618 251
1694178039544 0.36206942796707153 252
1694178040980 0.3672841489315033 253
1694178042420 0.3766772449016571 254
1694178043864 0.39307430386543274 255
1694178045293 0.3696885108947754 256
1694178046722 0.3623886704444885 257
1694178048313 0.3693281412124634 258
1694178049749 0.37533557415008545 259
1694178051177 0.3494701087474823 260
1694178052606 0.36422285437583923 261
1694178054028 0.3500615954399109 262
1694178055467 0.35130372643470764 263
1694178056903 0.3510366976261139 264
1694178058482 0.37273108959198 0
1694178060001 0.3564831614494324 1
1694178061444 0.361473947763443 2
1694178062874 0.31339210271835327 3
1694178064317 0.3411788046360016 4
1694178065770 0.32460495829582214 5
1694178067205 0.3438992202281952 6
1694178068744 0.34305548667907715 7
1694178070178 0.370468407869339 8
1694178071614 0.3450539708137512 9
1694178073039 0.3332902491092682 10
1694178074466 0.31215670704841614 11
1694178075894 0.3195369243621826 12
1694178077340 0.32333576679229736 13
1694178078786 0.31233087182044983 14
1694178080210 0.31826135516166687 15
1694178081632 0.2633645534515381 16
1694178083069 0.27617090940475464 17
1694178084500 0.2941397726535797 18
1694178085925 0.26254233717918396 19
1694178087352 0.3065437972545624 20
1694178088781 0.2740216851234436 21
1694178090201 0.3194102644920349 22
1694178091622 0.2883765697479248 23
1694178093048 0.2773241400718689 24
1694178094480 0.2947472035884857 25
1694178095902 0.2794635593891144 26
1694178097327 0.3163289725780487 27
1694178098771 0.33454638719558716 28
1694178100211 0.3360099196434021 29
1694178101645 0.3416496515274048 30
1694178103082 0.31459563970565796 31
1694178104594 0.3112681210041046 32
1694178106020 0.27952179312705994 33
1694178107449 0.29803797602653503 34
1694178108891 0.3094204366207123 35
1694178110328 0.2995501160621643 36
1694178111762 0.3116925358772278 37
1694178113204 0.2970066964626312 38
1694178114640 0.29269567131996155 39
1694178116068 0.3140943646430969 40
1694178117508 0.2724897563457489 41
1694178118975 0.31836557388305664 42
1694178120417 0.3159468173980713 43
1694178121849 0.2969028651714325 44
1694178123296 0.2881806492805481 45
1694178124737 0.3078806698322296 46
1694178126177 0.26380279660224915 47
1694178127611 0.29932713508605957 48
1694178129063 0.2627393901348114 49
1694178130504 0.2891610562801361 50
1694178131937 0.29013311862945557 51
1694178133370 0.2732456624507904 52
1694178134808 0.25249597430229187 53
1694178136243 0.25907501578330994 54
1694178137670 0.2721867859363556 55
1694178139112 0.2605849802494049 56
1694178140540 0.26904964447021484 57
1694178141973 0.23659498989582062 58
1694178143394 0.2748453915119171 59
1694178144826 0.2623034119606018 60
1694178146253 0.23542001843452454 61
1694178147727 0.2558726370334625 62
1694178149173 0.25444769859313965 63
1694178150602 0.26411280035972595 64
1694178152033 0.286532998085022 65
1694178153465 0.26127976179122925 66
1694178154973 0.24154669046401978 67
1694178156405 0.2680063247680664 68
1694178158011 0.24982623755931854 69
1694178159438 0.22877055406570435 70
1694178160863 0.24677857756614685 71
1694178162298 0.263517290353775 72
1694178163737 0.26129889488220215 73
1694178165159 0.27569320797920227 74
1694178166578 0.2528751790523529 75
1694178168168 0.26760825514793396 76
1694178169605 0.2688210606575012 77
1694178171039 0.2591918706893921 78
1694178172477 0.22480636835098267 79
1694178173909 0.24291855096817017 80
1694178175321 0.2937386631965637 81
1694178176740 0.3085708022117615 82
1694178178316 0.2721729278564453 83
1694178179751 0.2241882085800171 84
1694178181200 0.24055692553520203 85
1694178182640 0.24152320623397827 86
1694178184073 0.2259775847196579 87
1694178185498 0.27221307158470154 88
1694178186931 0.25415295362472534 89
1694178188487 0.23606640100479126 90
1694178189924 0.23031418025493622 91
1694178191354 0.24631594121456146 92
1694178192781 0.24761952459812164 93
1694178194208 0.2479255497455597 94
1694178195633 0.23146601021289825 95
1694178197058 0.24355117976665497 96
1694178198508 0.2558281123638153 97
1694178200030 0.2400120198726654 98
1694178201464 0.24112869799137115 99
1694178202908 0.23671197891235352 100
1694178204349 0.2560402750968933 101
1694178205786 0.2973190248012543 102
1694178207221 0.2918687164783478 103
1694178208665 0.2507961690425873 104
1694178210089 0.23569051921367645 105
1694178211521 0.21092499792575836 106
1694178212937 0.2266044020652771 107
1694178214379 0.2388657182455063 108
1694178215798 0.2590063214302063 109
1694178217227 0.23822323977947235 110
1694178218665 0.21903027594089508 111
1694178220101 0.24914829432964325 112
1694178221540 0.2425013780593872 113
1694178222968 0.24414247274398804 114
1694178224394 0.24360203742980957 115
1694178225814 0.25385260581970215 116
1694178227232 0.22590257227420807 117
1694178228672 0.25409284234046936 118
1694178230089 0.22719697654247284 119
1694178231517 0.22331887483596802 120
1694178232950 0.23143824934959412 121
1694178234366 0.26075172424316406 122
1694178235785 0.24684295058250427 123
1694178237207 0.26800814270973206 124
1694178238664 0.2495907098054886 125
1694178240090 0.2342803180217743 126
1694178241514 0.23635436594486237 127
1694178242949 0.25160136818885803 128
1694178244374 0.23173660039901733 129
1694178245799 0.22477416694164276 130
1694178247236 0.23612229526042938 131
1694178248705 0.23567324876785278 132
1694178250224 0.2354283630847931 133
1694178251647 0.2226976603269577 134
1694178253075 0.22928418219089508 135
1694178254498 0.22687961161136627 136
1694178255940 0.23086591064929962 137
1694178257375 0.24437673389911652 138
1694178258810 0.22877946496009827 139
1694178260239 0.22765551507472992 140
1694178261669 0.2210109978914261 141
1694178263122 0.26224085688591003 142
1694178264569 0.2664473354816437 143
1694178265995 0.28938010334968567 144
1694178267424 0.27293410897254944 145
1694178268867 0.2371084988117218 146
1694178270305 0.21889713406562805 147
1694178271746 0.22434991598129272 148
1694178273186 0.2375473529100418 149
1694178274617 0.2451537847518921 150
1694178276043 0.23028326034545898 151
1694178277479 0.23766948282718658 152
1694178278923 0.2533552944660187 153
1694178280357 0.2247593104839325 154
1694178281790 0.23788169026374817 155
1694178283233 0.21287935972213745 156
1694178284654 0.24242283403873444 157
1694178286082 0.2354358285665512 158
1694178287499 0.22528348863124847 159
1694178288960 0.20619811117649078 160
1694178290402 0.21512821316719055 161
1694178291846 0.2614895701408386 162
1694178293279 0.24365991353988647 163
1694178294792 0.23053398728370667 164
1694178296239 0.22383669018745422 165
1694178297670 0.2392408400774002 166
1694178299121 0.22850240767002106 167
1694178300543 0.22954559326171875 168
1694178301975 0.22923128306865692 169
1694178303410 0.2211199849843979 170
1694178304839 0.25066033005714417 171
1694178306268 0.23696979880332947 172
1694178307768 0.2473818063735962 173
1694178309196 0.23251117765903473 174
1694178310629 0.23546956479549408 175
1694178312063 0.21128970384597778 176
1694178313503 0.21686571836471558 177
1694178314940 0.2125047892332077 178
1694178316383 0.21813087165355682 179
1694178317983 0.24077598750591278 180
1694178319414 0.24467730522155762 181
1694178320853 0.23293641209602356 182
1694178322278 0.22227774560451508 183
1694178323709 0.2280506044626236 184
1694178325145 0.22151820361614227 185
1694178326578 0.20234186947345734 186
1694178328176 0.21816320717334747 187
1694178329606 0.23517927527427673 188
1694178331031 0.25704845786094666 189
1694178332462 0.23874354362487793 190
1694178333897 0.2426331341266632 191
1694178335330 0.21771730482578278 192
1694178336771 0.20402638614177704 193
1694178338287 0.22117425501346588 194
1694178339738 0.1867341697216034 195
1694178341180 0.22791437804698944 196
1694178342609 0.24000000953674316 197
1694178344073 0.23236118257045746 198
1694178345600 0.23542247712612152 199
1694178347147 0.2183353453874588 200
1694178348615 0.22444882988929749 201
1694178350175 0.22081118822097778 202
1694178351620 0.2060832977294922 203
1694178353075 0.20135685801506042 204
1694178354517 0.20979289710521698 205
1694178355969 0.2421332150697708 206
1694178357394 0.23770534992218018 207
1694178358927 0.25029173493385315 208
1694178360371 0.2377234697341919 209
1694178361813 0.21832650899887085 210
1694178363232 0.20857363939285278 211
1694178364667 0.21326468884944916 212
1694178366105 0.20852887630462646 213
1694178367529 0.2218140959739685 214
1694178368991 0.23761413991451263 215
1694178370432 0.22865985333919525 216
1694178371863 0.2456638514995575 217
1694178373298 0.27052056789398193 218
1694178374737 0.2492913454771042 219
1694178376178 0.21752113103866577 220
1694178377617 0.22317560017108917 221
1694178379075 0.22248175740242004 222
1694178380506 0.22583317756652832 223
1694178381953 0.23649677634239197 224
1694178383396 0.23989088833332062 225
1694178384837 0.23045560717582703 226
1694178386256 0.21868674457073212 227
1694178387707 0.2501528859138489 228
1694178389149 0.24118290841579437 229
1694178390655 0.252173513174057 230
1694178392067 0.25078779458999634 231
1694178393494 0.2315344363451004 232
1694178394917 0.2052588313817978 233
1694178396343 0.20379923284053802 234
1694178397914 0.21377019584178925 235
1694178399362 0.23475176095962524 236
1694178400798 0.22492721676826477 237
1694178402211 0.2218209207057953 238
1694178403640 0.21369877457618713 239
1694178405054 0.20584478974342346 240
1694178406462 0.20360316336154938 241
1694178408024 0.2394886463880539 242
1694178409477 0.2345985770225525 243
1694178410898 0.21056115627288818 244
1694178412336 0.2370678335428238 245
1694178413754 0.2347227931022644 246
1694178415166 0.2092895805835724 247
1694178416587 0.22432205080986023 248
1694178418199 0.2146601527929306 249
1694178419619 0.24037204682826996 250
1694178421055 0.21565064787864685 251
1694178422498 0.2310306280851364 252
1694178423928 0.213312029838562 253
1694178425343 0.20934627950191498 254
1694178426772 0.21343283355236053 255
1694178428353 0.24822714924812317 256
1694178429755 0.2226325273513794 257
1694178431188 0.2304009348154068 258
1694178432627 0.2206055372953415 259
1694178434054 0.22037005424499512 260
1694178435532 0.2288709431886673 261
1694178436971 0.22718290984630585 262
1694178438403 0.23792430758476257 263
1694178439825 0.22453168034553528 264
1694178441458 0.21792733669281006 0
1694178442934 0.2039286494255066 1
1694178444404 0.20925161242485046 2
1694178445873 0.21895229816436768 3
1694178447332 0.22726541757583618 4
1694178448890 0.22223246097564697 5
1694178450343 0.22241556644439697 6
1694178451790 0.21882490813732147 7
1694178453319 0.21205413341522217 8
1694178454749 0.23661662638187408 9
1694178456182 0.20546935498714447 10
1694178457610 0.23150353133678436 11
1694178459062 0.2032098025083542 12
1694178460501 0.22896216809749603 13
1694178461929 0.21561667323112488 14
1694178463366 0.21721625328063965 15
1694178464797 0.2283226102590561 16
1694178466232 0.21834762394428253 17
1694178467681 0.2230299860239029 18
1694178469157 0.2148798406124115 19
1694178470585 0.23382338881492615 20
1694178472015 0.23641739785671234 21
1694178473458 0.22354963421821594 22
1694178474905 0.22779549658298492 23
1694178476351 0.22197633981704712 24
1694178477911 0.20310071110725403 25
1694178479360 0.2688760757446289 26
1694178480790 0.2301822304725647 27
1694178482232 0.21548797190189362 28
1694178483673 0.1980825811624527 29
1694178485106 0.23902277648448944 30
1694178486631 0.24307677149772644 31
1694178488128 0.2458047717809677 32
1694178489558 0.25283265113830566 33
1694178491010 0.20833934843540192 34
1694178492450 0.20734892785549164 35
1694178493900 0.2418762445449829 36
1694178495360 0.24122129380702972 37
1694178496907 0.2795998752117157 38
1694178498491 0.21563148498535156 39
1694178499919 0.2480582296848297 40
1694178501346 0.2620919346809387 41
1694178502782 0.2112712860107422 42
1694178504204 0.2374701052904129 43
1694178505624 0.22949422895908356 44
1694178507050 0.2277311384677887 45
1694178508501 0.2449807971715927 46
1694178509931 0.20029735565185547 47
1694178511364 0.23035334050655365 48
1694178512801 0.2506503462791443 49
1694178514228 0.27174484729766846 50
1694178515655 0.2266748994588852 51
1694178517082 0.21468912065029144 52
1694178518556 0.20159725844860077 53
1694178519999 0.209828719496727 54
1694178521441 0.2362494021654129 55
1694178522869 0.25577113032341003 56
1694178524293 0.21871376037597656 57
1694178525716 0.21425114572048187 58
1694178527135 0.21773391962051392 59
1694178528582 0.21678674221038818 60
1694178530016 0.2472907304763794 61
1694178531449 0.2641986906528473 62
1694178532889 0.2276383489370346 63
1694178534321 0.21240103244781494 64
1694178535758 0.22956784069538116 65
1694178537267 0.21482707560062408 66
1694178538768 0.20176605880260468 67
1694178540202 0.23328614234924316 68
1694178541641 0.24217882752418518 69
1694178543076 0.24088135361671448 70
1694178544516 0.22820977866649628 71
1694178545933 0.201811745762825 72
1694178547342 0.2036607265472412 73
1694178548811 0.21259722113609314 74
1694178550241 0.21775148808956146 75
1694178551671 0.21098077297210693 76
1694178553105 0.23529180884361267 77
1694178554537 0.23113633692264557 78
1694178555978 0.2457141876220703 79
1694178557410 0.20648738741874695 80
1694178558847 0.19852346181869507 81
1694178560263 0.19531771540641785 82
1694178561677 0.1986667364835739 83
1694178563095 0.2463780790567398 84
1694178564519 0.24920164048671722 85
1694178565937 0.24329812824726105 86
1694178567357 0.2222907990217209 87
1694178568785 0.21764253079891205 88
1694178570202 0.19625644385814667 89
1694178571626 0.20445960760116577 90
1694178573045 0.23643359541893005 91
1694178574464 0.21718846261501312 92
1694178575874 0.23323768377304077 93
1694178577296 0.23874013125896454 94
1694178578730 0.20970775187015533 95
1694178580148 0.23916061222553253 96
1694178581659 0.19921185076236725 97
1694178583083 0.2075282484292984 98
1694178584509 0.2174188792705536 99
1694178585924 0.23357081413269043 100
1694178587341 0.2345760464668274 101
1694178588773 0.24163730442523956 102
1694178590185 0.236373633146286 103
1694178591596 0.21613778173923492 104
1694178593009 0.2105848342180252 105
1694178594425 0.2223493754863739 106
1694178595843 0.2417161613702774 107
1694178597259 0.23736914992332458 108
1694178598689 0.20003938674926758 109
1694178600096 0.22349770367145538 110
1694178601512 0.22071462869644165 111
1694178602938 0.21542473137378693 112
1694178604348 0.2263798713684082 113
1694178605768 0.2651180922985077 114
1694178607182 0.2476588487625122 115
1694178608623 0.22077703475952148 116
1694178610047 0.2155182808637619 117
1694178611468 0.21936988830566406 118
1694178612891 0.22015389800071716 119
1694178614308 0.22172102332115173 120
1694178615729 0.22704702615737915 121
1694178617149 0.21947439014911652 122
1694178618593 0.2182788848876953 123
1694178620032 0.22624005377292633 124
1694178621458 0.2191825956106186 125
1694178622877 0.21236097812652588 126
1694178624304 0.2298334687948227 127
1694178625722 0.1894158273935318 128
1694178627143 0.2017129808664322 129
1694178628610 0.22170117497444153 130
1694178630092 0.24392686784267426 131
1694178631637 0.2302227020263672 132
1694178633073 0.23139990866184235 133
1694178634509 0.2240697592496872 134
1694178635931 0.20358119904994965 135
1694178637368 0.20210494101047516 136
1694178638830 0.21914458274841309 137
1694178640263 0.23859287798404694 138
1694178641694 0.23303081095218658 139
1694178643124 0.23460324108600616 140
1694178644558 0.2091411054134369 141
1694178645992 0.1991940438747406 142
1694178647398 0.20679639279842377 143
1694178648818 0.23327307403087616 144
1694178650266 0.23329424858093262 145
1694178651763 0.21799597144126892 146
1694178653252 0.23113970458507538 147
1694178654746 0.22422820329666138 148
1694178656231 0.22984246909618378 149
1694178657701 0.21263116598129272 150
1694178659187 0.24337011575698853 151
1694178660657 0.2596603333950043 152
1694178662102 0.24656131863594055 153
1694178663559 0.22777527570724487 154
1694178664984 0.2019861936569214 155
1694178666437 0.19218480587005615 156
1694178667860 0.18216648697853088 157
1694178669293 0.21458832919597626 158
1694178670716 0.23040913045406342 159
1694178672134 0.25209230184555054 160
1694178673642 0.23436199128627777 161
1694178675088 0.24337485432624817 162
1694178676623 0.19809815287590027 163
1694178678058 0.19088122248649597 164
1694178679487 0.1890707015991211 165
1694178680914 0.2023600935935974 166
1694178682330 0.21418148279190063 167
1694178683764 0.2777109444141388 168
1694178685192 0.23704949021339417 169
1694178686615 0.2231728434562683 170
1694178688060 0.2258591204881668 171
1694178689521 0.2202933430671692 172
1694178690980 0.23021315038204193 173
1694178692445 0.20175230503082275 174
1694178693908 0.24349011480808258 175
1694178695344 0.21454328298568726 176
1694178696764 0.20688951015472412 177
1694178698182 0.21281112730503082 178
1694178699609 0.24881838262081146 179
1694178701023 0.1986820101737976 180
1694178702553 0.2269941121339798 181
1694178704001 0.19824376702308655 182
1694178705447 0.20358693599700928 183
1694178706886 0.20978714525699615 184
1694178708362 0.2317088395357132 185
1694178709815 0.22751100361347198 186
1694178711261 0.20421604812145233 187
1694178712673 0.21450279653072357 188
1694178714121 0.2332838624715805 189
1694178715532 0.24078722298145294 190
1694178716959 0.2518213093280792 191
1694178718399 0.20564107596874237 192
1694178719825 0.20192652940750122 193
1694178721270 0.20028607547283173 194
1694178722691 0.2035348266363144 195
1694178724124 0.19539210200309753 196
1694178725580 0.21746477484703064 197
1694178727111 0.2366231083869934 198
1694178728626 0.21299435198307037 199
1694178730066 0.19591674208641052 200
1694178731532 0.20965443551540375 201
1694178732972 0.19523294270038605 202
1694178734407 0.2144172489643097 203
1694178735839 0.22338446974754333 204
1694178737287 0.25484025478363037 205
1694178738749 0.2261722981929779 206
1694178740200 0.23789705336093903 207
1694178741672 0.1903584599494934 208
1694178743132 0.18693526089191437 209
1694178744604 0.21889151632785797 210
1694178746032 0.22828173637390137 211
1694178747471 0.19535160064697266 212
1694178748905 0.21344499289989471 213
1694178750348 0.23013779520988464 214
1694178751840 0.2235417366027832 215
1694178753308 0.23709987103939056 216
1694178754742 0.23958157002925873 217
1694178756181 0.20692574977874756 218
1694178757611 0.21158671379089355 219
1694178759042 0.20739808678627014 220
1694178760475 0.2097361832857132 221
1694178761903 0.19242794811725616 222
1694178763329 0.19009025394916534 223
1694178764886 0.2161020040512085 224
1694178766423 0.24047431349754333 225
1694178767854 0.21409350633621216 226
1694178769287 0.21602723002433777 227
1694178770708 0.20887310802936554 228
1694178772275 0.20593591034412384 229
1694178773705 0.20514333248138428 230
1694178775150 0.2069031000137329 231
1694178776589 0.21751642227172852 232
1694178778026 0.2172345519065857 233
1694178779647 0.2231614887714386 234
1694178781150 0.22850967943668365 235
1694178782664 0.20215165615081787 236
1694178784160 0.21252621710300446 237
1694178785739 0.20636528730392456 238
1694178787296 0.19513928890228271 239
1694178788814 0.1980176717042923 240
1694178790339 0.21989834308624268 241
1694178791787 0.24255968630313873 242
1694178793262 0.2060501128435135 243
1694178794771 0.205549955368042 244
1694178796221 0.20766939222812653 245
1694178797704 0.19746269285678864 246
1694178799290 0.2015436887741089 247
1694178800845 0.20003345608711243 248
1694178802434 0.20520378649234772 249
1694178803954 0.2144632637500763 250
1694178805549 0.2154531329870224 251
1694178807114 0.24311929941177368 252
1694178808645 0.23977667093276978 253
1694178810202 0.2371373474597931 254
1694178811791 0.18806105852127075 255
1694178813365 0.17036303877830505 256
1694178814932 0.163666233420372 257
1694178816469 0.23027676343917847 258
1694178818179 0.26700666546821594 259
1694178819656 0.21437440812587738 260
1694178821373 0.2221696823835373 261
1694178822817 0.19559216499328613 262
1694178824372 0.2073352038860321 263
1694178825942 0.1952507346868515 264
