1694177669707 0.16264507174491882 0
1694177671259 0.7296664118766785 1
1694177672946 1.326033353805542 2
1694177674546 2.704706907272339 3
1694177676039 4.419730186462402 4
1694177677695 5.9424519538879395 5
1694177679260 7.293266773223877 6
1694177680724 8.223600387573242 7
1694177682177 9.192519187927246 8
1694177683615 9.92161750793457 9
1694177685060 10.280179977416992 10
1694177686515 10.869269371032715 11
1694177688156 11.235095024108887 12
1694177689629 11.428702354431152 13
1694177691108 11.52750301361084 14
1694177692584 11.567118644714355 15
1694177694047 11.632909774780273 16
1694177695509 11.799674987792969 17
1694177697062 11.466181755065918 18
1694177698606 11.596599578857422 19
1694177700081 11.424121856689453 20
1694177701719 11.246528625488281 21
1694177703279 11.348830223083496 22
1694177704791 10.811127662658691 23
1694177706260 10.848564147949219 24
1694177707915 10.607568740844727 25
1694177709414 10.444756507873535 26
1694177710874 10.092684745788574 27
1694177712310 9.818408012390137 28
1694177713763 9.758492469787598 29
1694177715226 9.327489852905273 30
1694177716674 9.211026191711426 31
1694177718400 8.975177764892578 32
1694177719851 8.752409934997559 33
1694177721303 8.29792308807373 34
1694177722781 8.286417007446289 35
1694177724246 8.118165969848633 36
1694177725709 7.666168212890625 37
1694177727157 7.41796350479126 38
1694177728625 7.241979122161865 39
1694177730080 6.944126605987549 40
1694177731538 6.693877696990967 41
1694177732997 6.237913131713867 42
1694177734457 6.1229047775268555 43
1694177735907 5.7920241355896 44
1694177737352 5.575219631195068 45
1694177738816 5.353979587554932 46
1694177740269 5.038403034210205 47
1694177741715 4.7245025634765625 48
1694177743185 4.524609088897705 49
1694177744641 4.317199230194092 50
1694177746103 3.9302010536193848 51
1694177747556 3.7528157234191895 52
1694177749018 3.4950757026672363 53
1694177750468 3.165370464324951 54
1694177751919 2.930847406387329 55
1694177753367 2.6857357025146484 56
1694177754817 2.5017025470733643 57
1694177756270 2.2419817447662354 58
1694177757724 2.016306161880493 59
1694177759188 1.8206084966659546 60
1694177760644 1.5621696710586548 61
1694177762107 1.3354301452636719 62
1694177763566 1.1004525423049927 63
1694177765014 0.9059891700744629 64
1694177766475 0.6581320762634277 65
1694177768117 0.435815691947937 66
1694177769586 0.26116129755973816 67
1694177771126 0.06587368994951248 68
1694177772697 -0.12160384654998779 69
1694177774180 -0.2932945787906647 70
1694177775641 -0.455089271068573 71
1694177777118 -0.6144404411315918 72
1694177778594 -0.7922056913375854 73
1694177780043 -0.936096727848053 74
1694177781493 -1.0581954717636108 75
1694177782942 -1.1968209743499756 76
1694177784385 -1.2962143421173096 77
1694177785828 -1.4121110439300537 78
1694177787275 -1.488563060760498 79
1694177788726 -1.5063493251800537 80
1694177790160 -1.5094462633132935 81
1694177791598 -1.5246140956878662 82
1694177793048 -1.5512816905975342 83
1694177794509 -1.55813729763031 84
1694177795962 -1.5828630924224854 85
1694177797410 -1.5609259605407715 86
1694177798866 -1.5408698320388794 87
1694177800310 -1.473694086074829 88
1694177801748 -1.7153868675231934 89
1694177803197 -2.0115344524383545 90
1694177804632 -2.315751075744629 91
1694177806075 -2.3029210567474365 92
1694177807527 -2.2814524173736572 93
1694177808984 -2.243664503097534 94
1694177810425 -2.2635748386383057 95
1694177811870 -2.1874003410339355 96
1694177813326 -2.1801445484161377 97
1694177814771 -2.0073344707489014 98
1694177816311 -1.8588004112243652 99
1694177817878 -1.8182801008224487 100
1694177819332 -1.6524189710617065 101
1694177820780 -1.6317657232284546 102
1694177822232 -1.5207273960113525 103
1694177823699 -1.465139627456665 104
1694177825137 -1.677539587020874 105
1694177826572 -1.6866992712020874 106
1694177828193 -1.630119800567627 107
1694177829623 -1.5242295265197754 108
1694177831083 -1.4230765104293823 109
1694177832533 -1.3285058736801147 110
1694177833993 -1.2122224569320679 111
1694177835445 -1.1160814762115479 112
1694177836894 -1.035150408744812 113
1694177838482 -0.9619891047477722 114
1694177839931 -0.872419536113739 115
1694177841381 -0.8342906832695007 116
1694177842835 -0.8291746973991394 117
1694177844287 -0.8609151840209961 118
1694177845742 -0.7911450862884521 119
1694177847186 -0.8221856951713562 120
1694177848653 -0.8567633628845215 121
1694177850097 -0.9444774985313416 122
1694177851551 -0.8210467100143433 123
1694177853002 -0.7813260555267334 124
1694177854461 -0.7322672009468079 125
1694177855907 -0.7032483220100403 126
1694177857351 -0.6951190233230591 127
1694177858812 -0.7092922925949097 128
1694177860249 -0.6733027696609497 129
1694177861693 -0.732429563999176 130
1694177863140 -0.7051083445549011 131
1694177864592 -0.7254102826118469 132
1694177866029 -0.7641834020614624 133
1694177867555 -0.7403151392936707 134
1694177869019 -0.8246011734008789 135
1694177870474 -0.7640553712844849 136
1694177871921 -0.7474779486656189 137
1694177873362 -0.7350704073905945 138
1694177874803 -0.7416383028030396 139
1694177876243 -0.6603642702102661 140
1694177877680 -0.5967764854431152 141
1694177879130 -0.7163384556770325 142
1694177880579 -0.6406446695327759 143
1694177882034 -0.6346254944801331 144
1694177883489 -0.5998380184173584 145
1694177884924 -0.5897155404090881 146
1694177886371 -0.6872951984405518 147
1694177887984 -0.5731878280639648 148
1694177889442 -0.6789360642433167 149
1694177890897 -0.6438426375389099 150
1694177892356 -1.0912278890609741 151
1694177893793 -0.6386092305183411 152
1694177895241 -0.5581557750701904 153
1694177896678 -0.7044054269790649 154
1694177898306 -0.6831060647964478 155
1694177899761 -0.5708341598510742 156
1694177901202 -0.7123152017593384 157
1694177902656 -0.7970179319381714 158
1694177904102 -0.5914451479911804 159
1694177905541 -0.6277105212211609 160
1694177906990 -0.5708528757095337 161
1694177908498 -0.7340207695960999 162
1694177909957 -0.5536973476409912 163
1694177911408 -0.572178840637207 164
1694177912944 -0.5756304860115051 165
1694177914382 -0.5953544974327087 166
1694177915821 -0.7112483978271484 167
1694177917262 -0.5851185321807861 168
1694177918708 -0.7372475862503052 169
1694177920186 -0.7113860845565796 170
1694177921648 -0.5945778489112854 171
1694177923093 -0.5639967918395996 172
1694177924540 -0.5484731197357178 173
1694177925979 -0.5645321011543274 174
1694177927424 -0.498474657535553 175
1694177928892 -0.5953059196472168 176
1694177930344 -0.5518082976341248 177
1694177931790 -0.5746162533760071 178
1694177933267 -0.5227594971656799 179
1694177934715 -0.5200397372245789 180
1694177936166 -0.4812031388282776 181
1694177937615 -0.542504608631134 182
1694177939082 -0.5325713157653809 183
1694177940544 -0.5117942690849304 184
1694177941986 -0.5408883094787598 185
1694177943438 -0.4524974524974823 186
1694177944890 -0.5048314929008484 187
1694177946342 -0.502133309841156 188
1694177947950 -0.49167299270629883 189
1694177949405 -0.4515489935874939 190
1694177950858 -0.4947660267353058 191
1694177952302 -0.4690200686454773 192
1694177953756 -0.4741075932979584 193
1694177955197 -0.4881477653980255 194
1694177956643 -0.45210930705070496 195
1694177958256 -0.4648069739341736 196
1694177959703 -0.4488265812397003 197
1694177961130 -0.43756452202796936 198
1694177962570 -0.5072067975997925 199
1694177964110 -0.45450690388679504 200
1694177965564 -0.44873911142349243 201
1694177967005 -0.4249461889266968 202
1694177968492 -0.4334910213947296 203
1694177969941 -0.4554419219493866 204
1694177971380 -0.4591449499130249 205
1694177972833 -0.46272116899490356 206
1694177974281 -0.4364735782146454 207
1694177975724 -0.41642341017723083 208
1694177977180 -0.44847193360328674 209
1694177978636 -0.4265248477458954 210
1694177980056 -0.4853391945362091 211
1694177981490 -0.393306702375412 212
1694177982927 -0.4429776966571808 213
1694177984360 -0.5070250034332275 214
1694177985786 -0.44679734110832214 215
1694177987235 -0.42949628829956055 216
1694177988690 -0.5367854237556458 217
1694177990130 -0.36477941274642944 218
1694177991575 -0.3796582818031311 219
1694177993009 -0.4377985894680023 220
1694177994448 -0.503132164478302 221
1694177995890 -0.46102333068847656 222
1694177997328 -0.5013841390609741 223
1694177998812 -0.444078654050827 224
1694178000253 -0.4651893079280853 225
1694178001705 -0.41643625497817993 226
1694178003147 -0.478989839553833 227
1694178004579 -0.5070180892944336 228
1694178006013 -0.43845847249031067 229
1694178007448 -0.4874611794948578 230
1694178008998 -0.5310356616973877 231
1694178010439 -0.4374922513961792 232
1694178011878 -0.41239234805107117 233
1694178013330 -0.4327511787414551 234
1694178014775 -0.4270806312561035 235
1694178016210 -0.4357716143131256 236
1694178017656 -0.6411146521568298 237
1694178019113 -0.6352993249893188 238
1694178020546 -0.7968868613243103 239
1694178021973 -1.4645216464996338 240
1694178023422 -1.378549337387085 241
1694178024865 -1.205374002456665 242
1694178026305 -1.1826798915863037 243
1694178027820 -1.032311201095581 244
1694178029281 -1.076806664466858 245
1694178030718 -0.813825786113739 246
1694178032159 -0.8016453981399536 247
1694178033608 -0.7012048363685608 248
1694178035051 -0.5776866674423218 249
1694178036482 -0.562833309173584 250
1694178038097 -0.5617579221725464 251
1694178039545 -0.57113116979599 252
1694178040982 -0.5758122205734253 253
1694178042421 -0.5242112278938293 254
1694178043865 -0.4567127823829651 255
1694178045294 -0.4733631908893585 256
1694178046723 -0.511126697063446 257
1694178048314 -0.4594475030899048 258
1694178049750 -0.4363107681274414 259
1694178051178 -0.4583740830421448 260
1694178052607 -0.45663028955459595 261
1694178054029 -0.4527791440486908 262
1694178055469 -0.45428621768951416 263
1694178056905 -0.42607882618904114 264
1694178058483 -0.40595680475234985 0
1694178060002 -0.4300272762775421 1
1694178061445 -0.3906395733356476 2
1694178062876 -0.45614293217658997 3
1694178064318 -0.4066515266895294 4
1694178065772 -0.41743072867393494 5
1694178067206 -0.40863123536109924 6
1694178068746 -0.39628323912620544 7
1694178070179 -0.35175585746765137 8
1694178071615 -0.4010665714740753 9
1694178073041 -0.4026910066604614 10
1694178074468 -0.4319669306278229 11
1694178075895 -0.3997533917427063 12
1694178077341 -0.39986637234687805 13
1694178078787 -0.40422025322914124 14
1694178080212 -0.3872707188129425 15
1694178081633 -0.44217637181282043 16
1694178083070 -0.45883017778396606 17
1694178084501 -0.41307133436203003 18
1694178085927 -0.4627075791358948 19
1694178087353 -0.38576361536979675 20
1694178088782 -0.45343542098999023 21
1694178090203 -0.3677511513233185 22
1694178091623 -0.38725847005844116 23
1694178093049 -0.4307878315448761 24
1694178094481 -0.39368775486946106 25
1694178095903 -0.4766674339771271 26
1694178097328 -0.38886430859565735 27
1694178098772 -0.3969190716743469 28
1694178100213 -0.39647722244262695 29
1694178101646 -0.38815200328826904 30
1694178103083 -0.4084785580635071 31
1694178104596 -0.40172767639160156 32
1694178106021 -0.4584508538246155 33
1694178107450 -0.46730121970176697 34
1694178108893 -0.40460526943206787 35
1694178110329 -0.4177137017250061 36
1694178111764 -0.40500232577323914 37
1694178113205 -0.41991686820983887 38
1694178114642 -0.4099300801753998 39
1694178116069 -0.40578433871269226 40
1694178117509 -0.45251914858818054 41
1694178118976 -0.3926909863948822 42
1694178120419 -0.3876661956310272 43
1694178121850 -0.4021560549736023 44
1694178123297 -0.39727890491485596 45
1694178124738 -0.36702582240104675 46
1694178126178 -0.4160400927066803 47
1694178127612 -0.38482406735420227 48
1694178129064 -0.4347943067550659 49
1694178130506 -0.3823491334915161 50
1694178131938 -0.39334383606910706 51
1694178133372 -0.40031376481056213 52
1694178134809 -0.40672746300697327 53
1694178136245 -0.40095436573028564 54
1694178137672 -0.39752256870269775 55
1694178139113 -0.41468051075935364 56
1694178140541 -0.3987404704093933 57
1694178141974 -0.42969536781311035 58
1694178143396 -0.38240522146224976 59
1694178144827 -0.39787474274635315 60
1694178146254 -0.4307709336280823 61
1694178147729 -0.4028763175010681 62
1694178149174 -0.43232983350753784 63
1694178150603 -0.40396955609321594 64
1694178152034 -0.3751893639564514 65
1694178153466 -0.4002390205860138 66
1694178154974 -0.4313841462135315 67
1694178156406 -0.4116201400756836 68
1694178158012 -0.41237667202949524 69
1694178159440 -0.41819486021995544 70
1694178160864 -0.4222656190395355 71
1694178162299 -0.429395467042923 72
1694178163739 -0.4123326539993286 73
1694178165161 -0.38845205307006836 74
1694178166579 -0.42285317182540894 75
1694178168169 -0.4032295346260071 76
1694178169606 -0.41020146012306213 77
1694178171041 -0.4167814552783966 78
1694178172479 -0.45641645789146423 79
1694178173910 -0.43070513010025024 80
1694178175322 -0.3838891088962555 81
1694178176742 -0.3606795370578766 82
1694178178317 -0.3995428681373596 83
1694178179752 -0.45214352011680603 84
1694178181201 -0.44635069370269775 85
1694178182642 -0.41895899176597595 86
1694178184074 -0.4420633018016815 87
1694178185499 -0.38800570368766785 88
1694178186932 -0.41230645775794983 89
1694178188488 -0.4343639314174652 90
1694178189925 -0.4422072768211365 91
1694178191355 -0.4303203225135803 92
1694178192782 -0.4215503931045532 93
1694178194209 -0.41788095235824585 94
1694178195635 -0.44223353266716003 95
1694178197059 -0.4271688759326935 96
1694178198510 -0.4150104224681854 97
1694178200031 -0.4295121729373932 98
1694178201465 -0.44510379433631897 99
1694178202909 -0.4500483572483063 100
1694178204350 -0.4152941107749939 101
1694178205787 -0.38036060333251953 102
1694178207222 -0.3817072808742523 103
1694178208666 -0.4143056571483612 104
1694178210090 -0.4363398551940918 105
1694178211523 -0.47337934374809265 106
1694178212938 -0.45447617769241333 107
1694178214380 -0.42563748359680176 108
1694178215799 -0.41638535261154175 109
1694178217228 -0.43236273527145386 110
1694178218666 -0.45996522903442383 111
1694178220103 -0.44876232743263245 112
1694178221541 -0.42818331718444824 113
1694178222969 -0.4184534251689911 114
1694178224396 -0.43825453519821167 115
1694178225816 -0.42150235176086426 116
1694178227233 -0.4467099905014038 117
1694178228673 -0.4266584515571594 118
1694178230090 -0.4503333866596222 119
1694178231518 -0.4533827006816864 120
1694178232952 -0.44872474670410156 121
1694178234367 -0.4196363687515259 122
1694178235787 -0.43807345628738403 123
1694178237208 -0.4102936089038849 124
1694178238665 -0.4266510307788849 125
1694178240092 -0.44730880856513977 126
1694178241515 -0.44252726435661316 127
1694178242951 -0.42950981855392456 128
1694178244375 -0.44694846868515015 129
1694178245800 -0.46057090163230896 130
1694178247237 -0.43415966629981995 131
1694178248706 -0.44683918356895447 132
1694178250225 -0.4460216462612152 133
1694178251649 -0.46657654643058777 134
1694178253077 -0.44898951053619385 135
1694178254500 -0.456361323595047 136
1694178255941 -0.45455750823020935 137
1694178257377 -0.430466890335083 138
1694178258812 -0.4566117227077484 139
1694178260240 -0.4589950740337372 140
1694178261671 -0.46347174048423767 141
1694178263123 -0.45002269744873047 142
1694178264570 -0.4269060790538788 143
1694178265996 -0.40597447752952576 144
1694178267425 -0.4104723334312439 145
1694178268868 -0.4403723180294037 146
1694178270307 -0.4804096519947052 147
1694178271747 -0.4714146554470062 148
1694178273187 -0.459344744682312 149
1694178274619 -0.4407515823841095 150
1694178276044 -0.4572610557079315 151
1694178277480 -0.4546814560890198 152
1694178278924 -0.43374139070510864 153
1694178280358 -0.4692871570587158 154
1694178281792 -0.44378161430358887 155
1694178283235 -0.48030486702919006 156
1694178284655 -0.4455495774745941 157
1694178286084 -0.4577859938144684 158
1694178287501 -0.4766673445701599 159
1694178288961 -0.48458561301231384 160
1694178290403 -0.4741595983505249 161
1694178291847 -0.42610862851142883 162
1694178293280 -0.44200003147125244 163
1694178294794 -0.4739248752593994 164
1694178296240 -0.47120895981788635 165
1694178297671 -0.4582376480102539 166
1694178299122 -0.4695046842098236 167
1694178300544 -0.46678462624549866 168
1694178301976 -0.46400752663612366 169
1694178303411 -0.4738035500049591 170
1694178304840 -0.4445303678512573 171
1694178306269 -0.46997353434562683 172
1694178307769 -0.4558026194572449 173
1694178309197 -0.4619959890842438 174
1694178310630 -0.45801278948783875 175
1694178312065 -0.48345038294792175 176
1694178313504 -0.4849949777126312 177
1694178314941 -0.49138233065605164 178
1694178316385 -0.48222896456718445 179
1694178317984 -0.456045001745224 180
1694178319415 -0.45027220249176025 181
1694178320855 -0.46944886445999146 182
1694178322279 -0.4629157781600952 183
1694178323711 -0.47138506174087524 184
1694178325146 -0.4791567027568817 185
1694178326579 -0.5012545585632324 186
1694178328177 -0.4780847430229187 187
1694178329607 -0.4720129668712616 188
1694178331033 -0.45857951045036316 189
1694178332463 -0.4608333706855774 190
1694178333898 -0.4580252766609192 191
1694178335332 -0.482191801071167 192
1694178336772 -0.4968443810939789 193
1694178338288 -0.4805416166782379 194
1694178339739 -0.5194188952445984 195
1694178341181 -0.47213879227638245 196
1694178342610 -0.4550914466381073 197
1694178344074 -0.4723149240016937 198
1694178345602 -0.47750619053840637 199
1694178347149 -0.4879710376262665 200
1694178348616 -0.4679943919181824 201
1694178350176 -0.47444719076156616 202
1694178351622 -0.49113741517066956 203
1694178353082 -0.4976709187030792 204
1694178354518 -0.5061802268028259 205
1694178355970 -0.46948564052581787 206
1694178357396 -0.47384339570999146 207
1694178358929 -0.45627260208129883 208
1694178360373 -0.46973544359207153 209
1694178361815 -0.4826117157936096 210
1694178363234 -0.5025328397750854 211
1694178364668 -0.4979857802391052 212
1694178366106 -0.49865394830703735 213
1694178367531 -0.48801419138908386 214
1694178368993 -0.4780920147895813 215
1694178370433 -0.4881120026111603 216
1694178371864 -0.4762289524078369 217
1694178373299 -0.45304882526397705 218
1694178374738 -0.4755863547325134 219
1694178376179 -0.5020752549171448 220
1694178377618 -0.4771011471748352 221
1694178379076 -0.4924792945384979 222
1694178380507 -0.49211227893829346 223
1694178381955 -0.483508825302124 224
1694178383397 -0.48117831349372864 225
1694178384838 -0.4899287223815918 226
1694178386257 -0.5009356737136841 227
1694178387709 -0.47338518500328064 228
1694178389150 -0.48237180709838867 229
1694178390656 -0.46077585220336914 230
1694178392068 -0.47157859802246094 231
1694178393495 -0.4914938807487488 232
1694178394918 -0.5089477300643921 233
1694178396344 -0.5177295804023743 234
1694178397916 -0.4995425045490265 235
1694178399364 -0.48355525732040405 236
1694178400799 -0.49450138211250305 237
1694178402212 -0.48970937728881836 238
1694178403641 -0.509314239025116 239
1694178405055 -0.522477924823761 240
1694178406464 -0.5234379768371582 241
1694178408025 -0.4832325577735901 242
1694178409479 -0.4828023314476013 243
1694178410900 -0.5093096494674683 244
1694178412338 -0.4781864583492279 245
1694178413755 -0.4827861189842224 246
1694178415167 -0.5295279026031494 247
1694178416588 -0.5020807981491089 248
1694178418200 -0.5085583329200745 249
1694178419620 -0.4879525601863861 250
1694178421056 -0.5100377202033997 251
1694178422499 -0.5002232193946838 252
1694178423929 -0.5180824398994446 253
1694178425345 -0.5258004665374756 254
1694178426773 -0.5117979645729065 255
1694178428354 -0.48246878385543823 256
1694178429757 -0.5002720355987549 257
1694178431189 -0.49705231189727783 258
1694178432629 -0.5127663016319275 259
1694178434055 -0.5184426307678223 260
1694178435533 -0.5119425654411316 261
1694178436972 -0.5008906126022339 262
1694178438404 -0.48674798011779785 263
1694178439827 -0.4990549683570862 264
1694178441460 -0.5152145624160767 0
1694178442935 -0.5240123867988586 1
1694178444405 -0.5235819816589355 2
1694178445874 -0.5055465698242188 3
1694178447333 -0.5038741230964661 4
1694178448891 -0.5106831789016724 5
1694178450344 -0.5195313096046448 6
1694178451791 -0.5144290328025818 7
1694178453321 -0.5194130539894104 8
1694178454750 -0.5075309872627258 9
1694178456183 -0.536237359046936 10
1694178457611 -0.498763769865036 11
1694178459063 -0.5233785510063171 12
1694178460502 -0.5083847641944885 13
1694178461930 -0.5255098342895508 14
1694178463367 -0.5278357863426208 15
1694178464799 -0.5112913250923157 16
1694178466233 -0.5132189989089966 17
1694178467682 -0.5144777297973633 18
1694178469158 -0.5218907594680786 19
1694178470586 -0.5113289952278137 20
1694178472017 -0.506132185459137 21
1694178473459 -0.5196422934532166 22
1694178474906 -0.5144707560539246 23
1694178476352 -0.5220218300819397 24
1694178477913 -0.5819445848464966 25
1694178479361 -0.4844413995742798 26
1694178480791 -0.514604926109314 27
1694178482234 -0.5388354659080505 28
1694178483674 -0.5470656156539917 29
1694178485107 -0.5197599530220032 30
1694178486632 -0.5204393863677979 31
1694178488129 -0.5130544304847717 32
1694178489559 -0.4994164705276489 33
1694178491011 -0.5335511565208435 34
1694178492451 -0.5634341835975647 35
1694178493901 -0.5085499286651611 36
1694178495361 -0.5329120755195618 37
1694178496908 -0.4900166392326355 38
1694178498493 -0.5671207904815674 39
1694178499920 -0.5044336318969727 40
1694178501347 -0.48795315623283386 41
1694178502783 -0.5642511248588562 42
1694178504205 -0.5279255509376526 43
1694178505625 -0.5354848504066467 44
1694178507051 -0.522329568862915 45
1694178508502 -0.5103245377540588 46
1694178509932 -0.5691179037094116 47
1694178511365 -0.5323516726493835 48
1694178512802 -0.5119850039482117 49
1694178514229 -0.4892619252204895 50
1694178515656 -0.5250367522239685 51
1694178517083 -0.5434441566467285 52
1694178518557 -0.5645263195037842 53
1694178520000 -0.5485852956771851 54
1694178521442 -0.5146724581718445 55
1694178522870 -0.5064273476600647 56
1694178524294 -0.5407278537750244 57
1694178525718 -0.5439292788505554 58
1694178527136 -0.5680035948753357 59
1694178528584 -0.5466241240501404 60
1694178530017 -0.5096098780632019 61
1694178531450 -0.4920887053012848 62
1694178532891 -0.5398552417755127 63
1694178534323 -0.549960196018219 64
1694178535759 -0.5306299328804016 65
1694178537268 -0.5496743321418762 66
1694178538769 -0.554142415523529 67
1694178540204 -0.5330234169960022 68
1694178541643 -0.5247491002082825 69
1694178543077 -0.5161617994308472 70
1694178544517 -0.5341404676437378 71
1694178545934 -0.5645126104354858 72
1694178547344 -0.5570996999740601 73
1694178548813 -0.5542576909065247 74
1694178550242 -0.5472074747085571 75
1694178551672 -0.5477280020713806 76
1694178553106 -0.5368306040763855 77
1694178554538 -0.5193825364112854 78
1694178555980 -0.5189431309700012 79
1694178557412 -0.5516031980514526 80
1694178558848 -0.575264573097229 81
1694178560264 -0.5741643309593201 82
1694178561679 -0.5682315230369568 83
1694178563096 -0.5112900137901306 84
1694178564521 -0.5173143148422241 85
1694178565938 -0.5209179520606995 86
1694178567358 -0.5533544421195984 87
1694178568786 -0.545774519443512 88
1694178570203 -0.5747851133346558 89
1694178571627 -0.5689144134521484 90
1694178573047 -0.5384979248046875 91
1694178574466 -0.5469125509262085 92
1694178575876 -0.5335036516189575 93
1694178577298 -0.5376824736595154 94
1694178578732 -0.5599030256271362 95
1694178580149 -0.5275595784187317 96
1694178581661 -0.5881182551383972 97
1694178583085 -0.5714037418365479 98
1694178584510 -0.5526968240737915 99
1694178585925 -0.5430496335029602 100
1694178587342 -0.5439355969429016 101
1694178588774 -0.5351106524467468 102
1694178590186 -0.5266193747520447 103
1694178591597 -0.5648770332336426 104
1694178593010 -0.5808088779449463 105
1694178594426 -0.5541576743125916 106
1694178595844 -0.5286067128181458 107
1694178597260 -0.5415277481079102 108
1694178598691 -0.5840127468109131 109
1694178600097 -0.5622998476028442 110
1694178601514 -0.5611857771873474 111
1694178602939 -0.567488431930542 112
1694178604349 -0.5649288296699524 113
1694178605769 -0.5129697322845459 114
1694178607183 -0.5259318351745605 115
1694178608624 -0.5706903338432312 116
1694178610049 -0.5785142779350281 117
1694178611469 -0.5674539804458618 118
1694178612892 -0.5659699440002441 119
1694178614309 -0.5527564883232117 120
1694178615731 -0.547935426235199 121
1694178617151 -0.5788155794143677 122
1694178618595 -0.565937340259552 123
1694178620033 -0.5549314022064209 124
1694178621460 -0.5570709109306335 125
1694178622878 -0.5758250951766968 126
1694178624305 -0.5517964959144592 127
1694178625723 -0.5972874164581299 128
1694178627144 -0.5805747509002686 129
1694178628611 -0.5653019547462463 130
1694178630094 -0.5492165684700012 131
1694178631639 -0.5526313781738281 132
1694178633074 -0.5522021651268005 133
1694178634510 -0.5592954754829407 134
1694178635933 -0.5902596116065979 135
1694178637369 -0.5775904059410095 136
1694178638832 -0.5803112983703613 137
1694178640264 -0.5536022782325745 138
1694178641695 -0.5502572655677795 139
1694178643125 -0.5507953763008118 140
1694178644559 -0.5925178527832031 141
1694178645993 -0.5895184278488159 142
1694178647399 -0.5879305005073547 143
1694178648819 -0.5484450459480286 144
1694178650267 -0.5600181818008423 145
1694178651765 -0.5758544206619263 146
1694178653253 -0.5756127238273621 147
1694178654748 -0.5688432455062866 148
1694178656233 -0.5794617533683777 149
1694178657705 -0.5911252498626709 150
1694178659189 -0.5585971474647522 151
1694178660658 -0.5320929884910583 152
1694178662104 -0.544589102268219 153
1694178663561 -0.5681223273277283 154
1694178664986 -0.5885135531425476 155
1694178666438 -0.6110771894454956 156
1694178667861 -0.622861921787262 157
1694178669295 -0.5777662396430969 158
1694178670718 -0.5579581260681152 159
1694178672135 -0.5417807698249817 160
1694178673644 -0.5617042779922485 161
1694178675090 -0.5558105707168579 162
1694178676624 -0.5967398285865784 163
1694178678059 -0.6099440455436707 164
1694178679488 -0.610057532787323 165
1694178680915 -0.6068482398986816 166
1694178682332 -0.57822185754776 167
1694178683765 -0.5394226312637329 168
1694178685193 -0.5539156794548035 169
1694178686616 -0.5824698209762573 170
1694178688061 -0.5727313160896301 171
1694178689522 -0.5864454507827759 172
1694178690981 -0.5769448280334473 173
1694178692446 -0.5989680886268616 174
1694178693909 -0.564145028591156 175
1694178695345 -0.5866050124168396 176
1694178696765 -0.5989124774932861 177
1694178698184 -0.5916399359703064 178
1694178699610 -0.5472602844238281 179
1694178701025 -0.607339084148407 180
1694178702554 -0.5612486600875854 181
1694178704002 -0.6094136238098145 182
1694178705448 -0.6076124310493469 183
1694178706887 -0.5828793048858643 184
1694178708363 -0.5699963569641113 185
1694178709816 -0.5767727494239807 186
1694178711262 -0.6071582436561584 187
1694178712675 -0.5866807699203491 188
1694178714122 -0.5715576410293579 189
1694178715534 -0.5620612502098083 190
1694178716960 -0.5567788481712341 191
1694178718400 -0.5922437310218811 192
1694178719827 -0.5997850894927979 193
1694178721271 -0.6017180681228638 194
1694178722692 -0.6179170608520508 195
1694178724125 -0.6028003096580505 196
1694178725581 -0.5780056715011597 197
1694178727112 -0.5617967247962952 198
1694178728627 -0.5911677479743958 199
1694178730068 -0.6231311559677124 200
1694178731533 -0.6005995273590088 201
1694178732973 -0.6035604476928711 202
1694178734408 -0.6003015041351318 203
1694178735841 -0.586602509021759 204
1694178737288 -0.5498475432395935 205
1694178738750 -0.5926544666290283 206
1694178740201 -0.5606817603111267 207
1694178741674 -0.6218578219413757 208
1694178743134 -0.6237376928329468 209
1694178744605 -0.5892919301986694 210
1694178746033 -0.5859476923942566 211
1694178747472 -0.6134319305419922 212
1694178748907 -0.6074935793876648 213
1694178750349 -0.5814126133918762 214
1694178751841 -0.5899081826210022 215
1694178753309 -0.5716758966445923 216
1694178754744 -0.5681599974632263 217
1694178756183 -0.607035756111145 218
1694178757612 -0.602084219455719 219
1694178759043 -0.5980724096298218 220
1694178760476 -0.6012404561042786 221
1694178761904 -0.6160635948181152 222
1694178763331 -0.6297246813774109 223
1694178764887 -0.5929628014564514 224
1694178766424 -0.5784788131713867 225
1694178767855 -0.5885048508644104 226
1694178769289 -0.5947803854942322 227
1694178770709 -0.6097450852394104 228
1694178772276 -0.5991665720939636 229
1694178773706 -0.6128779649734497 230
1694178775151 -0.6009116172790527 231
1694178776590 -0.5973180532455444 232
1694178778027 -0.6048550009727478 233
1694178779649 -0.592281699180603 234
1694178781151 -0.58308345079422 235
1694178782665 -0.6139438152313232 236
1694178784162 -0.6085628271102905 237
1694178785741 -0.6080689430236816 238
1694178787297 -0.622035801410675 239
1694178788816 -0.6234696507453918 240
1694178790340 -0.6044825315475464 241
1694178791789 -0.5801488161087036 242
1694178793264 -0.6017236709594727 243
1694178794772 -0.6159582138061523 244
1694178796222 -0.6220831871032715 245
1694178797706 -0.6137830018997192 246
1694178799291 -0.6108541488647461 247
1694178800846 -0.6233558654785156 248
1694178802435 -0.6170761585235596 249
1694178803956 -0.6222619414329529 250
1694178805550 -0.608337938785553 251
1694178807115 -0.595708429813385 252
1694178808646 -0.5865812301635742 253
1694178810203 -0.5917443037033081 254
1694178811792 -0.6253089308738708 255
1694178813366 -0.6577480435371399 256
1694178814933 -0.6688475608825684 257
1694178816470 -0.5976133942604065 258
1694178818181 -0.5669385194778442 259
1694178819658 -0.614993691444397 260
1694178821374 -0.6081794500350952 261
1694178822819 -0.6358351707458496 262
1694178824374 -0.6272854804992676 263
1694178825944 -0.6472564935684204 264
