1694177669709 1.1412142515182495 0
1694177671260 1.5674288272857666 1
1694177672947 2.0106914043426514 2
1694177674547 3.2996113300323486 3
1694177676040 4.913121223449707 4
1694177677696 6.435647964477539 5
1694177679261 7.742320537567139 6
1694177680725 8.691442489624023 7
1694177682178 9.747952461242676 8
1694177683616 10.492378234863281 9
1694177685061 10.814093589782715 10
1694177686516 11.374067306518555 11
1694177688157 11.7096586227417 12
1694177689630 11.865650177001953 13
1694177691109 11.955338478088379 14
1694177692585 12.005969047546387 15
1694177694048 12.036627769470215 16
1694177695510 12.194517135620117 17
1694177697063 11.850199699401855 18
1694177698607 11.970547676086426 19
1694177700082 11.796043395996094 20
1694177701720 11.60859489440918 21
1694177703280 11.695176124572754 22
1694177704792 11.130870819091797 23
1694177706261 11.18671989440918 24
1694177707916 10.944038391113281 25
1694177709415 10.752921104431152 26
1694177710875 10.418152809143066 27
1694177712311 10.121254920959473 28
1694177713764 10.031997680664062 29
1694177715227 9.586621284484863 30
1694177716675 9.508524894714355 31
1694177718401 9.244056701660156 32
1694177719852 9.039217948913574 33
1694177721304 8.587518692016602 34
1694177722782 8.54166030883789 35
1694177724253 8.38683795928955 36
1694177725710 7.943634510040283 37
1694177727159 7.688440799713135 38
1694177728626 7.491568088531494 39
1694177730081 7.18221378326416 40
1694177731539 6.9311017990112305 41
1694177732998 6.472904682159424 42
1694177734458 6.364288806915283 43
1694177735914 6.017326354980469 44
1694177737353 5.808839321136475 45
1694177738817 5.553016185760498 46
1694177740270 5.249083518981934 47
1694177741716 4.9359307289123535 48
1694177743186 4.710529327392578 49
1694177744642 4.516983985900879 50
1694177746104 4.129396915435791 51
1694177747557 3.979887008666992 52
1694177749019 3.679699659347534 53
1694177750469 3.370384693145752 54
1694177751920 3.1242196559906006 55
1694177753368 2.873335361480713 56
1694177754818 2.683932065963745 57
1694177756271 2.432194471359253 58
1694177757725 2.199749708175659 59
1694177759189 2.0105202198028564 60
1694177760645 1.7655584812164307 61
1694177762108 1.5011107921600342 62
1694177763567 1.2584359645843506 63
1694177765015 1.084627628326416 64
1694177766476 0.8422240018844604 65
1694177768118 0.6046912670135498 66
1694177769587 0.4290998578071594 67
1694177771127 0.23706716299057007 68
1694177772703 0.03897169232368469 69
1694177774181 -0.12475039064884186 70
1694177775642 -0.27207502722740173 71
1694177777119 -0.4606289863586426 72
1694177778595 -0.6176741123199463 73
1694177780044 -0.7597428560256958 74
1694177781494 -0.9051341414451599 75
1694177782943 -1.025517463684082 76
1694177784386 -1.1158791780471802 77
1694177785830 -1.2497880458831787 78
1694177787276 -1.310182809829712 79
1694177788727 -1.3149750232696533 80
1694177790161 -1.3053126335144043 81
1694177791599 -1.319979190826416 82
1694177793049 -1.3161230087280273 83
1694177794510 -1.3285832405090332 84
1694177795963 -1.3669453859329224 85
1694177797411 -1.3410084247589111 86
1694177798867 -1.3339587450027466 87
1694177800311 -1.244712471961975 88
1694177801749 -1.4570906162261963 89
1694177803198 -1.7530525922775269 90
1694177804633 -2.0395421981811523 91
1694177806076 -2.041996717453003 92
1694177807528 -2.018569231033325 93
1694177808986 -1.9518473148345947 94
1694177810426 -1.9993457794189453 95
1694177811871 -1.8983627557754517 96
1694177813327 -1.8791913986206055 97
1694177814772 -1.73695969581604 98
1694177816318 -1.5758544206619263 99
1694177817879 -1.5068378448486328 100
1694177819334 -1.3563519716262817 101
1694177820781 -1.326585292816162 102
1694177822233 -1.2095239162445068 103
1694177823701 -1.1418132781982422 104
1694177825138 -1.3832091093063354 105
1694177826573 -1.4013969898223877 106
1694177828194 -1.371469497680664 107
1694177829624 -1.2678359746932983 108
1694177831084 -1.1547225713729858 109
1694177832534 -1.0597333908081055 110
1694177833994 -0.953436553478241 111
1694177835446 -0.8291354179382324 112
1694177836895 -0.7359076738357544 113
1694177838483 -0.6589847803115845 114
1694177839932 -0.5839945077896118 115
1694177841382 -0.5331807136535645 116
1694177842836 -0.5217194557189941 117
1694177844288 -0.5626732110977173 118
1694177845743 -0.48805129528045654 119
1694177847187 -0.5241062641143799 120
1694177848654 -0.5803252458572388 121
1694177850098 -0.6877098083496094 122
1694177851552 -0.5852645039558411 123
1694177853003 -0.5140091776847839 124
1694177854462 -0.4646872878074646 125
1694177855908 -0.41337037086486816 126
1694177857352 -0.4127185344696045 127
1694177858813 -0.44664210081100464 128
1694177860250 -0.3985099494457245 129
1694177861694 -0.47048652172088623 130
1694177863141 -0.42016664147377014 131
1694177864593 -0.43487808108329773 132
1694177866030 -0.48008793592453003 133
1694177867556 -0.46133190393447876 134
1694177869020 -0.5518530011177063 135
1694177870475 -0.4914845824241638 136
1694177871922 -0.4960518479347229 137
1694177873363 -0.46319809556007385 138
1694177874804 -0.4804014563560486 139
1694177876245 -0.3665010631084442 140
1694177877681 -0.30289918184280396 141
1694177879131 -0.4380075931549072 142
1694177880580 -0.3579905927181244 143
1694177882035 -0.3686732053756714 144
1694177883490 -0.32719936966896057 145
1694177884925 -0.30637168884277344 146
1694177886372 -0.4459489583969116 147
1694177887985 -0.30774423480033875 148
1694177889443 -0.42359259724617004 149
1694177890898 -0.37593841552734375 150
1694177892357 -0.8153419494628906 151
1694177893794 -0.35014021396636963 152
1694177895242 -0.2521984279155731 153
1694177896679 -0.4334575831890106 154
1694177898307 -0.4256608784198761 155
1694177899762 -0.2919822335243225 156
1694177901203 -0.45345279574394226 157
1694177902657 -0.5399681329727173 158
1694177904103 -0.3232570290565491 159
1694177905542 -0.37522533535957336 160
1694177906992 -0.3048967123031616 161
1694177908499 -0.47701558470726013 162
1694177909958 -0.2501038908958435 163
1694177911410 -0.22395983338356018 164
1694177912945 -0.2323068082332611 165
1694177914383 -0.3083987832069397 166
1694177915822 -0.4340730905532837 167
1694177917263 -0.2890193462371826 168
1694177918709 -0.4395393431186676 169
1694177920187 -0.3914759159088135 170
1694177921649 -0.2834281623363495 171
1694177923094 -0.24250316619873047 172
1694177924541 -0.2550343871116638 173
1694177925980 -0.2720237970352173 174
1694177927431 -0.19897037744522095 175
1694177928893 -0.33601319789886475 176
1694177930345 -0.2661747634410858 177
1694177931791 -0.3191477954387665 178
1694177933268 -0.22662127017974854 179
1694177934716 -0.2525635063648224 180
1694177936168 -0.2070450782775879 181
1694177937616 -0.267605185508728 182
1694177939083 -0.25565046072006226 183
1694177940545 -0.22998520731925964 184
1694177941987 -0.25250446796417236 185
1694177943439 -0.15766096115112305 186
1694177944891 -0.2128615379333496 187
1694177946343 -0.23646339774131775 188
1694177947951 -0.23115944862365723 189
1694177949407 -0.17227408289909363 190
1694177950859 -0.23178502917289734 191
1694177952303 -0.19732925295829773 192
1694177953757 -0.2142486572265625 193
1694177955198 -0.2254980504512787 194
1694177956644 -0.19699078798294067 195
1694177958257 -0.20258665084838867 196
1694177959704 -0.1754021942615509 197
1694177961131 -0.16364386677742004 198
1694177962571 -0.24448814988136292 199
1694177964111 -0.19881603121757507 200
1694177965565 -0.19898809492588043 201
1694177967006 -0.16026276350021362 202
1694177968493 -0.18415221571922302 203
1694177969942 -0.2128235548734665 204
1694177971381 -0.20768553018569946 205
1694177972834 -0.22171007096767426 206
1694177974283 -0.18244072794914246 207
1694177975725 -0.15645143389701843 208
1694177977181 -0.19715824723243713 209
1694177978637 -0.1622926890850067 210
1694177980057 -0.2381497025489807 211
1694177981491 -0.10762709379196167 212
1694177982928 -0.2035161703824997 213
1694177984361 -0.27267569303512573 214
1694177985787 -0.2065008282661438 215
1694177987236 -0.17009282112121582 216
1694177988691 -0.2918910086154938 217
1694177990132 -0.04157504439353943 218
1694177991576 -0.039152294397354126 219
1694177993010 -0.16488423943519592 220
1694177994449 -0.2641229033470154 221
1694177995892 -0.21390828490257263 222
1694177997329 -0.24643489718437195 223
1694177998813 -0.18490922451019287 224
1694178000254 -0.18027660250663757 225
1694178001706 -0.11100351810455322 226
1694178003148 -0.21252933144569397 227
1694178004580 -0.2570115327835083 228
1694178006014 -0.17810067534446716 229
1694178007449 -0.23914192616939545 230
1694178009000 -0.2820771336555481 231
1694178010440 -0.17226111888885498 232
1694178011879 -0.12026968598365784 233
1694178013331 -0.16525501012802124 234
1694178014776 -0.1676483452320099 235
1694178016216 -0.17509743571281433 236
1694178017657 -0.43751609325408936 237
1694178019114 -0.2967052161693573 238
1694178020547 -0.36227720975875854 239
1694178021974 -1.0873719453811646 240
1694178023423 -0.9698981046676636 241
1694178024866 -0.7950031757354736 242
1694178026306 -0.7731282711029053 243
1694178027821 -0.6463251113891602 244
1694178029288 -0.720421552658081 245
1694178030719 -0.4165756106376648 246
1694178032160 -0.400208979845047 247
1694178033609 -0.27577438950538635 248
1694178035052 -0.1501849889755249 249
1694178036483 -0.12345004081726074 250
1694178038098 -0.1522609293460846 251
1694178039546 -0.20906174182891846 252
1694178040983 -0.208528071641922 253
1694178042422 -0.14753398299217224 254
1694178043866 -0.06363847851753235 255
1694178045295 -0.10367467999458313 256
1694178046724 -0.14873802661895752 257
1694178048315 -0.0901193618774414 258
1694178049751 -0.06097519397735596 259
1694178051179 -0.10890397429466248 260
1694178052608 -0.09240743517875671 261
1694178054030 -0.10271754860877991 262
1694178055470 -0.10298249125480652 263
1694178056906 -0.07504212856292725 264
1694178058484 -0.03322571516036987 0
1694178060009 -0.07354411482810974 1
1694178061446 -0.02916562557220459 2
1694178062877 -0.1427508294582367 3
1694178064320 -0.06547272205352783 4
1694178065773 -0.09282577037811279 5
1694178067207 -0.06473201513290405 6
1694178068747 -0.053227752447128296 7
1694178070180 0.018712550401687622 8
1694178071616 -0.0560126006603241 9
1694178073042 -0.06940075755119324 10
1694178074469 -0.11981022357940674 11
1694178075896 -0.08021646738052368 12
1694178077342 -0.07653060555458069 13
1694178078788 -0.0918893814086914 14
1694178080218 -0.06900936365127563 15
1694178081634 -0.17881181836128235 16
1694178083071 -0.18265926837921143 17
1694178084502 -0.11893156170845032 18
1694178085928 -0.20016524195671082 19
1694178087354 -0.07921981811523438 20
1694178088783 -0.17941373586654663 21
1694178090204 -0.04834088683128357 22
1694178091624 -0.09888190031051636 23
1694178093050 -0.1534636914730072 24
1694178094482 -0.09894055128097534 25
1694178095905 -0.1972038745880127 26
1694178097329 -0.07253533601760864 27
1694178098773 -0.062372684478759766 28
1694178100214 -0.060467302799224854 29
1694178101648 -0.04650235176086426 30
1694178103084 -0.09388291835784912 31
1694178104597 -0.09045955538749695 32
1694178106022 -0.17892906069755554 33
1694178107451 -0.16926324367523193 34
1694178108894 -0.09518483281135559 35
1694178110330 -0.1181635856628418 36
1694178111765 -0.09330978989601135 37
1694178113206 -0.12291017174720764 38
1694178114643 -0.11723440885543823 39
1694178116070 -0.09168997406959534 40
1694178117510 -0.18002939224243164 41
1694178118977 -0.07432541251182556 42
1694178120420 -0.07171937823295593 43
1694178121851 -0.1052531898021698 44
1694178123299 -0.10909825563430786 45
1694178124739 -0.05914515256881714 46
1694178126179 -0.15223729610443115 47
1694178127613 -0.0854969322681427 48
1694178129065 -0.17205491662025452 49
1694178130507 -0.09318807721138 50
1694178131940 -0.10321071743965149 51
1694178133373 -0.12706810235977173 52
1694178134810 -0.1542314887046814 53
1694178136246 -0.1418793499469757 54
1694178137673 -0.12533578276634216 55
1694178139114 -0.15409553050994873 56
1694178140542 -0.12969082593917847 57
1694178141975 -0.19310037791728973 58
1694178143402 -0.10755982995033264 59
1694178144828 -0.13557133078575134 60
1694178146255 -0.19535091519355774 61
1694178147730 -0.1470036804676056 62
1694178149176 -0.1778821349143982 63
1694178150605 -0.13985675573349 64
1694178152036 -0.08865636587142944 65
1694178153467 -0.13895925879478455 66
1694178154975 -0.18983745574951172 67
1694178156407 -0.1436138153076172 68
1694178158013 -0.1625504344701767 69
1694178159441 -0.1894243061542511 70
1694178160865 -0.17548704147338867 71
1694178162300 -0.16587817668914795 72
1694178163740 -0.15103375911712646 73
1694178165162 -0.11275884509086609 74
1694178166581 -0.16997799277305603 75
1694178168170 -0.13562127947807312 76
1694178169612 -0.1413803994655609 77
1694178171042 -0.15758958458900452 78
1694178172480 -0.23161008954048157 79
1694178173911 -0.18778657913208008 80
1694178175329 -0.09015044569969177 81
1694178176743 -0.05210873484611511 82
1694178178318 -0.1273699402809143 83
1694178179753 -0.22795531153678894 84
1694178181202 -0.20579376816749573 85
1694178182643 -0.17743578553199768 86
1694178184075 -0.21608571708202362 87
1694178185500 -0.11579263210296631 88
1694178186933 -0.1581535041332245 89
1694178188490 -0.19829753041267395 90
1694178189926 -0.21189309656620026 91
1694178191356 -0.18400438129901886 92
1694178192783 -0.17393086850643158 93
1694178194210 -0.16995540261268616 94
1694178195636 -0.21076752245426178 95
1694178197060 -0.1836176961660385 96
1694178198516 -0.15918231010437012 97
1694178200033 -0.18950015306472778 98
1694178201466 -0.20397509634494781 99
1694178202910 -0.21333637833595276 100
1694178204357 -0.15925383567810059 101
1694178205788 -0.08304157853126526 102
1694178207223 -0.08983856439590454 103
1694178208667 -0.16350948810577393 104
1694178210091 -0.20064933598041534 105
1694178211524 -0.2624543309211731 106
1694178212939 -0.22787177562713623 107
1694178214381 -0.18677176535129547 108
1694178215800 -0.15737903118133545 109
1694178217230 -0.1941394954919815 110
1694178218667 -0.24093495309352875 111
1694178220104 -0.1996140331029892 112
1694178221542 -0.18568193912506104 113
1694178222970 -0.17431095242500305 114
1694178224397 -0.1946524977684021 115
1694178225817 -0.1676497459411621 116
1694178227234 -0.22080741822719574 117
1694178228674 -0.17256560921669006 118
1694178230091 -0.22313641011714935 119
1694178231519 -0.23006382584571838 120
1694178232953 -0.21728649735450745 121
1694178234368 -0.15888464450836182 122
1694178235788 -0.19123050570487976 123
1694178237209 -0.14228546619415283 124
1694178238666 -0.1770603209733963 125
1694178240093 -0.21302849054336548 126
1694178241516 -0.2061728984117508 127
1694178242952 -0.17790845036506653 128
1694178244376 -0.2152118682861328 129
1694178245801 -0.2357967346906662 130
1694178247244 -0.19803737103939056 131
1694178248707 -0.21116593480110168 132
1694178250226 -0.21059328317642212 133
1694178251650 -0.24387888610363007 134
1694178253078 -0.21970532834529877 135
1694178254501 -0.22948171198368073 136
1694178255942 -0.22369159758090973 137
1694178257383 -0.1860901564359665 138
1694178258813 -0.22783225774765015 139
1694178260242 -0.23133955895900726 140
1694178261672 -0.24246074259281158 141
1694178263124 -0.18778184056282043 142
1694178264572 -0.1604587435722351 143
1694178265997 -0.11659437417984009 144
1694178267426 -0.13753822445869446 145
1694178268869 -0.20326381921768188 146
1694178270309 -0.26151251792907715 147
1694178271748 -0.2470647394657135 148
1694178273188 -0.2217973917722702 149
1694178274620 -0.1955977976322174 150
1694178276045 -0.22697779536247253 151
1694178277481 -0.2170119732618332 152
1694178278925 -0.18038609623908997 153
1694178280364 -0.24452784657478333 154
1694178281793 -0.2058999240398407 155
1694178283236 -0.2674255073070526 156
1694178284656 -0.20312674343585968 157
1694178286085 -0.22235016524791718 158
1694178287502 -0.25138384103775024 159
1694178288962 -0.27838748693466187 160
1694178290404 -0.25903138518333435 161
1694178291848 -0.1646190583705902 162
1694178293281 -0.19834011793136597 163
1694178294795 -0.24339088797569275 164
1694178296241 -0.24737226963043213 165
1694178297673 -0.2189968079328537 166
1694178299123 -0.24100227653980255 167
1694178300545 -0.2372390329837799 168
1694178301977 -0.23477624356746674 169
1694178303412 -0.2526835799217224 170
1694178304841 -0.19387003779411316 171
1694178306270 -0.23300373554229736 172
1694178307770 -0.20842081308364868 173
1694178309198 -0.22948481142520905 174
1694178310631 -0.22254322469234467 175
1694178312066 -0.27216067910194397 176
1694178313505 -0.26812925934791565 177
1694178314942 -0.2788775563240051 178
1694178316386 -0.2640981078147888 179
1694178317985 -0.21526901423931122 180
1694178319416 -0.20559489727020264 181
1694178320856 -0.2365124523639679 182
1694178322280 -0.24063803255558014 183
1694178323712 -0.24333445727825165 184
1694178325147 -0.25763851404190063 185
1694178326580 -0.2989127039909363 186
1694178328179 -0.2599215507507324 187
1694178329608 -0.23683369159698486 188
1694178331034 -0.2015310525894165 189
1694178332464 -0.22208982706069946 190
1694178333899 -0.21539214253425598 191
1694178335333 -0.2644745111465454 192
1694178336773 -0.29281800985336304 193
1694178338289 -0.25936734676361084 194
1694178339745 -0.332684725522995 195
1694178341182 -0.244224414229393 196
1694178342611 -0.21509143710136414 197
1694178344075 -0.23995374143123627 198
1694178345603 -0.24208371341228485 199
1694178347150 -0.2696356773376465 200
1694178348618 -0.2435455620288849 201
1694178350178 -0.2536360025405884 202
1694178351623 -0.28505411744117737 203
1694178353083 -0.2963140606880188 204
1694178354519 -0.29638731479644775 205
1694178355971 -0.22735242545604706 206
1694178357397 -0.23613804578781128 207
1694178358930 -0.20598086714744568 208
1694178360374 -0.23201197385787964 209
1694178361816 -0.26428520679473877 210
1694178363235 -0.29395920038223267 211
1694178364669 -0.2847210764884949 212
1694178366107 -0.2901250720024109 213
1694178367532 -0.26620009541511536 214
1694178368994 -0.24047787487506866 215
1694178370434 -0.2594521641731262 216
1694178371865 -0.23056510090827942 217
1694178373300 -0.18252825736999512 218
1694178374739 -0.22629500925540924 219
1694178376180 -0.284554123878479 220
1694178377619 -0.2539255619049072 221
1694178379077 -0.2699975371360779 222
1694178380508 -0.26627910137176514 223
1694178381956 -0.24701204895973206 224
1694178383398 -0.24128742516040802 225
1694178384839 -0.25947311520576477 226
1694178386258 -0.28224891424179077 227
1694178387710 -0.22323229908943176 228
1694178389151 -0.2411888986825943 229
1694178390657 -0.20860233902931213 230
1694178392069 -0.2207908034324646 231
1694178393497 -0.25995945930480957 232
1694178394919 -0.3036888837814331 233
1694178396345 -0.31393033266067505 234
1694178397917 -0.28577232360839844 235
1694178399365 -0.2488034963607788 236
1694178400806 -0.2695741653442383 237
1694178402213 -0.26788845658302307 238
1694178403642 -0.29561546444892883 239
1694178405056 -0.3166331350803375 240
1694178406470 -0.31983482837677 241
1694178408026 -0.2437439113855362 242
1694178409480 -0.24820375442504883 243
1694178410901 -0.2987484931945801 244
1694178412339 -0.2411186248064041 245
1694178413757 -0.248063325881958 246
1694178415168 -0.320238322019577 247
1694178416589 -0.27775874733924866 248
1694178418201 -0.29389816522598267 249
1694178419622 -0.24758051335811615 250
1694178421057 -0.2943870723247528 251
1694178422500 -0.26919257640838623 252
1694178423930 -0.30477041006088257 253
1694178425346 -0.3164541721343994 254
1694178426774 -0.29836511611938477 255
1694178428355 -0.23424163460731506 256
1694178429758 -0.2776395082473755 257
1694178431190 -0.2666513919830322 258
1694178432630 -0.2921607494354248 259
1694178434056 -0.29807257652282715 260
1694178435534 -0.2830716371536255 261
1694178436973 -0.27370768785476685 262
1694178438405 -0.24882367253303528 263
1694178439828 -0.2745232880115509 264
1694178441461 -0.2972872257232666 0
1694178442936 -0.32008373737335205 1
1694178444406 -0.3143303692340851 2
1694178445875 -0.2865942716598511 3
1694178447334 -0.2766087055206299 4
1694178448892 -0.2884507179260254 5
1694178450345 -0.2971157431602478 6
1694178451792 -0.2956041097640991 7
1694178453322 -0.30735892057418823 8
1694178454751 -0.27091437578201294 9
1694178456184 -0.33076798915863037 10
1694178457612 -0.26726025342941284 11
1694178459065 -0.32016873359680176 12
1694178460504 -0.2794225811958313 13
1694178461932 -0.3098931610584259 14
1694178463368 -0.3106195330619812 15
1694178464800 -0.2829686999320984 16
1694178466234 -0.29487138986587524 17
1694178467683 -0.2914477586746216 18
1694178469159 -0.3070109188556671 19
1694178470587 -0.2775056064128876 20
1694178472018 -0.2697147727012634 21
1694178473460 -0.2960926592350006 22
1694178474907 -0.28667527437210083 23
1694178476353 -0.3000454902648926 24
1694178477914 -0.37884387373924255 25
1694178479362 -0.21556532382965088 26
1694178480792 -0.28442269563674927 27
1694178482235 -0.3233475089073181 28
1694178483675 -0.3489830493927002 29
1694178485109 -0.28073716163635254 30
1694178486633 -0.2773626148700714 31
1694178488130 -0.2672496438026428 32
1694178489560 -0.24658381938934326 33
1694178491012 -0.3252118229866028 34
1694178492452 -0.35608524084091187 35
1694178493903 -0.2666736841201782 36
1694178495362 -0.29169076681137085 37
1694178496909 -0.2104167640209198 38
1694178498494 -0.3514893054962158 39
1694178499921 -0.25637540221214294 40
1694178501349 -0.22586122155189514 41
1694178502784 -0.352979838848114 42
1694178504206 -0.2904554605484009 43
1694178505633 -0.30599063634872437 44
1694178507052 -0.29459843039512634 45
1694178508503 -0.26534372568130493 46
1694178509933 -0.36882054805755615 47
1694178511366 -0.3019983172416687 48
1694178512803 -0.2613346576690674 49
1694178514230 -0.21751707792282104 50
1694178515657 -0.2983618378639221 51
1694178517085 -0.3287550210952759 52
1694178518558 -0.3629290461540222 53
1694178520001 -0.3387565612792969 54
1694178521443 -0.2784230709075928 55
1694178522872 -0.25065621733665466 56
1694178524295 -0.32201409339904785 57
1694178525719 -0.32967811822891235 58
1694178527137 -0.3502696752548218 59
1694178528591 -0.3298373818397522 60
1694178530018 -0.2623191475868225 61
1694178531451 -0.2278900146484375 62
1694178532892 -0.3122168779373169 63
1694178534324 -0.33755916357040405 64
1694178535760 -0.30106210708618164 65
1694178537269 -0.33484727144241333 66
1694178538771 -0.3523763418197632 67
1694178540205 -0.29973727464675903 68
1694178541644 -0.2825702726840973 69
1694178543078 -0.2752804458141327 70
1694178544518 -0.3059306740760803 71
1694178545935 -0.362700879573822 72
1694178547345 -0.35343897342681885 73
1694178548814 -0.3416604697704315 74
1694178550243 -0.3294559717178345 75
1694178551673 -0.3367472290992737 76
1694178553107 -0.3015387952327728 77
1694178554539 -0.288246214389801 78
1694178555981 -0.2732289433479309 79
1694178557419 -0.3451158106327057 80
1694178558849 -0.37674111127853394 81
1694178560265 -0.3788466155529022 82
1694178561680 -0.3695647716522217 83
1694178563097 -0.264911949634552 84
1694178564522 -0.2681126594543457 85
1694178565939 -0.2776198387145996 86
1694178567365 -0.3310636281967163 87
1694178568787 -0.3281319737434387 88
1694178570204 -0.3785286545753479 89
1694178571628 -0.36445480585098267 90
1694178573048 -0.30206432938575745 91
1694178574467 -0.3297240734100342 92
1694178575877 -0.30026596784591675 93
1694178577300 -0.29894232749938965 94
1694178578733 -0.3501952886581421 95
1694178580157 -0.28839898109436035 96
1694178581663 -0.38890641927719116 97
1694178583086 -0.36387550830841064 98
1694178584511 -0.3352779448032379 99
1694178585926 -0.3094788193702698 100
1694178587343 -0.3093595504760742 101
1694178588776 -0.29347336292266846 102
1694178590193 -0.29024574160575867 103
1694178591598 -0.34873926639556885 104
1694178593011 -0.3702240586280823 105
1694178594427 -0.33180829882621765 106
1694178595845 -0.28689056634902954 107
1694178597261 -0.30415859818458557 108
1694178598692 -0.3839733600616455 109
1694178600098 -0.33880215883255005 110
1694178601516 -0.34047114849090576 111
1694178602940 -0.35206371545791626 112
1694178604350 -0.3385489583015442 113
1694178605771 -0.2478516399860382 114
1694178607184 -0.27827298641204834 115
1694178608625 -0.3499132990837097 116
1694178610056 -0.362995982170105 117
1694178611470 -0.34808409214019775 118
1694178612894 -0.345816045999527 119
1694178614310 -0.33103546500205994 120
1694178615732 -0.3208884000778198 121
1694178617152 -0.35934120416641235 122
1694178618596 -0.3476584553718567 123
1694178620034 -0.32869136333465576 124
1694178621461 -0.33788830041885376 125
1694178622879 -0.3634641170501709 126
1694178624306 -0.32196301221847534 127
1694178625724 -0.4078716039657593 128
1694178627145 -0.37886178493499756 129
1694178628612 -0.3436007797718048 130
1694178630095 -0.30528968572616577 131
1694178631640 -0.32240867614746094 132
1694178633075 -0.3208022713661194 133
1694178634511 -0.3352257013320923 134
1694178635934 -0.38667839765548706 135
1694178637370 -0.37548547983169556 136
1694178638833 -0.36116671562194824 137
1694178640266 -0.3150094151496887 138
1694178641696 -0.31722646951675415 139
1694178643126 -0.3161921501159668 140
1694178644561 -0.38337674736976624 141
1694178645994 -0.3903243839740753 142
1694178647400 -0.3811340928077698 143
1694178648820 -0.3151719570159912 144
1694178650268 -0.32672393321990967 145
1694178651766 -0.35785844922065735 146
1694178653254 -0.3444730043411255 147
1694178654750 -0.34461504220962524 148
1694178656234 -0.3496192693710327 149
1694178657707 -0.3784940838813782 150
1694178659190 -0.31522703170776367 151
1694178660660 -0.2724326550960541 152
1694178662105 -0.29802778363227844 153
1694178663562 -0.3403470516204834 154
1694178664987 -0.3865273594856262 155
1694178666439 -0.41889238357543945 156
1694178667862 -0.4406954348087311 157
1694178669296 -0.3631778955459595 158
1694178670719 -0.3275489807128906 159
1694178672136 -0.28968846797943115 160
1694178673645 -0.32734227180480957 161
1694178675091 -0.31243571639060974 162
1694178676625 -0.3986416757106781 163
1694178678060 -0.4190628230571747 164
1694178679489 -0.4209868311882019 165
1694178680916 -0.40448814630508423 166
1694178682339 -0.3640403747558594 167
1694178683766 -0.2617116868495941 168
1694178685194 -0.3168661892414093 169
1694178686617 -0.359296977519989 170
1694178688062 -0.3468722105026245 171
1694178689523 -0.3661521077156067 172
1694178690982 -0.34673166275024414 173
1694178692448 -0.3972157835960388 174
1694178693910 -0.3206549286842346 175
1694178695346 -0.37206172943115234 176
1694178696766 -0.392022967338562 177
1694178698185 -0.37882882356643677 178
1694178699611 -0.29844188690185547 179
1694178701026 -0.4086570739746094 180
1694178702555 -0.33425456285476685 181
1694178704003 -0.4111698567867279 182
1694178705449 -0.40402549505233765 183
1694178706888 -0.3730921745300293 184
1694178708364 -0.3382875323295593 185
1694178709817 -0.3492617607116699 186
1694178711263 -0.4029421806335449 187
1694178712676 -0.37217795848846436 188
1694178714123 -0.3382737636566162 189
1694178715535 -0.3212740421295166 190
1694178716961 -0.3049575388431549 191
1694178718401 -0.38660264015197754 192
1694178719828 -0.39785856008529663 193
1694178721272 -0.40143197774887085 194
1694178722693 -0.4143822193145752 195
1694178724126 -0.407408207654953 196
1694178725582 -0.36054089665412903 197
1694178727113 -0.32517361640930176 198
1694178728629 -0.3781734108924866 199
1694178730069 -0.4272144138813019 200
1694178731534 -0.39094507694244385 201
1694178732974 -0.40832751989364624 202
1694178734409 -0.38588425517082214 203
1694178735842 -0.3632180392742157 204
1694178737289 -0.29500728845596313 205
1694178738751 -0.3664821684360504 206
1694178740202 -0.3227847218513489 207
1694178741675 -0.4314993619918823 208
1694178743135 -0.4368024468421936 209
1694178744606 -0.37040042877197266 210
1694178746034 -0.3576659560203552 211
1694178747473 -0.41808032989501953 212
1694178748908 -0.3940485715866089 213
1694178750351 -0.3512748181819916 214
1694178751843 -0.366366446018219 215
1694178753310 -0.3345760107040405 216
1694178754745 -0.3285784125328064 217
1694178756184 -0.40011000633239746 218
1694178757613 -0.39049750566482544 219
1694178759044 -0.39067432284355164 220
1694178760477 -0.39150428771972656 221
1694178761905 -0.42363566160202026 222
1694178763338 -0.43963444232940674 223
1694178764888 -0.3768607974052429 224
1694178766425 -0.3380044996738434 225
1694178767856 -0.37441134452819824 226
1694178769290 -0.3787531554698944 227
1694178770710 -0.40087199211120605 228
1694178772277 -0.393230676651001 229
1694178773707 -0.40773463249206543 230
1694178775153 -0.3940085172653198 231
1694178776591 -0.3798016309738159 232
1694178778028 -0.3876204490661621 233
1694178779650 -0.36912021040916443 234
1694178781152 -0.3545737862586975 235
1694178782666 -0.41179215908050537 236
1694178784163 -0.39603662490844727 237
1694178785742 -0.4017036557197571 238
1694178787298 -0.42689651250839233 239
1694178788817 -0.42545199394226074 240
1694178790341 -0.3845841884613037 241
1694178791790 -0.3375891447067261 242
1694178793265 -0.39567357301712036 243
1694178794773 -0.41040825843811035 244
1694178796223 -0.41441380977630615 245
1694178797707 -0.4163203239440918 246
1694178799292 -0.4093104600906372 247
1694178800847 -0.4233224093914032 248
1694178802436 -0.41187238693237305 249
1694178803957 -0.4077986776828766 250
1694178805551 -0.3928847908973694 251
1694178807116 -0.35258913040161133 252
1694178808647 -0.34680455923080444 253
1694178810204 -0.354606956243515 254
1694178811793 -0.4372478723526001 255
1694178813367 -0.48738500475883484 256
1694178814934 -0.5051813125610352 257
1694178816471 -0.367336630821228 258
1694178818182 -0.2999318540096283 259
1694178819659 -0.4006192684173584 260
1694178821375 -0.38600975275039673 261
1694178822820 -0.4402430057525635 262
1694178824375 -0.4199502766132355 263
1694178825945 -0.4520057439804077 264
