1695155407496 0.6968545317649841 0
1695155407866 0.41784998774528503 1
1695155408231 0.26867178082466125 2
1695155408605 0.18087700009346008 3
1695155408969 0.19172245264053345 4
1695155409334 0.2700057923793793 5
1695155409705 0.30154386162757874 6
1695155410066 0.17222510278224945 7
1695155410445 0.21818794310092926 8
1695155410810 0.16798055171966553 9
1695155411174 0.19700656831264496 10
1695155411545 0.14654628932476044 11
1695155411909 0.24512885510921478 12
1695155412272 0.18865270912647247 13
1695155412633 0.13948442041873932 14
1695155412994 0.13161492347717285 15
1695155413354 0.21402299404144287 16
1695155413716 0.20308071374893188 17
1695155414078 0.15562158823013306 18
1695155414443 0.15671880543231964 19
1695155414817 0.10681537538766861 20
1695155415177 0.1098228394985199 21
1695155415542 0.09622257947921753 22
1695155415910 0.11210301518440247 23
1695155416269 0.10171504318714142 24
1695155416640 0.0880475789308548 25
1695155416999 0.060064155608415604 26
1695155417358 0.2299223244190216 27
1695155417717 0.05915025994181633 28
1695155418080 0.06667806208133698 29
1695155418452 0.08037684112787247 30
1695155418810 0.09744980931282043 31
1695155419293 0.10391039401292801 32
1695155419873 0.19642920792102814 33
1695155420232 0.10663323104381561 34
1695155420596 0.08630707859992981 35
1695155420958 0.06488972902297974 36
1695155421318 0.14811988174915314 37
1695155421682 0.07092373073101044 38
1695155422043 0.12797659635543823 39
1695155422408 0.08119061589241028 40
1695155422771 0.07133734226226807 41
1695155423142 0.12672321498394012 42
1695155423512 0.07094316184520721 43
1695155423876 0.09213405847549438 44
1695155424240 0.09814943373203278 45
1695155424602 0.06367568671703339 46
1695155424962 0.08674506098031998 47
1695155425322 0.05499817803502083 48
1695155425682 0.059283990412950516 49
1695155426044 0.08028776198625565 50
1695155426403 0.07028456777334213 51
1695155426762 0.06907789409160614 52
1695155427122 0.0700695812702179 53
1695155427483 0.15089675784111023 54
1695155427844 0.062117841094732285 55
1695155428224 0.04955901578068733 56
1695155428596 0.09866710752248764 57
1695155428965 0.04005245864391327 58
1695155429337 0.05543633550405502 59
1695155429709 0.06463112682104111 60
1695155430078 0.06140904501080513 61
1695155430451 0.05968499928712845 62
1695155430821 0.06564292311668396 63
1695155431190 0.030430637300014496 64
1695155431563 0.1054166704416275 65
1695155431934 0.08319488167762756 66
1695155432308 0.07416081428527832 67
1695155432682 0.08725257962942123 68
1695155433059 0.09563807398080826 69
1695155433429 0.0681256577372551 70
1695155433803 0.09179987013339996 71
1695155434175 0.03886983543634415 72
1695155434542 0.06479576975107193 73
1695155434915 0.0521136149764061 74
1695155435287 0.07692960649728775 75
1695155435656 0.07453765720129013 76
1695155436027 0.09228688478469849 77
1695155436399 0.0543593131005764 78
1695155436767 0.055377714335918427 79
1695155437139 0.047773078083992004 80
1695155437511 0.05781765282154083 81
1695155437879 0.09570825099945068 82
1695155438251 0.07685060799121857 83
1695155438623 0.10670416057109833 84
1695155438995 0.04412078484892845 85
1695155439370 0.0742281898856163 86
1695155439742 0.029940737411379814 87
1695155440110 0.0702788382768631 88
1695155440481 0.10126537084579468 89
1695155440852 0.04242486134171486 90
1695155441219 0.047396447509527206 91
1695155441595 0.08228303492069244 92
1695155441965 0.05487736687064171 93
1695155442334 0.0911085456609726 94
1695155442708 0.12479686737060547 95
1695155443080 0.05961715057492256 96
1695155443448 0.07440395653247833 97
1695155443820 0.0700613409280777 98
1695155444191 0.07257827371358871 99
1695155444561 0.042433883994817734 100
1695155444929 0.14944514632225037 101
1695155445298 0.05010532587766647 102
1695155445671 0.03744874149560928 103
1695155446042 0.038462165743112564 104
1695155446409 0.0717548131942749 105
1695155446782 0.0767245963215828 106
1695155447151 0.041990216821432114 107
1695155447519 0.043200697749853134 108
1695155447887 0.08434329181909561 109
1695155448253 0.033178169280290604 110
1695155448621 0.09058047831058502 111
1695155448987 0.06721819937229156 112
1695155449354 0.028155144304037094 113
1695155449723 0.08725310117006302 114
1695155450090 0.06625113636255264 115
1695155450461 0.025197762995958328 116
1695155450831 0.05259053036570549 117
1695155451201 0.028822490945458412 118
1695155451569 0.08040522783994675 119
1695155451937 0.09937136620283127 120
1695155452306 0.04014858230948448 121
1695155452673 0.04374834522604942 122
1695155453047 0.04796520248055458 123
1695155453415 0.04918583109974861 124
1695155453784 0.019602825865149498 125
1695155454156 0.046630389988422394 126
1695155454528 0.10380992293357849 127
1695155454903 0.06986481696367264 128
1695155455275 0.07614287734031677 129
1695155455645 0.04731369391083717 130
1695155456018 0.043069977313280106 131
1695155456392 0.053850747644901276 132
1695155456763 0.05942593887448311 133
1695155457138 0.06048775464296341 134
1695155457510 0.07982444763183594 135
1695155457882 0.022528300061821938 136
1695155458260 0.10450094938278198 137
1695155458633 0.093226857483387 138
1695155459004 0.03746999800205231 139
1695155459381 0.020373253151774406 140
1695155459754 0.03807422146201134 141
1695155460128 0.09801444411277771 142
1695155460516 0.06561066955327988 143
1695155460897 0.07380538433790207 144
1695155461267 0.0713004395365715 145
1695155461642 0.09263058006763458 146
1695155462014 0.08671104162931442 147
1695155462383 0.03147246316075325 148
1695155462757 0.0696958377957344 149
1695155463128 0.041597139090299606 150
1695155463502 0.0760125070810318 151
1695155463876 0.058811042457818985 152
1695155464250 0.05535529926419258 153
1695155464621 0.06399498879909515 154
1695155465012 0.05274254083633423 155
1695155465387 0.059337351471185684 156
1695155465756 0.052063800394535065 157
1695155466130 0.05201719328761101 158
1695155466512 0.038051191717386246 159
1695155466883 0.03973792493343353 160
1695155467259 0.07723596692085266 161
1695155467631 0.021237215027213097 162
1695155467999 0.039167340844869614 163
1695155468376 0.12723101675510406 164
1695155468748 0.060443729162216187 165
1695155469119 0.09732377529144287 166
1695155469493 0.07142940163612366 167
1695155469867 0.05958842486143112 168
1695155470237 0.0942365750670433 169
1695155470607 0.021703720092773438 170
1695155470977 0.056567054241895676 171
1695155471358 0.0497974157333374 172
1695155471732 0.11339996010065079 173
1695155472103 0.08203084021806717 174
1695155472477 0.13621626794338226 175
1695155472849 0.05083737522363663 176
1695155473230 0.056813571602106094 177
1695155473604 0.09727433323860168 178
1695155473972 0.0624716617166996 179
1695155474341 0.06925376504659653 180
1695155474714 0.07764910161495209 181
1695155475083 0.06784448772668839 182
1695155475457 0.04761478304862976 183
1695155475835 0.06039821356534958 184
1695155476205 0.06614146381616592 185
1695155476579 0.04176151752471924 186
1695155476949 0.0569198913872242 187
1695155477318 0.046464476734399796 188
1695155477691 0.04862196743488312 189
1695155478066 0.05511517450213432 190
1695155478436 0.06153055652976036 191
1695155478812 0.030776135623455048 192
1695155479181 0.054455410689115524 193
1695155479547 0.06888904422521591 194
1695155479918 0.05507373809814453 195
1695155480289 0.04906840622425079 196
1695155480662 0.08092516660690308 197
1695155481038 0.04915403947234154 198
1695155481409 0.10466717928647995 199
1695155481788 0.0461086742579937 200
1695155482163 0.047287240624427795 201
1695155482539 0.05220501124858856 202
1695155482915 0.03750254213809967 203
1695155483290 0.1122194230556488 204
1695155483661 0.05616370961070061 205
1695155484039 0.08018132299184799 206
1695155484411 0.04920671507716179 207
1695155484780 0.0453927144408226 208
1695155485155 0.05255066975951195 209
1695155485528 0.06689387559890747 210
1695155485905 0.05035770684480667 211
1695155486281 0.04703718051314354 212
1695155486653 0.05657108500599861 213
1695155487032 0.029567033052444458 214
1695155487405 0.07683585584163666 215
1695155487777 0.041868481785058975 216
1695155488149 0.0938015803694725 217
1695155488521 0.048597779124975204 218
1695155488899 0.055736154317855835 219
1695155489275 0.055487193167209625 220
1695155489648 0.03661634773015976 221
1695155490023 0.03354370966553688 222
1695155490401 0.024643780663609505 223
1695155490779 0.05133471637964249 224
1695155491154 0.08552486449480057 225
1695155491533 0.12335452437400818 226
1695155491911 0.0302280280739069 227
1695155492334 0.06260238587856293 228
1695155492722 0.03331877663731575 229
1695155493140 0.10809549689292908 230
1695155493523 0.03991027548909187 231
1695155493894 0.07040414959192276 232
1695155494264 0.09764590859413147 233
1695155494639 0.061054740101099014 234
1695155495012 0.03494061902165413 235
1695155495383 0.12084835767745972 236
1695155495752 0.09964402765035629 237
1695155496134 0.043658435344696045 238
1695155496509 0.05478299781680107 239
1695155496894 0.11503706127405167 240
1695155497310 0.05394848808646202 241
1695155497685 0.0452728196978569 242
1695155498069 0.04545462876558304 243
1695155498446 0.05210328474640846 244
1695155498821 0.043190404772758484 245
1695155499191 0.022985151037573814 246
1695155499560 0.04067312553524971 247
1695155499931 0.0675872415304184 248
1695155500299 0.0784226730465889 249
1695155500670 0.07501592487096786 250
1695155501062 0.07194627821445465 251
1695155501438 0.06566792726516724 252
1695155501808 0.0893980860710144 253
1695155502183 0.07284438610076904 254
1695155502553 0.1329174041748047 255
1695155502923 0.0446489043533802 256
1695155503292 0.0424945205450058 257
1695155503667 0.04147712513804436 258
1695155504041 0.06466503441333771 259
1695155504414 0.05691150575876236 260
1695155504792 0.05717331916093826 261
1695155505165 0.02624356374144554 262
1695155505537 0.03107970394194126 263
1695155505910 0.02349299192428589 264
1695155506283 0.023943591862916946 265
1695155506655 0.04428981617093086 266
1695155507031 0.02518121339380741 267
1695155507405 0.04584438353776932 268
1695155507775 0.08806829899549484 269
1695155508149 0.035424936562776566 270
1695155508520 0.055124592036008835 271
1695155508899 0.014514032751321793 272
1695155509284 0.010823093354701996 273
1695155509696 0.08194592595100403 274
1695155510071 0.042746271938085556 275
1695155510459 0.06591062247753143 276
1695155510841 0.043891821056604385 277
1695155511247 0.03626036271452904 278
1695155511621 0.04452932998538017 279
1695155511996 0.01288645714521408 280
1695155512377 0.03810820356011391 281
1695155512750 0.01703098975121975 282
1695155513124 0.06497249007225037 283
1695155513502 0.05221454054117203 284
1695155513875 0.04355616495013237 285
1695155514245 0.13597603142261505 286
1695155514615 0.11628202348947525 287
1695155514986 0.06599592417478561 288
1695155515361 0.046251192688941956 289
1695155515732 0.0435316301882267 290
1695155516109 0.05691646784543991 291
1695155516490 0.0299210362136364 292
1695155516860 0.05950222909450531 293
1695155517229 0.07113748043775558 294
1695155517599 0.020669573917984962 295
1695155517970 0.04324512928724289 296
1695155518340 0.05546613037586212 297
1695155518717 0.03777281939983368 298
1695155519092 0.0314466618001461 299
1695155519465 0.019564256072044373 300
1695155519839 0.03832634538412094 301
1695155520216 0.040515296161174774 302
1695155520605 0.056248173117637634 303
1695155520975 0.07400500774383545 304
1695155521346 0.0524754673242569 305
1695155521723 0.08775115013122559 306
1695155522103 0.038736797869205475 307
1695155522474 0.0445001982152462 308
1695155522845 0.07641919702291489 309
1695155523219 0.0418882817029953 310
1695155523590 0.02739899978041649 311
1695155523961 0.03685277700424194 312
1695155524337 0.055870816111564636 313
1695155524710 0.06120862066745758 314
1695155525082 0.02441207505762577 315
1695155525457 0.04579305648803711 316
1695155525830 0.0810917466878891 317
1695155526199 0.06179868429899216 318
1695155526571 0.029445655643939972 319
1695155526943 0.039335060864686966 320
1695155527312 0.05941970646381378 321
1695155527687 0.05683932080864906 322
1695155528061 0.017898408696055412 323
1695155528431 0.034452684223651886 324
1695155528808 0.044260382652282715 325
1695155529179 0.06203337758779526 326
1695155529548 0.03202030435204506 327
1695155529922 0.06607457250356674 328
1695155530292 0.022138699889183044 329
1695155530662 0.055500149726867676 330
1695155531034 0.04826908931136131 331
1695155531405 0.045813657343387604 332
1695155531774 0.030094236135482788 333
1695155532148 0.06026604399085045 334
1695155532516 0.03813200443983078 335
1695155532893 0.04741356149315834 336
1695155533267 0.03007570281624794 337
1695155533640 0.06382817029953003 338
1695155534015 0.06755142658948898 339
1695155534390 0.03819186985492706 340
1695155534762 0.04261636734008789 341
1695155535136 0.13067667186260223 342
1695155535523 0.13432222604751587 343
1695155535894 0.047953370958566666 344
1695155536269 0.0547303706407547 345
1695155536643 0.06976505368947983 346
1695155537013 0.07790948450565338 347
1695155537390 0.06421034038066864 348
1695155537763 0.04844425618648529 349
1695155538134 0.09109608083963394 350
1695155538509 0.05077631026506424 351
1695155538881 0.09177262336015701 352
1695155539330 0.03731447458267212 353
1695155539707 0.07927344739437103 354
1695155540083 0.06424394249916077 355
1695155540460 0.05613573268055916 356
1695155540835 0.05854984372854233 357
1695155541204 0.06686177849769592 358
1695155541575 0.06543073803186417 359
1695155541950 0.054257988929748535 360
1695155542323 0.06454610079526901 361
1695155542693 0.04107178747653961 362
1695155543069 0.07571321725845337 363
1695155543440 0.11131470650434494 364
1695155543809 0.02614009752869606 365
1695155544180 0.047035131603479385 366
1695155544552 0.05914340540766716 367
1695155544927 0.02379576303064823 368
1695155545302 0.03658502548933029 369
1695155545674 0.02929014340043068 370
1695155546048 0.07254013419151306 371
1695155546419 0.06060891970992088 372
1695155546796 0.05772637575864792 373
1695155547170 0.04318254068493843 374
1695155547539 0.073096364736557 375
1695155547915 0.07924357056617737 376
1695155548294 0.07267273962497711 377
1695155548663 0.023297062143683434 378
1695155549162 0.02292516641318798 379
1695155549723 0.028042955324053764 380
1695155550103 0.10984548181295395 381
1695155550477 0.02669519931077957 382
1695155550850 0.04630862548947334 383
1695155551224 0.030724994838237762 384
1695155551593 0.06856518983840942 385
1695155551968 0.05147489905357361 386
1695155552343 0.06686077266931534 387
1695155552715 0.032014623284339905 388
1695155553102 0.03693383187055588 389
1695155553484 0.07911531627178192 390
1695155553858 0.039188552647829056 391
1695155554232 0.05433053895831108 392
1695155554606 0.02728334628045559 393
1695155554977 0.06001061201095581 394
1695155555355 0.10634807497262955 395
1695155555737 0.0461500845849514 396
1695155556149 0.026560049504041672 397
1695155556533 0.0483720600605011 398
1695155556908 0.031111184507608414 399
1695155557283 0.038503825664520264 400
1695155557655 0.05240844562649727 401
1695155558027 0.022204028442502022 402
1695155558397 0.038695577532052994 403
1695155558780 0.062109991908073425 404
1695155559153 0.01930026337504387 405
1695155559523 0.04522665590047836 406
1695155559898 0.06012112274765968 407
1695155560271 0.09023527055978775 408
1695155560649 0.04029862955212593 409
1695155561025 0.0413375161588192 410
1695155561397 0.04428103193640709 411
1695155561769 0.1099833995103836 412
1695155562140 0.04242726415395737 413
1695155562519 0.11283381283283234 414
1695155562894 0.06191912293434143 415
1695155563271 0.06733831018209457 416
1695155563641 0.04672685265541077 417
1695155564015 0.08402454107999802 418
1695155564388 0.12052233517169952 419
1695155564762 0.07934197783470154 420
1695155565137 0.04045312479138374 421
1695155565516 0.054154474288225174 422
1695155565889 0.07009240239858627 423
1695155566267 0.07682091742753983 424
1695155566640 0.03602098673582077 425
1695155567011 0.07503880560398102 426
1695155567381 0.07201840728521347 427
1695155567750 0.05640239268541336 428
1695155568128 0.0863819420337677 429
1695155568503 0.04954355210065842 430
1695155568874 0.063624307513237 431
1695155569243 0.04047296568751335 432
1695155569613 0.03847481310367584 433
1695155569985 0.05233991891145706 434
1695155570362 0.033472176641225815 435
1695155570733 0.07982680946588516 436
1695155571105 0.02242034301161766 437
1695155571476 0.0509992279112339 438
1695155571850 0.03705087676644325 439
1695155572230 0.013255974277853966 440
1695155572605 0.054237380623817444 441
1695155572974 0.048283543437719345 442
1695155573344 0.045315928757190704 443
1695155573727 0.06329238414764404 444
1695155574113 0.04287160560488701 445
1695155574489 0.03661603108048439 446
1695155574859 0.05556044727563858 447
1695155575238 0.050257448107004166 448
1695155575606 0.01719577983021736 449
1695155575978 0.028265174478292465 450
1695155576348 0.06272017955780029 451
1695155576720 0.030127452686429024 452
1695155577092 0.03712840378284454 453
1695155577464 0.06617248058319092 454
1695155577834 0.04205368459224701 455
1695155578207 0.02454066462814808 456
1695155578580 0.05495086684823036 457
1695155578952 0.032813481986522675 458
1695155579324 0.06236385554075241 459
1695155579692 0.05274618789553642 460
1695155580065 0.056326571851968765 461
1695155580435 0.026574280112981796 462
1695155580805 0.11552873998880386 463
1695155581178 0.03452744334936142 464
1695155581552 0.03664511814713478 465
1695155581923 0.03182428330183029 466
1695155582293 0.03132607042789459 467
1695155582664 0.05064592882990837 468
1695155583040 0.011965063400566578 469
1695155583413 0.06633374094963074 470
1695155583783 0.05389850586652756 471
1695155584160 0.030138326808810234 472
1695155584533 0.02910981886088848 473
1695155584903 0.06858343631029129 474
1695155585275 0.05935029685497284 475
1695155585650 0.022580023854970932 476
1695155586024 0.076453298330307 477
1695155586403 0.02172420173883438 478
1695155586778 0.020927976816892624 479
1695155587152 0.03167996555566788 480
1695155587529 0.037719327956438065 481
1695155587902 0.06992368400096893 482
1695155588278 0.08180521428585052 483
1695155588665 0.036904655396938324 484
1695155589039 0.0696466788649559 485
1695155589411 0.022313270717859268 486
1695155589785 0.05174582451581955 487
1695155590157 0.06126401945948601 488
1695155590529 0.07459913194179535 489
1695155590911 0.011718738824129105 490
1695155591286 0.03783338889479637 491
1695155591656 0.018025169149041176 492
1695155592033 0.015097394585609436 493
1695155592408 0.03600713238120079 494
1695155592779 0.01970897801220417 495
1695155593156 0.008515176363289356 496
1695155593529 0.04400675743818283 497
1695155593899 0.013700722716748714 498
1695155594273 0.010237868875265121 499
1695155594651 0.02663554437458515 500
1695155595026 0.10160303860902786 501
1695155595405 0.053730856627225876 502
1695155595782 0.04349949583411217 503
1695155596153 0.03292909637093544 504
1695155596529 0.06533017009496689 505
1695155596903 0.008989300578832626 506
1695155597273 0.11058982461690903 507
1695155597655 0.029517387971282005 508
1695155598030 0.10589326918125153 509
1695155598400 0.015864314511418343 510
1695155598777 0.07463081181049347 511
1695155599153 0.03958183526992798 512
1695155599523 0.024452844634652138 513
1695155599900 0.06414661556482315 514
1695155600275 0.041207849979400635 515
1695155600648 0.01795152947306633 516
1695155601027 0.042463380843400955 517
1695155601402 0.023105764761567116 518
1695155601774 0.08108929544687271 519
1695155602151 0.021869424730539322 520
1695155602523 0.09085241705179214 521
1695155602892 0.085365891456604 522
1695155603266 0.04506005719304085 523
1695155603637 0.03547901287674904 524
1695155604007 0.03815373778343201 525
1695155604384 0.1099911481142044 526
1695155604757 0.05950688570737839 527
1695155605128 0.028101012110710144 528
1695155605506 0.0561961866915226 529
1695155605880 0.08660959452390671 530
1695155606250 0.0413353331387043 531
1695155606631 0.020081132650375366 532
1695155607006 0.040717970579862595 533
1695155607377 0.05581142380833626 534
1695155607753 0.03336970880627632 535
1695155608128 0.02826184593141079 536
1695155608499 0.09414723515510559 537
1695155608875 0.03236852213740349 538
1695155609250 0.03439943119883537 539
1695155609621 0.0472814179956913 540
1695155610000 0.07992676645517349 541
1695155610370 0.013752873055636883 542
1695155610743 0.02121489681303501 543
1695155611120 0.027721121907234192 544
1695155611496 0.04403207078576088 545
1695155611873 0.031520776450634 546
1695155612253 0.03425312787294388 547
1695155612622 0.00841504242271185 548
1695155612998 0.06668852269649506 549
1695155613371 0.08579107373952866 550
1695155613744 0.05388477072119713 551
1695155614115 0.0711251050233841 552
1695155614484 0.029073746874928474 553
1695155614862 0.027312949299812317 554
1695155615235 0.024930568411946297 555
1695155615607 0.03309321776032448 556
1695155615982 0.03893110528588295 557
1695155616357 0.09309057146310806 558
1695155616728 0.013816356658935547 559
1695155617103 0.03068370558321476 560
1695155617476 0.0870923101902008 561
1695155617847 0.06057588756084442 562
1695155618227 0.050723135471343994 563
1695155618602 0.03244176506996155 564
1695155618974 0.04044053331017494 565
1695155619360 0.05478052422404289 566
1695155619739 0.08640614151954651 567
1695155620112 0.056657224893569946 568
1695155620497 0.02044343203306198 569
1695155620876 0.06144805997610092 570
1695155621252 0.09628350287675858 571
1695155621627 0.06778660416603088 572
1695155621999 0.06153591722249985 573
1695155622377 0.029544424265623093 574
1695155622751 0.026050765067338943 575
1695155623120 0.04114578291773796 576
1695155623497 0.053440794348716736 577
1695155623871 0.03500877320766449 578
1695155624242 0.03653861582279205 579
1695155624620 0.019713280722498894 580
1695155624994 0.04132109507918358 581
1695155625367 0.05011334642767906 582
1695155625739 0.02507769502699375 583
1695155626110 0.0183652825653553 584
1695155626486 0.052049700170755386 585
1695155626859 0.017184115946292877 586
1695155627230 0.04738543927669525 587
1695155627603 0.03791961818933487 588
1695155627975 0.019888486713171005 589
1695155628350 0.011525604873895645 590
1695155628725 0.05107846111059189 591
1695155629096 0.04429240524768829 592
1695155629472 0.03663205727934837 593
1695155629847 0.0277740266174078 594
1695155630218 0.04693876951932907 595
1695155630596 0.017334965988993645 596
1695155630965 0.03860434144735336 597
1695155631337 0.03396228328347206 598
1695155631712 0.05014211684465408 599
1695155632084 0.014486292377114296 600
1695155632458 0.035965949296951294 601
1695155632831 0.036830492317676544 602
1695155633208 0.0140171367675066 603
1695155633585 0.060880087316036224 604
1695155633957 0.07726479321718216 605
1695155634330 0.05443037301301956 606
1695155634708 0.020854130387306213 607
1695155635081 0.02355280891060829 608
1695155635457 0.030814481899142265 609
1695155635838 0.06437297910451889 610
1695155636208 0.022282598540186882 611
1695155636581 0.026651764288544655 612
1695155636953 0.022216133773326874 613
1695155637324 0.04224233701825142 614
1695155637697 0.04548448324203491 615
1695155638075 0.025380147621035576 616
1695155638451 0.025396471843123436 617
1695155638824 0.0532306432723999 618
1695155639198 0.052201710641384125 619
1695155639581 0.036386482417583466 620
1695155639994 0.0322386771440506 621
1695155640411 0.013966888189315796 622
1695155640783 0.0399288572371006 623
1695155641155 0.021504418924450874 624
1695155641529 0.020615123212337494 625
1695155641903 0.03796089440584183 626
1695155642280 0.04265665262937546 627
1695155642658 0.037793293595314026 628
1695155643031 0.06889352202415466 629
1695155643406 0.03344691917300224 630
1695155643778 0.03922657296061516 631
1695155644155 0.03231629356741905 632
1695155644530 0.0157635360956192 633
1695155644910 0.1198151558637619 634
1695155645281 0.04265874624252319 635
1695155645653 0.02394910715520382 636
1695155646029 0.014611747115850449 637
1695155646519 0.03245045244693756 638
1695155647040 0.06907682120800018 639
1695155647434 0.030275162309408188 640
1695155647819 0.053170688450336456 641
1695155648205 0.01404229924082756 642
1695155648580 0.0369708389043808 643
1695155649027 0.016341688111424446 644
1695155649463 0.02544437162578106 645
1695155649874 0.020934944972395897 646
1695155650259 0.017950544133782387 647
1695155650653 0.058537960052490234 648
1695155651059 0.03094330057501793 649
1695155651499 0.041611529886722565 650
1695155651893 0.049649596214294434 651
1695155652313 0.02262910269200802 652
1695155652758 0.029819881543517113 653
1695155653204 0.05253766104578972 654
1695155653601 0.06716161966323853 655
1695155653986 0.031680043786764145 656
1695155654375 0.030670134350657463 657
1695155654766 0.016602398827672005 658
1695155655144 0.06790591776371002 659
1695155655538 0.026409897953271866 660
1695155655928 0.011434823274612427 661
1695155656305 0.03653302416205406 662
1695155656684 0.058934133499860764 663
1695155657086 0.07292767614126205 664
1695155657469 0.05323683097958565 665
1695155657951 0.008713200688362122 666
1695155658350 0.03712410107254982 667
1695155658736 0.0371638759970665 668
1695155659120 0.01306489109992981 669
1695155659510 0.07848528027534485 670
1695155659884 0.029016535729169846 671
1695155660273 0.03236591815948486 672
1695155660664 0.01578066498041153 673
1695155661036 0.053444117307662964 674
1695155661421 0.016245977953076363 675
1695155661800 0.04797305539250374 676
1695155662186 0.05957318842411041 677
1695155662580 0.025334201753139496 678
1695155662957 0.010418885387480259 679
1695155663331 0.01405932568013668 680
1695155663726 0.04428473860025406 681
1695155664112 0.03820715472102165 682
1695155664489 0.03299189358949661 683
1695155664877 0.034974269568920135 684
1695155665258 0.0113968001678586 685
1695155665646 0.03690210357308388 686
1695155666024 0.050810229033231735 687
1695155666400 0.024453992024064064 688
1695155666789 0.01993585377931595 689
1695155667176 0.02455228380858898 690
1695155667562 0.07258486747741699 691
1695155667946 0.03723238781094551 692
1695155668324 0.07718189060688019 693
1695155668699 0.019831951707601547 694
1695155669087 0.018978245556354523 695
1695155669465 0.045218031853437424 696
1695155669849 0.015648681670427322 697
1695155670232 0.04816935583949089 698
1695155670620 0.009640420787036419 699
1695155670997 0.06979405134916306 700
1695155671371 0.053076159209012985 701
1695155671756 0.05043512582778931 702
1695155672148 0.04956354945898056 703
1695155672521 0.043475523591041565 704
1695155672899 0.08953752368688583 705
1695155673290 0.04977089911699295 706
1695155673679 0.04822873696684837 707
1695155674073 0.029300959780812263 708
1695155674456 0.04356558248400688 709
1695155674835 0.012321388348937035 710
1695155675224 0.08424758166074753 711
1695155675604 0.058026477694511414 712
1695155675979 0.05083576962351799 713
1695155676368 0.03909233957529068 714
1695155676754 0.027028769254684448 715
1695155677140 0.047177571803331375 716
1695155677522 0.06586126238107681 717
1695155677903 0.03632258623838425 718
1695155678295 0.05786888301372528 719
1695155678688 0.022191252559423447 720
1695155679074 0.028347782790660858 721
1695155679460 0.07365823537111282 722
1695155679838 0.029212918132543564 723
1695155680221 0.030562542378902435 724
1695155680606 0.05516095831990242 725
1695155680980 0.030623508617281914 726
1695155681354 0.016471829265356064 727
1695155681750 0.024447616189718246 728
1695155682139 0.019865719601511955 729
1695155682511 0.06580822169780731 730
1695155682894 0.012228754349052906 731
1695155683275 0.018095465376973152 732
1695155683668 0.032628756016492844 733
1695155684057 0.05957838520407677 734
1695155684431 0.05953604355454445 735
1695155684811 0.02518332377076149 736
1695155685192 0.03725042939186096 737
1695155685580 0.038257159292697906 738
1695155685964 0.03247383236885071 739
1695155686337 0.02827763557434082 740
1695155686725 0.03974531590938568 741
1695155687111 0.056851621717214584 742
1695155687488 0.06552454084157944 743
1695155687873 0.03844626620411873 744
1695155688275 0.01248524896800518 745
1695155688662 0.05923529714345932 746
1695155689050 0.05505601689219475 747
1695155689428 0.04293963685631752 748
1695155689808 0.06253217905759811 749
1695155690193 0.027555648237466812 750
1695155690577 0.050634585320949554 751
1695155690958 0.026251256465911865 752
1695155691347 0.03305645287036896 753
1695155691728 0.045736558735370636 754
1695155692117 0.023696482181549072 755
1695155692503 0.01649785228073597 756
1695155692876 0.037692151963710785 757
1695155693271 0.01728217676281929 758
1695155693665 0.046172406524419785 759
1695155694042 0.06590989232063293 760
1695155694430 0.0060194856487214565 761
1695155694810 0.02780432067811489 762
1695155695191 0.0258366446942091 763
1695155695589 0.035049308091402054 764
1695155695966 0.032257020473480225 765
1695155696339 0.016514893621206284 766
1695155696736 0.0816800594329834 767
1695155697123 0.04184544086456299 768
1695155697497 0.03231697902083397 769
1695155697886 0.016577189788222313 770
1695155698271 0.06442869454622269 771
1695155698667 0.022846626117825508 772
1695155699064 0.03341855853796005 773
1695155699440 0.07574976235628128 774
1695155699822 0.026417475193738937 775
1695155700203 0.04121486842632294 776
1695155700591 0.029596174135804176 777
1695155700971 0.03278613090515137 778
1695155701350 0.04402228444814682 779
1695155701735 0.030036689713597298 780
1695155702125 0.030451815575361252 781
1695155702503 0.03317790850996971 782
1695155702885 0.036544833332300186 783
1695155703277 0.008449237793684006 784
1695155703665 0.017228132113814354 785
1695155704055 0.01106748916208744 786
1695155704433 0.009851102717220783 787
1695155704812 0.014143195934593678 788
1695155705197 0.006075011100620031 789
1695155705579 0.06829297542572021 790
1695155705966 0.04459819942712784 791
1695155706351 0.0382244773209095 792
1695155706731 0.01992972195148468 793
1695155707117 0.032407861202955246 794
1695155707499 0.06521056592464447 795
1695155707871 0.03128260746598244 796
1695155708262 0.013298085890710354 797
1695155708654 0.04111422598361969 798
1695155709033 0.04451506957411766 799
1695155709416 0.04856370389461517 800
1695155709797 0.018048183992505074 801
1695155710184 0.025356171652674675 802
1695155710578 0.03314346820116043 803
1695155710952 0.04476310685276985 804
1695155711332 0.03037450835108757 805
1695155711723 0.023912588134407997 806
1695155712106 0.01856842450797558 807
1695155712487 0.029699593782424927 808
1695155712872 0.05655493959784508 809
1695155713260 0.023684965446591377 810
1695155713653 0.028830328956246376 811
1695155714032 0.018536703661084175 812
1695155714409 0.03236166760325432 813
1695155714807 0.0385286845266819 814
1695155715188 0.0384124219417572 815
1695155715579 0.06367785483598709 816
1695155715960 0.05252538248896599 817
1695155716334 0.04972250387072563 818
1695155716716 0.02729632705450058 819
1695155717106 0.10171376168727875 820
1695155717482 0.01216276828199625 821
1695155717864 0.04147806763648987 822
1695155718254 0.03666415810585022 823
1695155718635 0.010121080093085766 824
1695155719017 0.01882096752524376 825
1695155719392 0.05288001894950867 826
1695155719782 0.02508227713406086 827
1695155720168 0.0453435517847538 828
1695155720543 0.043561190366744995 829
1695155720924 0.03759513422846794 830
1695155721310 0.051589492708444595 831
1695155721693 0.014282871037721634 832
1695155722086 0.025505227968096733 833
1695155722468 0.01868942752480507 834
1695155722848 0.031931471079587936 835
1695155723242 0.025858385488390923 836
1695155723625 0.014844278804957867 837
1695155724005 0.11089614778757095 838
1695155724389 0.014985068701207638 839
1695155724772 0.04514124244451523 840
1695155725160 0.05705617740750313 841
1695155725554 0.08889985084533691 842
1695155725929 0.06310275197029114 843
1695155726311 0.06931682676076889 844
1695155726703 0.10288219153881073 845
1695155727084 0.04111231863498688 846
1695155727472 0.0236662570387125 847
1695155727857 0.02719869837164879 848
1695155728238 0.02504284866154194 849
1695155728631 0.019664283841848373 850
1695155729007 0.03548482060432434 851
1695155729380 0.02613304741680622 852
1695155729780 0.05173901095986366 853
1695155730164 0.013743072748184204 854
1695155730538 0.052705466747283936 855
1695155730929 0.03871596232056618 856
1695155731311 0.02768648974597454 857
1695155731695 0.060582235455513 858
1695155732086 0.046670496463775635 859
1695155732459 0.04937142878770828 860
1695155732848 0.04353872314095497 861
1695155733253 0.0322309210896492 862
1695155733636 0.042969997972249985 863
1695155734018 0.010521742515265942 864
1695155734393 0.024016184732317924 865
1695155734776 0.0577017180621624 866
1695155735158 0.022455362603068352 867
1695155735542 0.04487793147563934 868
1695155735916 0.06381735950708389 869
1695155736306 0.029241545125842094 870
1695155736718 0.03958388417959213 871
1695155737127 0.043038807809352875 872
1695155737518 0.05145018920302391 873
1695155737891 0.0891655683517456 874
1695155738290 0.019885702058672905 875
1695155738683 0.03954538330435753 876
1695155739065 0.023054882884025574 877
1695155739451 0.0325721837580204 878
1695155739835 0.03309979662299156 879
1695155740218 0.012127758003771305 880
1695155740601 0.05052207037806511 881
1695155740976 0.049744922667741776 882
1695155741359 0.06001642718911171 883
1695155741753 0.029991650953888893 884
1695155742137 0.03052210807800293 885
1695155742518 0.022901732474565506 886
1695155742909 0.06563439965248108 887
1695155743291 0.023152653127908707 888
1695155743687 0.023522095754742622 889
1695155744078 0.03356343135237694 890
1695155744463 0.05332036316394806 891
1695155744851 0.05077631399035454 892
1695155745237 0.015283823944628239 893
1695155745620 0.05168870463967323 894
1695155745996 0.049738217145204544 895
1695155746375 0.01974206231534481 896
1695155746760 0.02059125155210495 897
1695155747147 0.028636399656534195 898
1695155747523 0.020251130685210228 899
1695155747898 0.030030304566025734 900
1695155748295 0.032627057284116745 901
1695155748681 0.01906638965010643 902
1695155749074 0.02028697170317173 903
1695155749461 0.02048858441412449 904
1695155749841 0.015390451066195965 905
1695155750230 0.01552845723927021 906
1695155750618 0.05661226063966751 907
1695155750995 0.012465725652873516 908
1695155751377 0.016548747196793556 909
1695155751765 0.029658401384949684 910
1695155752151 0.018026195466518402 911
1695155752533 0.013633685186505318 912
1695155752910 0.019023792818188667 913
1695155753295 0.01646096631884575 914
1695155753685 0.04597541689872742 915
1695155754071 0.01736082322895527 916
1695155754453 0.006833677180111408 917
1695155754837 0.016418129205703735 918
1695155755220 0.051450327038764954 919
1695155755604 0.05176921561360359 920
1695155755983 0.01118598785251379 921
1695155756361 0.027674173936247826 922
1695155756752 0.009926966391503811 923
1695155757139 0.13512280583381653 924
1695155757512 0.038104597479104996 925
1695155757896 0.022664060816168785 926
1695155758285 0.02330818772315979 927
1695155758677 0.024263665080070496 928
1695155759064 0.03877826780080795 929
1695155759440 0.03378460556268692 930
1695155759824 0.04489469528198242 931
1695155760199 0.06280011683702469 932
1695155760581 0.052857331931591034 933
1695155760963 0.009591485373675823 934
1695155761348 0.022909125313162804 935
1695155761731 0.05492199957370758 936
1695155762121 0.02289690263569355 937
1695155762498 0.028327088803052902 938
1695155762879 0.03082086518406868 939
1695155763269 0.04640929028391838 940
1695155763657 0.012820102274417877 941
1695155764044 0.021676355972886086 942
1695155764419 0.010765502229332924 943
1695155764802 0.030037609860301018 944
1695155765193 0.02730528451502323 945
1695155765575 0.050051767379045486 946
1695155765953 0.022928692400455475 947
1695155766336 0.01837489753961563 948
1695155766716 0.01242550928145647 949
1695155767103 0.029178660362958908 950
1695155767490 0.020659498870372772 951
1695155767864 0.029969599097967148 952
1695155768257 0.04069329798221588 953
1695155768648 0.03276576101779938 954
1695155769021 0.04486940801143646 955
1695155769395 0.06760647147893906 956
1695155769781 0.0381961315870285 957
1695155770165 0.025118323042988777 958
1695155770552 0.008822139352560043 959
1695155770929 0.006656425539404154 960
1695155771307 0.022890916094183922 961
1695155771697 0.01407437864691019 962
1695155772086 0.01356818713247776 963
1695155772473 0.031169960275292397 964
1695155772861 0.043635640293359756 965
1695155773248 0.035336945205926895 966
1695155773642 0.050133347511291504 967
1695155774019 0.025140579789876938 968
1695155774398 0.07000966370105743 969
1695155774793 0.04220147058367729 970
1695155775177 0.023136291652917862 971
1695155775562 0.0104435496032238 972
1695155775945 0.014182771556079388 973
1695155776328 0.05276672542095184 974
1695155776706 0.0462554506957531 975
1695155777097 0.015828244388103485 976
1695155777482 0.018665023148059845 977
1695155777870 0.02724684216082096 978
1695155778259 0.011461677961051464 979
1695155778644 0.07359752058982849 980
1695155779029 0.0574953593313694 981
1695155779405 0.01862403005361557 982
1695155779792 0.04267892241477966 983
1695155780187 0.011807849630713463 984
1695155780573 0.027492426335811615 985
1695155780953 0.03523608297109604 986
1695155781339 0.01657332479953766 987
1695155781720 0.03918100520968437 988
1695155782111 0.05365132540464401 989
1695155782498 0.02760949730873108 990
1695155782872 0.04541595280170441 991
1695155783269 0.05876997113227844 992
1695155783667 0.009733190760016441 993
1695155784044 0.08325113356113434 994
1695155784428 0.03508853167295456 995
1695155784804 0.02601148933172226 996
1695155785188 0.005951461382210255 997
1695155785578 0.04825584590435028 998
1695155785953 0.04027869179844856 999
1695155786326 0.039136797189712524 1000
1695155786710 0.026249919086694717 1001
1695155787093 0.022983158007264137 1002
1695155787478 0.018339121714234352 1003
1695155787868 0.025668907910585403 1004
1695155788252 0.04133850336074829 1005
1695155788648 0.019366543740034103 1006
1695155789024 0.018474651500582695 1007
1695155789397 0.01812472939491272 1008
1695155789789 0.034131769090890884 1009
1695155790172 0.032359737902879715 1010
1695155790563 0.02992185205221176 1011
1695155790944 0.0358784981071949 1012
1695155791318 0.04848654940724373 1013
1695155791701 0.04962858930230141 1014
1695155792091 0.02354159764945507 1015
1695155792468 0.026440279558300972 1016
1695155792855 0.047507479786872864 1017
1695155793246 0.04989169165492058 1018
1695155793629 0.0246407613158226 1019
1695155794012 0.03580983355641365 1020
1695155794389 0.006714950315654278 1021
1695155794778 0.028405290096998215 1022
1695155795164 0.008473566733300686 1023
1695155795548 0.010742582380771637 1024
1695155795921 0.05278133973479271 1025
1695155796307 0.04919365420937538 1026
1695155796694 0.03295310214161873 1027
1695155797086 0.013356395997107029 1028
1695155797468 0.0824647918343544 1029
1695155797844 0.04575208202004433 1030
1695155798234 0.02020525000989437 1031
1695155798620 0.02314307726919651 1032
1695155798997 0.005881303921341896 1033
1695155799379 0.08818430453538895 1034
1695155799761 0.025365164503455162 1035
1695155800144 0.02635696902871132 1036
1695155800529 0.014411771669983864 1037
1695155800905 0.04058152437210083 1038
1695155801294 0.018075888976454735 1039
1695155801683 0.013025769032537937 1040
1695155802072 0.025825051590800285 1041
1695155802457 0.007242379244416952 1042
1695155802835 0.017890993505716324 1043
1695155803221 0.015565186738967896 1044
1695155803604 0.0633464977145195 1045
1695155803979 0.07951277494430542 1046
1695155804357 0.04165659099817276 1047
1695155804746 0.04329938441514969 1048
1695155805130 0.029399842023849487 1049
1695155805504 0.03818507492542267 1050
1695155805895 0.02179631218314171 1051
1695155806278 0.013556699268519878 1052
1695155806678 0.05888046696782112 1053
1695155807068 0.03818715363740921 1054
1695155807442 0.0399743914604187 1055
1695155807826 0.005859827622771263 1056
1695155808200 0.03682233765721321 1057
1695155808584 0.0727243721485138 1058
1695155808964 0.031070511788129807 1059
1695155809341 0.01486447174102068 1060
1695155809727 0.06323402374982834 1061
1695155810117 0.012215099297463894 1062
1695155810497 0.04291524738073349 1063
1695155810880 0.0168010164052248 1064
1695155811268 0.03516001254320145 1065
1695155811650 0.007931184023618698 1066
1695155812031 0.03270740807056427 1067
1695155812411 0.025264283642172813 1068
1695155812790 0.018013210967183113 1069
1695155813180 0.04374529421329498 1070
1695155813561 0.01410822756588459 1071
1695155813935 0.06305227428674698 1072
1695155814318 0.01916263811290264 1073
1695155814698 0.04261406511068344 1074
1695155815089 0.017867913469672203 1075
1695155815469 0.022949280217289925 1076
1695155815847 0.008414899930357933 1077
1695155816235 0.011365671642124653 1078
1695155816617 0.015799734741449356 1079
1695155816988 0.018839677795767784 1080
1695155817369 0.08875429630279541 1081
1695155817748 0.03400028869509697 1082
1695155818129 0.015166902914643288 1083
1695155818510 0.012801465578377247 1084
1695155818882 0.005888480227440596 1085
1695155819273 0.011883055791258812 1086
1695155819661 0.012313086539506912 1087
1695155820042 0.025645079091191292 1088
1695155820426 0.02225199155509472 1089
1695155820800 0.02501392364501953 1090
1695155821186 0.03169730678200722 1091
1695155821579 0.011872713454067707 1092
1695155821953 0.051317788660526276 1093
1695155822325 0.020674696192145348 1094
1695155822713 0.04010571539402008 1095
1695155823100 0.046042025089263916 1096
1695155823482 0.018369298428297043 1097
1695155823862 0.04443148523569107 1098
1695155824253 0.03760800138115883 1099
1695155824643 0.01008619088679552 1100
1695155825019 0.0413501150906086 1101
1695155825394 0.07372961938381195 1102
1695155825783 0.031023716554045677 1103
1695155826169 0.01159644778817892 1104
1695155826555 0.01617833599448204 1105
1695155826934 0.014313792809844017 1106
1695155827313 0.019268181174993515 1107
1695155827697 0.031944189220666885 1108
1695155828086 0.02860371768474579 1109
1695155828464 0.032676637172698975 1110
1695155828844 0.04411187767982483 1111
1695155829224 0.07001617550849915 1112
1695155829611 0.056958019733428955 1113
1695155829992 0.006634004879742861 1114
1695155830371 0.034861259162425995 1115
1695155830754 0.03164481744170189 1116
1695155831143 0.03141810745000839 1117
1695155831528 0.025563471019268036 1118
1695155831906 0.006394988391548395 1119
1695155832295 0.042216695845127106 1120
1695155832679 0.036026909947395325 1121
1695155833071 0.03443635255098343 1122
1695155833452 0.021921306848526 1123
1695155833831 0.01865009218454361 1124
1695155834224 0.03953663632273674 1125
1695155834605 0.047440044581890106 1126
1695155834981 0.018182022497057915 1127
1695155835365 0.012355846352875233 1128
1695155835746 0.04206991195678711 1129
1695155836132 0.01437536533921957 1130
1695155836515 0.021406911313533783 1131
1695155836888 0.02869686484336853 1132
1695155837286 0.0060654557310044765 1133
1695155837681 0.02485249750316143 1134
1695155838063 0.016982190310955048 1135
1695155838452 0.01933029480278492 1136
1695155838825 0.04584095999598503 1137
1695155839207 0.05104042962193489 1138
1695155839600 0.044881440699100494 1139
1695155839974 0.03306005895137787 1140
1695155840354 0.04334143176674843 1141
1695155840747 0.022824132815003395 1142
1695155841131 0.05957864597439766 1143
1695155841517 0.047657109797000885 1144
1695155841901 0.060164034366607666 1145
1695155842280 0.015537790954113007 1146
1695155842677 0.033387910574674606 1147
1695155843063 0.03304457291960716 1148
1695155843437 0.02843918837606907 1149
1695155843822 0.054387450218200684 1150
1695155844197 0.029969027265906334 1151
1695155844581 0.01829211227595806 1152
1695155844963 0.03904414921998978 1153
1695155845339 0.043553583323955536 1154
1695155845720 0.017102105543017387 1155
1695155846110 0.007265259046107531 1156
1695155846489 0.039479296654462814 1157
1695155846872 0.024329686537384987 1158
1695155847261 0.05035333335399628 1159
1695155847651 0.017316948622465134 1160
1695155848034 0.07083471864461899 1161
1695155848407 0.020022530108690262 1162
1695155848791 0.07649439573287964 1163
1695155849182 0.03822226822376251 1164
1695155849564 0.012641094624996185 1165
1695155849943 0.05074039474129677 1166
1695155850328 0.06326425820589066 1167
1695155850701 0.015013908967375755 1168
1695155851090 0.021233299747109413 1169
1695155851469 0.004342973232269287 1170
1695155851847 0.07503515481948853 1171
1695155852239 0.006793535314500332 1172
1695155852619 0.03513365983963013 1173
1695155853003 0.03198952600359917 1174
1695155853394 0.023823833093047142 1175
1695155853779 0.09911231696605682 1176
1695155854170 0.010878181084990501 1177
1695155854563 0.030734175816178322 1178
1695155854936 0.03425058722496033 1179
1695155855309 0.028161073103547096 1180
1695155855697 0.033670853823423386 1181
1695155856079 0.034834641963243484 1182
1695155856460 0.026634950190782547 1183
1695155856839 0.011199676431715488 1184
1695155857219 0.046588797122240067 1185
1695155857601 0.026778118684887886 1186
1695155857978 0.018626060336828232 1187
1695155858351 0.025858629494905472 1188
1695155858745 0.03543718531727791 1189
1695155859132 0.008219211362302303 1190
1695155859504 0.012651360593736172 1191
1695155859901 0.012213332578539848 1192
1695155860282 0.02246835269033909 1193
1695155860672 0.021390410140156746 1194
1695155861057 0.07626868784427643 1195
1695155861431 0.0424310602247715 1196
1695155861812 0.03922776132822037 1197
1695155862195 0.006245460826903582 1198
1695155862579 0.03520791232585907 1199
1695155862960 0.023040924221277237 1200
1695155863335 0.025524353608489037 1201
1695155863715 0.024486662819981575 1202
1695155864105 0.021880660206079483 1203
1695155864483 0.020720068365335464 1204
1695155864865 0.027213390916585922 1205
1695155865254 0.008204510435461998 1206
1695155865638 0.012413921765983105 1207
1695155866021 0.010974608361721039 1208
1695155866393 0.04314558953046799 1209
1695155866778 0.11176427453756332 1210
1695155867157 0.006169568281620741 1211
1695155867533 0.01670951582491398 1212
1695155867907 0.010881693102419376 1213
1695155868300 0.005098265595734119 1214
1695155868684 0.03401952236890793 1215
1695155869075 0.025151221081614494 1216
1695155869461 0.027531210333108902 1217
1695155869905 0.011935803107917309 1218
1695155870296 0.05393173545598984 1219
1695155870694 0.0362371951341629 1220
1695155871077 0.01398390717804432 1221
1695155871459 0.03633955866098404 1222
1695155871840 0.012774404138326645 1223
1695155872225 0.029827821999788284 1224
1695155872614 0.027181649580597878 1225
1695155872991 0.025522561743855476 1226
1695155873372 0.04081125557422638 1227
1695155873761 0.015061706304550171 1228
1695155874145 0.015951935201883316 1229
1695155874522 0.03881330415606499 1230
1695155874902 0.03896528109908104 1231
1695155875290 0.027594786137342453 1232
1695155875681 0.015360179357230663 1233
1695155876067 0.03179420903325081 1234
1695155876445 0.03434477373957634 1235
1695155876830 0.009631152264773846 1236
1695155877204 0.01851986162364483 1237
1695155877591 0.022809643298387527 1238
1695155877974 0.04574458301067352 1239
1695155878348 0.0087722884491086 1240
1695155878736 0.026469778269529343 1241
1695155879128 0.03264220058917999 1242
1695155879501 0.033163029700517654 1243
1695155879883 0.02605905756354332 1244
1695155880272 0.029551049694418907 1245
1695155880653 0.023299891501665115 1246
1695155881035 0.03863144665956497 1247
1695155881410 0.006633083801716566 1248
1695155881796 0.007750151213258505 1249
1695155882192 0.0146202202886343 1250
1695155882573 0.017658255994319916 1251
1695155882956 0.007760360836982727 1252
1695155883340 0.025781409814953804 1253
1695155883723 0.03546783700585365 1254
1695155884110 0.004045887850224972 1255
1695155884495 0.038793403655290604 1256
1695155884874 0.00636829249560833 1257
1695155885273 0.010836039669811726 1258
1695155885664 0.05774237588047981 1259
1695155886044 0.013567029498517513 1260
1695155886428 0.03217358514666557 1261
1695155886804 0.025383025407791138 1262
1695155887192 0.052029792219400406 1263
1695155887588 0.027996456250548363 1264
1695155887960 0.007159786764532328 1265
1695155888336 0.009318903088569641 1266
1695155888724 0.012793256901204586 1267
1695155889113 0.007468005642294884 1268
1695155889489 0.009540543891489506 1269
1695155889874 0.05425737425684929 1270
1695155890260 0.045040957629680634 1271
1695155890650 0.006276097148656845 1272
1695155891024 0.04561687633395195 1273
1695155891403 0.008973604068160057 1274
1695155891805 0.01575780287384987 1275
1695155892188 0.020963754504919052 1276
1695155892575 0.005577681586146355 1277
1695155892955 0.036113593727350235 1278
1695155893327 0.030534151941537857 1279
1695155893705 0.028456514701247215 1280
1695155894095 0.015477471984922886 1281
1695155894473 0.05493796616792679 1282
1695155894857 0.02324272133409977 1283
1695155895243 0.032323047518730164 1284
1695155895631 0.050289902836084366 1285
1695155896013 0.011097399517893791 1286
1695155896388 0.02750256471335888 1287
1695155896770 0.01654120534658432 1288
1695155897159 0.012630991637706757 1289
1695155897535 0.0435199961066246 1290
1695155897906 0.025243211537599564 1291
1695155898301 0.013834252022206783 1292
1695155898684 0.014393125660717487 1293
1695155899077 0.02177744172513485 1294
1695155899464 0.015362965874373913 1295
1695155899842 0.03524002432823181 1296
1695155900237 0.023490779101848602 1297
1695155900625 0.0353623703122139 1298
1695155901001 0.012452659197151661 1299
1695155901383 0.01809399202466011 1300
1695155901768 0.011539805680513382 1301
1695155902151 0.07189776003360748 1302
1695155902530 0.010297012515366077 1303
1695155902909 0.02590758726000786 1304
1695155903298 0.01620478369295597 1305
1695155903687 0.007056430447846651 1306
1695155904073 0.06795185804367065 1307
1695155904457 0.05668794363737106 1308
1695155904834 0.03164142742753029 1309
1695155905222 0.0068261330015957355 1310
1695155905613 0.045272424817085266 1311
1695155905995 0.04431334137916565 1312
1695155906374 0.07552023231983185 1313
1695155906766 0.033257633447647095 1314
1695155907146 0.027886493131518364 1315
1695155907525 0.044438913464546204 1316
1695155907910 0.051307760179042816 1317
1695155908290 0.05624491348862648 1318
1695155908684 0.044459614902734756 1319
1695155909072 0.04064377024769783 1320
1695155909444 0.010423806495964527 1321
1695155909831 0.05572565644979477 1322
1695155910215 0.04247143492102623 1323
1695155910596 0.02956756390631199 1324
1695155910980 0.04942985251545906 1325
1695155911353 0.049387603998184204 1326
1695155911733 0.04121078923344612 1327
1695155912125 0.016076654195785522 1328
1695155912496 0.02525603398680687 1329
1695155912880 0.03806363791227341 1330
1695155913272 0.048110853880643845 1331
1695155913653 0.02115774154663086 1332
1695155914041 0.026204675436019897 1333
1695155914416 0.03268150985240936 1334
1695155914796 0.03459774702787399 1335
1695155915191 0.02447187714278698 1336
1695155915574 0.036416344344615936 1337
1695155915949 0.01970677636563778 1338
1695155916334 0.024238700047135353 1339
1695155916716 0.046206146478652954 1340
1695155917124 0.013945692218840122 1341
1695155917510 0.0694693773984909 1342
1695155917884 0.022876668721437454 1343
1695155918280 0.019022976979613304 1344
1695155918672 0.009495055302977562 1345
1695155919049 0.009921049699187279 1346
1695155919435 0.041759539395570755 1347
1695155919814 0.0232732892036438 1348
1695155920197 0.0658530741930008 1349
1695155920591 0.02414618618786335 1350
1695155920965 0.02443532459437847 1351
1695155921343 0.040797386318445206 1352
1695155921742 0.025326089933514595 1353
1695155922187 0.00932339858263731 1354
1695155922573 0.040931642055511475 1355
1695155922982 0.010641362518072128 1356
1695155923370 0.030423473566770554 1357
1695155923743 0.0598706416785717 1358
1695155924144 0.008406458422541618 1359
1695155924522 0.012032547034323215 1360
1695155924913 0.02690846100449562 1361
1695155925322 0.0206531323492527 1362
1695155925715 0.02284342609345913 1363
1695155926100 0.04369179531931877 1364
1695155926489 0.10374340415000916 1365
1695155926878 0.011499177664518356 1366
1695155927263 0.029371196404099464 1367
1695155927639 0.07016851007938385 1368
1695155928027 0.022724822163581848 1369
1695155928419 0.049405913800001144 1370
1695155928810 0.018941346555948257 1371
1695155929196 0.011264071799814701 1372
1695155929583 0.03221515566110611 1373
1695155929969 0.05712687969207764 1374
1695155930357 0.052837081253528595 1375
1695155930744 0.009769479744136333 1376
1695155931119 0.013199042528867722 1377
1695155931511 0.014050405472517014 1378
1695155931905 0.045024652034044266 1379
1695155932282 0.017440030351281166 1380
1695155932666 0.01183865312486887 1381
1695155933065 0.029569728299975395 1382
1695155933447 0.041827645152807236 1383
1695155933847 0.02716613933444023 1384
1695155934225 0.07406636327505112 1385
1695155934611 0.04372173920273781 1386
1695155935000 0.01185072585940361 1387
1695155935385 0.019223710522055626 1388
1695155935761 0.05543100833892822 1389
1695155936151 0.043278105556964874 1390
1695155936531 0.02800818905234337 1391
1695155936912 0.024027468636631966 1392
1695155937304 0.020647039636969566 1393
1695155937678 0.02499818615615368 1394
1695155938066 0.05171385779976845 1395
1695155938460 0.013265336863696575 1396
1695155938845 0.048188671469688416 1397
1695155939232 0.024828556925058365 1398
1695155939612 0.08119592815637589 1399
1695155939993 0.010090217925608158 1400
1695155940386 0.004882156383246183 1401
1695155940760 0.02042902261018753 1402
1695155941135 0.020397614687681198 1403
1695155941524 0.015709828585386276 1404
1695155941918 0.017191659659147263 1405
1695155942304 0.017436666414141655 1406
1695155942687 0.010638256557285786 1407
1695155943069 0.02642684616148472 1408
1695155943462 0.032093346118927 1409
1695155943852 0.002366958186030388 1410
1695155944230 0.017907751724123955 1411
1695155944619 0.07937929034233093 1412
1695155945001 0.03348449990153313 1413
1695155945383 0.03753352910280228 1414
1695155945770 0.03526787832379341 1415
1695155946154 0.04036719352006912 1416
1695155946537 0.062232427299022675 1417
1695155946928 0.018056804314255714 1418
1695155947315 0.010737762786448002 1419
1695155947690 0.026780493557453156 1420
1695155948078 0.04612690955400467 1421
1695155948460 0.02540104277431965 1422
1695155948848 0.010307789780199528 1423
1695155949224 0.03885369375348091 1424
1695155949597 0.027161965146660805 1425
1695155949991 0.013239936903119087 1426
1695155950375 0.03642810136079788 1427
1695155950749 0.03508526831865311 1428
1695155951137 0.016960827633738518 1429
1695155951521 0.05199028551578522 1430
1695155951905 0.03214951977133751 1431
1695155952297 0.010019784793257713 1432
1695155952676 0.014076984487473965 1433
1695155953059 0.019306058064103127 1434
1695155953455 0.013115783222019672 1435
1695155953839 0.08391400426626205 1436
1695155954221 0.029030105099081993 1437
1695155954610 0.013300305232405663 1438
1695155954991 0.038876816630363464 1439
1695155955389 0.010849559679627419 0
1695155955772 0.02323400415480137 1
1695155956146 0.012004893273115158 2
1695155956539 0.05210476741194725 3
1695155956923 0.009358714334666729 4
1695155957307 0.030362380668520927 5
1695155957691 0.017522325739264488 6
1695155958068 0.02921878546476364 7
1695155958460 0.03208113834261894 8
1695155958850 0.07177096605300903 9
1695155959230 0.03489100933074951 10
1695155959612 0.0068897376768291 11
1695155959994 0.015759306028485298 12
1695155960471 0.025020163506269455 13
1695155961032 0.028079375624656677 14
1695155961457 0.00749087892472744 15
1695155961970 0.04734035208821297 16
1695155962448 0.006772442255169153 17
1695155962838 0.03512110188603401 18
1695155963225 0.006183512043207884 19
1695155963684 0.006691357120871544 20
1695155964282 0.005143370945006609 21
1695155964670 0.013384006917476654 22
1695155965055 0.011097992770373821 23
1695155965432 0.010151076130568981 24
1695155965824 0.015577415935695171 25
