1694172495406 0.9781607985496521 0
1694172497112 0.7962985038757324 1
1694172498768 0.7889151573181152 2
1694172500690 0.49523523449897766 3
1694172502420 0.3242717981338501 4
1694172504167 0.34091153740882874 5
1694172505959 0.3249613046646118 6
1694172507632 0.2718162536621094 7
1694172509460 0.2877293527126312 8
1694172511353 0.2466650754213333 9
1694172513150 0.22127646207809448 10
1694172514812 0.25484681129455566 11
1694172516463 0.2233870029449463 12
1694172518123 0.24359600245952606 13
1694172520058 0.2214130163192749 14
1694172521969 0.25212550163269043 15
1694172523840 0.24337100982666016 16
1694172525704 0.2186194807291031 17
1694172527705 0.20434659719467163 18
1694172529414 0.1853514164686203 19
1694172531485 0.2058364599943161 20
1694172533164 0.22323980927467346 21
1694172534903 0.2261316329240799 22
1694172536569 0.21703849732875824 23
1694172538253 0.14980731904506683 24
1694172540152 0.19778378307819366 25
1694172541959 0.16772353649139404 26
1694172543785 0.18315738439559937 27
1694172545442 0.16124343872070312 28
1694172547088 0.1825900673866272 29
1694172548764 0.14679545164108276 30
1694172550408 0.21762560307979584 31
1694172552193 0.16719485819339752 32
1694172553999 0.21102184057235718 33
1694172555796 0.16038937866687775 34
1694172557627 0.1551656275987625 35
1694172559282 0.1537291556596756 36
1694172560957 0.15466246008872986 37
1694172562626 0.1633845418691635 38
1694172564269 0.1471356302499771 39
1694172565915 0.15798547863960266 40
1694172567557 0.1293012499809265 41
1694172569200 0.1400669664144516 42
1694172571020 0.16861604154109955 43
1694172572684 0.13812172412872314 44
1694172574564 0.15119683742523193 45
1694172576418 0.12708412110805511 46
1694172578084 0.18071088194847107 47
1694172579729 0.12551164627075195 48
1694172581402 0.11972211301326752 49
1694172583081 0.15491430461406708 50
1694172584745 0.14301469922065735 51
1694172586450 0.18307961523532867 52
1694172588102 0.14990539848804474 53
1694172589865 0.17792357504367828 54
1694172591582 0.13707758486270905 55
1694172593234 0.12446384131908417 56
1694172594902 0.1390465795993805 57
1694172596556 0.1383047103881836 58
1694172598198 0.12812963128089905 59
1694172599846 0.1228107437491417 60
1694172601583 0.1343849152326584 61
1694172603369 0.13879121840000153 62
1694172605122 0.12072520703077316 63
1694172606769 0.13014540076255798 64
1694172608431 0.14387845993041992 65
1694172610087 0.13970492780208588 66
1694172611775 0.13045328855514526 67
1694172613555 0.1461905837059021 68
1694172615209 0.11869596689939499 69
1694172616854 0.11666949838399887 70
1694172618511 0.1385614424943924 71
1694172620162 0.11428229510784149 72
1694172621964 0.13460998237133026 73
1694172623649 0.12126445025205612 74
1694172625306 0.12607376277446747 75
1694172626960 0.11396076530218124 76
1694172628612 0.12474169582128525 77
1694172630287 0.08177030831575394 78
1694172631944 0.10334409773349762 79
1694172633596 0.11366637051105499 80
1694172635245 0.127073734998703 81
1694172636900 0.12267676740884781 82
1694172638557 0.1141706258058548 83
1694172640226 0.13076208531856537 84
1694172641887 0.10253710299730301 85
1694172643558 0.12869951128959656 86
1694172645226 0.12263902276754379 87
1694172646899 0.12069493532180786 88
1694172648564 0.1289011836051941 89
1694172650304 0.09337995946407318 90
1694172651960 0.11916672438383102 91
1694172653634 0.13009770214557648 92
1694172655311 0.11839950084686279 93
1694172656970 0.11291316151618958 94
1694172658636 0.09357799589633942 95
1694172660303 0.0888136476278305 96
1694172661981 0.12388445436954498 97
1694172663643 0.0968010425567627 98
1694172665431 0.11044541001319885 99
1694172667087 0.10618827491998672 100
1694172668740 0.12595881521701813 101
1694172670397 0.11709487438201904 102
1694172672084 0.09340177476406097 103
1694172673827 0.10738911479711533 104
1694172675626 0.09048762172460556 105
1694172677273 0.08998940140008926 106
1694172678970 0.0991213396191597 107
1694172680647 0.08137372136116028 108
1694172682418 0.10274628549814224 109
1694172684084 0.13198980689048767 110
1694172685741 0.0906749814748764 111
1694172687434 0.10755562782287598 112
1694172689378 0.09570490568876266 113
1694172691180 0.11391283571720123 114
1694172692978 0.12170594185590744 115
1694172694637 0.10910841822624207 116
1694172696416 0.1151939332485199 117
1694172698079 0.1136079803109169 118
1694172699774 0.11179056018590927 119
1694172701442 0.12976916134357452 120
1694172703097 0.08631763607263565 121
1694172704755 0.09189639240503311 122
1694172706410 0.08931569755077362 123
1694172708059 0.11608869582414627 124
1694172709707 0.07469157874584198 125
1694172711357 0.10784894973039627 126
1694172713021 0.11913654208183289 127
1694172714687 0.08783432096242905 128
1694172716346 0.07628940045833588 129
1694172718002 0.10335862636566162 130
1694172719658 0.08948974311351776 131
1694172721331 0.10001592338085175 132
1694172722995 0.08918603509664536 133
1694172724667 0.09115568548440933 134
1694172726343 0.10345974564552307 135
1694172728006 0.08890241384506226 136
1694172729652 0.13140960037708282 137
1694172731296 0.10381762683391571 138
1694172732939 0.1085326075553894 139
1694172734585 0.07232942432165146 140
1694172736235 0.07824668288230896 141
1694172737878 0.09439432621002197 142
1694172739524 0.10134607553482056 143
1694172741167 0.09800951927900314 144
1694172742808 0.09966453164815903 145
1694172744452 0.14550285041332245 146
1694172746102 0.09900591522455215 147
1694172747752 0.08518602699041367 148
1694172749433 0.1000220775604248 149
1694172751086 0.10973191261291504 150
1694172752738 0.0894336849451065 151
1694172754391 0.0968276783823967 152
1694172756051 0.12269965559244156 153
1694172757700 0.08586744964122772 154
1694172759389 0.08428473770618439 155
1694172761064 0.12231424450874329 156
1694172762979 0.08185437321662903 157
1694172764689 0.11351796984672546 158
1694172766467 0.09476657211780548 159
1694172768122 0.08385413885116577 160
1694172769783 0.1073770672082901 161
1694172771581 0.10094105452299118 162
1694172773235 0.07421954721212387 163
1694172774905 0.08836183696985245 164
1694172776559 0.09465865790843964 165
1694172778213 0.08248945325613022 166
1694172779857 0.09895388036966324 167
1694172781615 0.11141170561313629 168
1694172783266 0.09866394847631454 169
1694172784917 0.09141084551811218 170
1694172786566 0.0941716656088829 171
1694172788215 0.08544004708528519 172
1694172789858 0.09249310940504074 173
1694172791619 0.08645488321781158 174
1694172793265 0.07149969786405563 175
1694172795197 0.07512003928422928 176
1694172797050 0.08889853954315186 177
1694172798901 0.08226200938224792 178
1694172800725 0.07769647985696793 179
1694172802617 0.07174786180257797 180
1694172804311 0.06777413934469223 181
1694172805972 0.09238477796316147 182
1694172807613 0.07540404796600342 183
1694172809258 0.08151556551456451 184
1694172811080 0.07127811759710312 185
1694172812802 0.09234435111284256 186
1694172814467 0.09754294157028198 187
1694172816135 0.0841141939163208 188
1694172817829 0.09242919832468033 189
1694172819484 0.11249852925539017 190
1694172821311 0.0926179364323616 191
1694172822966 0.08080527931451797 192
1694172824623 0.10646242648363113 193
1694172826278 0.09200411289930344 194
1694172827930 0.07717153429985046 195
1694172829592 0.09138808399438858 196
1694172831424 0.08242618292570114 197
1694172833256 0.09639430046081543 198
1694172835146 0.0993645042181015 199
1694172836812 0.07296470552682877 200
1694172838606 0.07387463003396988 201
1694172840430 0.07367326319217682 202
1694172842125 0.059591636061668396 203
1694172843871 0.09288515895605087 204
1694172845571 0.08293888717889786 205
1694172847424 0.11866454035043716 206
1694172849085 0.09023343026638031 207
1694172850960 0.06830333173274994 208
1694172852621 0.10101917386054993 209
1694172854279 0.12163260579109192 210
1694172855935 0.0959094762802124 211
1694172857591 0.09903191775083542 212
1694172859401 0.08487997204065323 213
1694172861317 0.09575028717517853 214
1694172863237 0.1093178391456604 215
1694172865058 0.10191266238689423 216
1694172866769 0.11854948103427887 217
1694172868583 0.10182705521583557 218
1694172871025 0.10663285106420517 219
1694172873863 0.09261306375265121 220
1694172875749 0.10217734426259995 221
1694172877533 0.10927942395210266 222
1694172879295 0.07496899366378784 223
1694172881289 0.08582977205514908 224
1694172883372 0.09194301813840866 225
1694172885146 0.07084538787603378 226
1694172886866 0.07213039696216583 227
1694172888601 0.09096108376979828 228
1694172890276 0.08434290438890457 229
1694172891986 0.09042129665613174 230
1694172893643 0.08139060437679291 231
1694172895292 0.08369579166173935 232
1694172896945 0.09165070950984955 233
1694172898623 0.08662082999944687 234
1694172900275 0.08411340415477753 235
1694172901935 0.08392452448606491 236
1694172903585 0.08928560465574265 237
1694172905236 0.06532441079616547 238
1694172906888 0.09393872320652008 239
1694172908553 0.12694740295410156 240
1694172910206 0.06495355814695358 241
1694172911873 0.08456705510616302 242
1694172913623 0.09566988795995712 243
1694172915288 0.08979000896215439 244
1694172916943 0.09546816349029541 245
1694172918617 0.09604804217815399 246
1694172920275 0.08467835932970047 247
1694172921932 0.08265639841556549 248
1694172923618 0.08082421123981476 249
1694172925281 0.07304045557975769 250
1694172926946 0.08182281255722046 251
1694172928621 0.06754714995622635 252
1694172930289 0.07947003096342087 253
1694172931953 0.07088396698236465 254
1694172933637 0.06718713790178299 255
1694172935290 0.08047506958246231 256
1694172936946 0.06750380992889404 257
