1694172495408 0.16162557899951935 0
1694172497113 -0.045342642813920975 1
1694172498769 -0.32033199071884155 2
1694172500692 -0.49762609601020813 3
1694172502421 -0.6422509551048279 4
1694172504168 -0.8331806659698486 5
1694172505960 -1.0022622346878052 6
1694172507633 -1.1642056703567505 7
1694172509461 -1.3265841007232666 8
1694172511355 -1.4931949377059937 9
1694172513152 -1.6659594774246216 10
1694172514813 -1.791607141494751 11
1694172516465 -1.9344067573547363 12
1694172518124 -2.091732978820801 13
1694172520059 -2.199101209640503 14
1694172521971 -2.3333373069763184 15
1694172523842 -2.4887924194335938 16
1694172525706 -2.602940320968628 17
1694172527707 -2.778667449951172 18
1694172529415 -2.8563215732574463 19
1694172531486 -3.073448657989502 20
1694172533165 -3.1645920276641846 21
1694172534904 -3.27870774269104 22
1694172536570 -3.3060719966888428 23
1694172538254 -3.4260802268981934 24
1694172540153 -3.5427591800689697 25
1694172541960 -3.6792681217193604 26
1694172543786 -3.8102622032165527 27
1694172545443 -3.833683967590332 28
1694172547089 -3.891808032989502 29
1694172548765 -3.8937809467315674 30
1694172550409 -3.892023801803589 31
1694172552195 -3.8941757678985596 32
1694172554000 -3.708918809890747 33
1694172555798 -3.864879608154297 34
1694172557628 -4.078723907470703 35
1694172559283 -4.0319623947143555 36
1694172560958 -3.951907157897949 37
1694172562627 -4.134640216827393 38
1694172564270 -3.9010074138641357 39
1694172565916 -3.867262125015259 40
1694172567558 -3.9552979469299316 41
1694172569202 -4.073361396789551 42
1694172571021 -4.080109596252441 43
1694172572685 -3.9418773651123047 44
1694172574565 -3.975680351257324 45
1694172576420 -3.8544211387634277 46
1694172578085 -3.9087324142456055 47
1694172579730 -3.9276416301727295 48
1694172581403 -3.907059669494629 49
1694172583083 -3.8562090396881104 50
1694172584746 -3.8405516147613525 51
1694172586451 -3.7778515815734863 52
1694172588103 -3.6175594329833984 53
1694172589866 -3.6157615184783936 54
1694172591584 -3.5696935653686523 55
1694172593235 -3.7252204418182373 56
1694172594903 -3.575202465057373 57
1694172596557 -3.8238723278045654 58
1694172598199 -3.4998302459716797 59
1694172599847 -3.645158529281616 60
1694172601584 -3.542879343032837 61
1694172603370 -3.6013879776000977 62
1694172605124 -3.563901424407959 63
1694172606771 -3.6765692234039307 64
1694172608432 -3.256136417388916 65
1694172610089 -3.525840997695923 66
1694172611777 -3.7934257984161377 67
1694172613556 -3.2798633575439453 68
1694172615210 -3.2160773277282715 69
1694172616855 -3.3379666805267334 70
1694172618512 -3.1924288272857666 71
1694172620163 -3.19632625579834 72
1694172621965 -3.2082414627075195 73
1694172623650 -3.1700961589813232 74
1694172625307 -3.1815025806427 75
1694172626961 -3.235098123550415 76
1694172628614 -3.3830084800720215 77
1694172630288 -3.600804090499878 78
1694172631945 -3.476653814315796 79
1694172633597 -3.6445372104644775 80
1694172635247 -3.650197744369507 81
1694172636901 -3.4530255794525146 82
1694172638558 -3.5035603046417236 83
1694172640227 -3.322173833847046 84
1694172641888 -3.166231632232666 85
1694172643560 -3.2519147396087646 86
1694172645227 -3.0494203567504883 87
1694172646900 -3.2020769119262695 88
1694172648565 -3.378464460372925 89
1694172650305 -3.113478899002075 90
1694172651961 -3.4151268005371094 91
1694172653635 -3.3040151596069336 92
1694172655312 -3.5089969635009766 93
1694172656971 -3.282057762145996 94
1694172658637 -3.3684284687042236 95
1694172660305 -3.4201583862304688 96
1694172661982 -3.629751682281494 97
1694172663644 -3.641382932662964 98
1694172665432 -3.4562625885009766 99
1694172667088 -3.1876657009124756 100
1694172668742 -3.051175355911255 101
1694172670399 -2.9792823791503906 102
1694172672086 -3.5107643604278564 103
1694172673828 -3.6024727821350098 104
1694172675627 -3.8156771659851074 105
1694172677274 -3.8187296390533447 106
1694172678972 -3.9120166301727295 107
1694172680648 -3.791640043258667 108
1694172682419 -3.8016927242279053 109
1694172684085 -3.5879228115081787 110
1694172685742 -3.5518195629119873 111
1694172687435 -3.8888914585113525 112
1694172689379 -3.5809061527252197 113
1694172691181 -3.5951626300811768 114
1694172692979 -3.398287773132324 115
1694172694638 -3.6346232891082764 116
1694172696417 -3.4585671424865723 117
1694172698080 -3.3858706951141357 118
1694172699775 -3.614626407623291 119
1694172701444 -4.041468143463135 120
1694172703098 -3.651824474334717 121
1694172704756 -3.57058048248291 122
1694172706411 -3.799074411392212 123
1694172708060 -3.6605117321014404 124
1694172709708 -3.6369807720184326 125
1694172711358 -3.629323959350586 126
1694172713022 -3.8390262126922607 127
1694172714688 -3.6153688430786133 128
1694172716347 -3.7993953227996826 129
1694172718003 -3.6768767833709717 130
1694172719659 -3.639688014984131 131
1694172721332 -3.48051381111145 132
1694172722997 -3.4986698627471924 133
1694172724668 -3.8130176067352295 134
1694172726344 -3.613290786743164 135
1694172728008 -3.5225298404693604 136
1694172729653 -3.7391200065612793 137
1694172731297 -3.840816020965576 138
1694172732940 -3.576598882675171 139
1694172734586 -3.762223243713379 140
1694172736236 -4.2588958740234375 141
1694172737880 -3.845569610595703 142
1694172739525 -5.323788642883301 143
1694172741168 -3.62557053565979 144
1694172742809 -3.646125555038452 145
1694172744453 -3.808006525039673 146
1694172746104 -3.692366600036621 147
1694172747753 -3.4894025325775146 148
1694172749434 -3.2637157440185547 149
1694172751088 -3.762871503829956 150
1694172752739 -4.012452602386475 151
1694172754393 -3.590862512588501 152
1694172756052 -3.9904961585998535 153
1694172757701 -4.0868754386901855 154
1694172759390 -3.937607765197754 155
1694172761066 -4.04320764541626 156
1694172762980 -4.178679466247559 157
1694172764690 -4.174886703491211 158
1694172766468 -4.221510887145996 159
1694172768123 -3.6888418197631836 160
1694172769784 -3.9902939796447754 161
1694172771582 -3.9487948417663574 162
1694172773236 -3.846325397491455 163
1694172774906 -3.505457878112793 164
1694172776561 -3.889960289001465 165
1694172778214 -3.8169758319854736 166
1694172779858 -4.021616458892822 167
1694172781617 -3.8616511821746826 168
1694172783267 -4.333578109741211 169
1694172784919 -3.8957929611206055 170
1694172786567 -3.917612314224243 171
1694172788216 -4.117218017578125 172
1694172789859 -3.6585733890533447 173
1694172791620 -4.368346691131592 174
1694172793266 -4.312724590301514 175
1694172795199 -3.815426826477051 176
1694172797051 -4.223847389221191 177
1694172798902 -3.9713191986083984 178
1694172800726 -4.013350009918213 179
1694172802618 -3.9144327640533447 180
1694172804312 -4.432650089263916 181
1694172805973 -4.43938684463501 182
1694172807614 -4.611464977264404 183
1694172809259 -4.848808288574219 184
1694172811081 -4.257655143737793 185
1694172812804 -4.218964099884033 186
1694172814468 -4.153409481048584 187
1694172816136 -4.438617706298828 188
1694172817830 -4.363275527954102 189
1694172819485 -4.074792861938477 190
1694172821312 -3.816270589828491 191
1694172822967 -4.003734111785889 192
1694172824624 -4.341598033905029 193
1694172826280 -4.596681594848633 194
1694172827931 -4.497637748718262 195
1694172829593 -4.318548202514648 196
1694172831425 -4.3117547035217285 197
1694172833257 -4.064548015594482 198
1694172835148 -3.9719743728637695 199
1694172836813 -4.73318338394165 200
1694172838607 -4.302267551422119 201
1694172840431 -4.40519905090332 202
1694172842127 -4.587209224700928 203
1694172843872 -4.62990665435791 204
1694172845572 -4.220483303070068 205
1694172847425 -4.4180684089660645 206
1694172849087 -3.775308847427368 207
1694172850961 -4.656646251678467 208
1694172852622 -3.883928060531616 209
1694172854280 -5.797390460968018 210
1694172855937 -4.276838302612305 211
1694172857592 -4.667256832122803 212
1694172859402 -4.837380886077881 213
1694172861318 -5.204491138458252 214
1694172863239 -5.0140557289123535 215
1694172865060 -5.2767333984375 216
1694172866770 -4.901267051696777 217
1694172868584 -4.713838577270508 218
1694172871027 -3.9854350090026855 219
1694172873865 -4.739834785461426 220
1694172875751 -4.657649993896484 221
1694172877534 -4.272511959075928 222
1694172879296 -4.454967021942139 223
1694172881290 -4.404449939727783 224
1694172883373 -4.676055431365967 225
1694172885147 -5.087952136993408 226
1694172886868 -5.362687110900879 227
1694172888603 -5.281746864318848 228
1694172890278 -5.218503952026367 229
1694172891987 -4.784792423248291 230
1694172893644 -4.210716247558594 231
1694172895294 -4.777498245239258 232
1694172896946 -4.107285022735596 233
1694172898624 -4.566966533660889 234
1694172900276 -4.282064437866211 235
1694172901936 -4.704320907592773 236
1694172903586 -4.5813140869140625 237
1694172905237 -4.925363063812256 238
1694172906890 -4.960687160491943 239
1694172908554 -5.274871826171875 240
1694172910207 -4.817013740539551 241
1694172911874 -4.471452236175537 242
1694172913624 -4.131198883056641 243
1694172915289 -4.007071495056152 244
1694172916944 -4.196377277374268 245
1694172918619 -4.832902431488037 246
1694172920276 -4.708455562591553 247
1694172921934 -4.374214172363281 248
1694172923619 -4.993435382843018 249
1694172925282 -4.882249355316162 250
1694172926948 -4.602795600891113 251
1694172928622 -4.381507396697998 252
1694172930290 -4.433004379272461 253
1694172931955 -5.072642803192139 254
1694172933638 -4.672832489013672 255
1694172935291 -5.194492816925049 256
1694172936947 -4.335455894470215 257
