1694172495409 1.1397863626480103 0
1694172497114 0.7509558796882629 1
1694172498770 0.4685831665992737 2
1694172500693 -0.0023908615112304688 3
1694172502422 -0.3179791569709778 4
1694172504169 -0.4922691285610199 5
1694172505961 -0.6773009300231934 6
1694172507634 -0.8923894166946411 7
1694172509462 -1.038854718208313 8
1694172511356 -1.2465298175811768 9
1694172513153 -1.4446830749511719 10
1694172514814 -1.5367603302001953 11
1694172516466 -1.71101975440979 12
1694172518125 -1.8481370210647583 13
1694172520060 -1.977688193321228 14
1694172521972 -2.081211805343628 15
1694172523843 -2.2454214096069336 16
1694172525707 -2.3843207359313965 17
1694172527708 -2.5743207931518555 18
1694172529416 -2.6709702014923096 19
1694172531487 -2.86761212348938 20
1694172533172 -2.941352128982544 21
1694172534905 -3.0525760650634766 22
1694172536571 -3.089033603668213 23
1694172538256 -3.276273012161255 24
1694172540160 -3.344975471496582 25
1694172541961 -3.511544704437256 26
1694172543787 -3.6271047592163086 27
1694172545444 -3.672440528869629 28
1694172547090 -3.7092180252075195 29
1694172548766 -3.74698543548584 30
1694172550410 -3.674398183822632 31
1694172552196 -3.7269809246063232 32
1694172554001 -3.497896909713745 33
1694172555799 -3.7044901847839355 34
1694172557629 -3.923558235168457 35
1694172559284 -3.8782331943511963 36
1694172560959 -3.7972447872161865 37
1694172562628 -3.9712557792663574 38
1694172564272 -3.7538716793060303 39
1694172565917 -3.7092766761779785 40
1694172567559 -3.8259966373443604 41
1694172569203 -3.9332945346832275 42
1694172571022 -3.9114935398101807 43
1694172572687 -3.803755760192871 44
1694172574566 -3.8244833946228027 45
1694172576421 -3.727337121963501 46
1694172578086 -3.7280216217041016 47
1694172579737 -3.8021299839019775 48
1694172581405 -3.7873375415802 49
1694172583084 -3.7012946605682373 50
1694172584748 -3.6975369453430176 51
1694172586452 -3.5947718620300293 52
1694172588104 -3.46765398979187 53
1694172589867 -3.437837839126587 54
1694172591585 -3.4326159954071045 55
1694172593236 -3.6007566452026367 56
1694172594904 -3.4361557960510254 57
1694172596558 -3.685567617416382 58
1694172598201 -3.3717005252838135 59
1694172599848 -3.5223476886749268 60
1694172601585 -3.408494472503662 61
1694172603372 -3.4625966548919678 62
1694172605125 -3.44317626953125 63
1694172606772 -3.54642391204834 64
1694172608433 -3.112257957458496 65
1694172610090 -3.386136054992676 66
1694172611778 -3.6629724502563477 67
1694172613557 -3.1336727142333984 68
1694172615211 -3.097381353378296 69
1694172616862 -3.221297264099121 70
1694172618513 -3.0538673400878906 71
1694172620164 -3.0820438861846924 72
1694172621972 -3.073631525039673 73
1694172623651 -3.0488317012786865 74
1694172625308 -3.0554287433624268 75
1694172626962 -3.1211373805999756 76
1694172628615 -3.2582666873931885 77
1694172630289 -3.519033670425415 78
1694172631947 -3.37330961227417 79
1694172633598 -3.5308709144592285 80
1694172635248 -3.5231239795684814 81
1694172636902 -3.3303487300872803 82
1694172638559 -3.389389753341675 83
1694172640228 -3.1914117336273193 84
1694172641889 -3.063694477081299 85
1694172643561 -3.1232151985168457 86
1694172645228 -2.926781415939331 87
1694172646901 -3.0813820362091064 88
1694172648566 -3.249563217163086 89
1694172650306 -3.020098924636841 90
1694172651962 -3.2959601879119873 91
1694172653636 -3.173917531967163 92
1694172655313 -3.390597343444824 93
1694172656972 -3.169144630432129 94
1694172658639 -3.274850368499756 95
1694172660306 -3.3313448429107666 96
1694172661983 -3.5058672428131104 97
1694172663645 -3.544581890106201 98
1694172665433 -3.3458170890808105 99
1694172667089 -3.081477403640747 100
1694172668743 -2.9252164363861084 101
1694172670400 -2.862187385559082 102
1694172672092 -3.417362689971924 103
1694172673829 -3.4950835704803467 104
1694172675628 -3.725189447402954 105
1694172677275 -3.7287402153015137 106
1694172678973 -3.8128952980041504 107
1694172680649 -3.710266351699829 108
1694172682420 -3.698946475982666 109
1694172684086 -3.455933094024658 110
1694172685744 -3.4611446857452393 111
1694172687436 -3.7813358306884766 112
1694172689381 -3.485201358795166 113
1694172691182 -3.4812498092651367 114
1694172692980 -3.2765817642211914 115
1694172694639 -3.525514841079712 116
1694172696419 -3.3433732986450195 117
1694172698081 -3.2722628116607666 118
1694172699776 -3.502835750579834 119
1694172701445 -3.911699056625366 120
1694172703099 -3.565506935119629 121
1694172704757 -3.478684186935425 122
1694172706412 -3.709758758544922 123
1694172708061 -3.5444231033325195 124
1694172709709 -3.562289237976074 125
1694172711359 -3.521475076675415 126
1694172713023 -3.7198896408081055 127
1694172714689 -3.5275344848632812 128
1694172716348 -3.7231059074401855 129
1694172718004 -3.5735182762145996 130
1694172719660 -3.5501983165740967 131
1694172721333 -3.380497932434082 132
1694172722998 -3.4094839096069336 133
1694172724669 -3.7218618392944336 134
1694172726345 -3.509830951690674 135
1694172728009 -3.4336273670196533 136
1694172729654 -3.607710361480713 137
1694172731298 -3.7369983196258545 138
1694172732941 -3.4680662155151367 139
1694172734587 -3.6898937225341797 140
1694172736237 -4.180649280548096 141
1694172737881 -3.7511754035949707 142
1694172739526 -5.222442626953125 143
1694172741169 -3.5275609493255615 144
1694172742810 -3.5464611053466797 145
1694172744455 -3.662503719329834 146
1694172746105 -3.593360662460327 147
1694172747754 -3.4042165279388428 148
1694172749435 -3.16369366645813 149
1694172751089 -3.653139591217041 150
1694172752740 -3.9230189323425293 151
1694172754394 -3.494034767150879 152
1694172756053 -3.8677964210510254 153
1694172757702 -4.001008033752441 154
1694172759391 -3.853322982788086 155
1694172761067 -3.920893430709839 156
1694172762981 -4.096825122833252 157
1694172764691 -4.061368942260742 158
1694172766469 -4.126744270324707 159
1694172768124 -3.604987621307373 160
1694172769785 -3.8829169273376465 161
1694172771583 -3.847853899002075 162
1694172773243 -3.7721059322357178 163
1694172774907 -3.4170961380004883 164
1694172776562 -3.795301675796509 165
1694172778216 -3.7344863414764404 166
1694172779859 -3.9226624965667725 167
1694172781618 -3.750239372253418 168
1694172783268 -4.234914302825928 169
1694172784920 -3.804382085800171 170
1694172786568 -3.8234405517578125 171
1694172788217 -4.031777858734131 172
1694172789860 -3.566080331802368 173
1694172791621 -4.281891822814941 174
1694172793267 -4.241224765777588 175
1694172795200 -3.740306854248047 176
1694172797052 -4.13494873046875 177
1694172798903 -3.889057159423828 178
1694172800727 -3.9356534481048584 179
1694172802619 -3.8426849842071533 180
1694172804319 -4.364875793457031 181
1694172805974 -4.347002029418945 182
1694172807615 -4.536060810089111 183
1694172809260 -4.767292499542236 184
1694172811082 -4.186377048492432 185
1694172812805 -4.126619815826416 186
1694172814475 -4.055866718292236 187
1694172816138 -4.354503631591797 188
1694172817831 -4.270846366882324 189
1694172819486 -3.962294340133667 190
1694172821313 -3.7236526012420654 191
1694172822968 -3.922928810119629 192
1694172824625 -4.235135555267334 193
1694172826281 -4.5046772956848145 194
1694172827938 -4.420466423034668 195
1694172829594 -4.2271599769592285 196
1694172831426 -4.229328632354736 197
1694172833258 -3.968153715133667 198
1694172835149 -3.872609853744507 199
1694172836814 -4.660218715667725 200
1694172838608 -4.228393077850342 201
1694172840432 -4.331525802612305 202
1694172842128 -4.527617454528809 203
1694172843873 -4.537021636962891 204
1694172845579 -4.137544631958008 205
1694172847426 -4.299403667449951 206
1694172849088 -3.685075521469116 207
1694172850962 -4.588343143463135 208
1694172852623 -3.7829089164733887 209
1694172854282 -5.675757884979248 210
1694172855938 -4.180928707122803 211
1694172857593 -4.568224906921387 212
1694172859403 -4.752501010894775 213
1694172861319 -5.10874080657959 214
1694172863240 -4.904737949371338 215
1694172865061 -5.174820899963379 216
1694172866771 -4.782717704772949 217
1694172868585 -4.612011432647705 218
1694172871029 -3.8788020610809326 219
1694172873867 -4.647221565246582 220
1694172875752 -4.5554728507995605 221
1694172877535 -4.163232326507568 222
1694172879297 -4.379998207092285 223
1694172881291 -4.318620204925537 224
1694172883374 -4.584112644195557 225
1694172885148 -5.017106533050537 226
1694172886869 -5.290556907653809 227
1694172888604 -5.190785884857178 228
1694172890279 -5.134160995483398 229
1694172891988 -4.694371223449707 230
1694172893645 -4.129325866699219 231
1694172895295 -4.693802356719971 232
1694172896947 -4.015634536743164 233
1694172898625 -4.480345726013184 234
1694172900277 -4.197950839996338 235
1694172901937 -4.620396614074707 236
1694172903587 -4.492028713226318 237
1694172905238 -4.860038757324219 238
1694172906891 -4.866748332977295 239
1694172908556 -5.147924423217773 240
1694172910208 -4.752060413360596 241
1694172911875 -4.386885166168213 242
1694172913631 -4.035529136657715 243
1694172915290 -3.91728138923645 244
1694172916945 -4.100909233093262 245
1694172918620 -4.736854553222656 246
1694172920277 -4.623777389526367 247
1694172921935 -4.291557788848877 248
1694172923620 -4.91261100769043 249
1694172925283 -4.809208869934082 250
1694172926949 -4.520972728729248 251
1694172928623 -4.313960075378418 252
1694172930291 -4.35353422164917 253
1694172931956 -5.001759052276611 254
1694172933639 -4.605645179748535 255
1694172935292 -5.114017963409424 256
1694172936948 -4.267951965332031 257
