1695118038357 2094.5263671875 0
1695118042232 2052.7626953125 1
1695118042409 1980.220947265625 2
1695118042586 1934.0042724609375 3
1695118042761 2006.0191650390625 4
1695118042938 1813.9986572265625 5
1695118043113 1975.79736328125 6
1695118043288 1978.078125 7
1695118043462 1802.2977294921875 8
1695118043637 1966.0509033203125 9
1695118043811 1919.69873046875 10
1695118043988 1728.66748046875 11
1695118044164 1835.226318359375 12
1695118044341 1719.22802734375 13
1695118044518 1604.205078125 14
1695118044693 1629.3455810546875 15
1695118044869 1678.945556640625 16
1695118045044 1544.965087890625 17
1695118045219 1608.6982421875 18
1695118045395 1609.0382080078125 19
1695118045572 1619.9716796875 20
1695118045748 1613.406982421875 21
1695118045924 1589.5068359375 22
1695118046100 1527.1878662109375 23
1695118046276 1533.2464599609375 24
1695118046450 1563.1864013671875 25
1695118046625 1425.80712890625 26
1695118046801 1454.130859375 27
1695118046977 1541.374267578125 28
1695118047153 1489.4029541015625 29
1695118047331 1482.13330078125 30
1695118047507 1438.7763671875 31
1695118047683 1384.3572998046875 32
1695118047860 1318.1650390625 33
1695118048036 1356.888671875 34
1695118048212 1377.212646484375 35
1695118048389 1407.9615478515625 36
1695118048567 1399.017333984375 37
1695118048743 1368.66064453125 38
1695118048918 1338.048828125 39
1695118049093 1390.689453125 40
1695118049269 1375.4755859375 41
1695118049446 1294.9786376953125 42
1695118049622 1217.8857421875 43
1695118049798 1263.16943359375 44
1695118049974 1256.746337890625 45
1695118050150 1291.443115234375 46
1695118050325 1226.735595703125 47
1695118050500 1199.29052734375 48
1695118050677 1297.678466796875 49
1695118050853 1225.5234375 50
1695118051029 1168.6468505859375 51
1695118051206 1176.07568359375 52
1695118051382 1220.14599609375 53
1695118051558 1107.5615234375 54
1695118051733 1137.6884765625 55
1695118051907 1159.0521240234375 56
1695118052082 1177.6197509765625 57
1695118052258 1195.0882568359375 58
1695118052435 1094.6944580078125 59
1695118052612 1070.5985107421875 60
1695118052788 1098.940673828125 61
1695118052964 1092.776611328125 62
1695118053140 1055.9697265625 63
1695118053315 1041.646728515625 64
1695118053491 1020.319580078125 65
1695118053668 1134.4093017578125 66
1695118053845 1064.32568359375 67
1695118054020 1090.5703125 68
1695118054196 1127.66943359375 69
1695118054371 1060.8856201171875 70
1695118054547 1018.0677490234375 71
1695118054721 1006.7108764648438 72
1695118054897 1050.4163818359375 73
1695118055073 968.195556640625 74
1695118055249 1107.24658203125 75
1695118055428 1083.761474609375 76
1695118055605 1095.4501953125 77
1695118055780 1020.9365844726562 78
1695118055955 1104.98876953125 79
1695118056131 1012.474365234375 80
1695118056307 995.1535034179688 81
1695118056485 974.3634033203125 82
1695118056663 951.2622680664062 83
1695118056840 1005.4335327148438 84
1695118057015 942.6480712890625 85
1695118057192 950.0777587890625 86
1695118057369 971.9378662109375 87
1695118057546 953.8751220703125 88
1695118057722 972.5501098632812 89
1695118057898 901.7662353515625 90
1695118058074 937.3328857421875 91
1695118058254 864.178955078125 92
1695118058431 1017.122802734375 93
1695118058609 961.107666015625 94
1695118058784 915.7396240234375 95
1695118058960 982.9388427734375 96
1695118059137 901.42578125 97
1695118059314 875.59130859375 98
1695118059491 912.1102905273438 99
1695118059667 883.1994018554688 100
1695118063482 932.2044067382812 101
1695118063659 891.592529296875 102
1695118063834 846.9036865234375 103
1695118064011 821.1712646484375 104
1695118064186 887.7999267578125 105
1695118064361 953.3381958007812 106
1695118064537 866.4449462890625 107
1695118064723 896.5363159179688 108
1695118064912 868.1002197265625 109
1695118065112 859.328857421875 110
1695118065303 1001.8177490234375 111
1695118065495 913.7820434570312 112
1695118065673 881.6334228515625 113
1695118065850 876.2157592773438 114
1695118066043 850.754150390625 115
1695118066228 888.3456420898438 116
1695118066410 848.2272338867188 117
1695118066593 825.748779296875 118
1695118066774 883.2381591796875 119
1695118066949 815.8348388671875 120
1695118067132 852.7561645507812 121
1695118067311 918.0032958984375 122
1695118067488 795.319091796875 123
1695118067663 813.0872802734375 124
1695118067841 871.8441772460938 125
1695118068017 824.866455078125 126
1695118068193 855.7882080078125 127
1695118068367 795.0689697265625 128
1695118068543 794.7135620117188 129
1695118068721 803.064453125 130
1695118068913 842.111572265625 131
1695118069101 820.8202514648438 132
1695118069284 805.0263671875 133
1695118069466 745.886474609375 134
1695118069646 819.9989013671875 135
1695118069821 801.0721435546875 136
1695118069997 821.7120361328125 137
1695118070173 794.5853271484375 138
1695118070369 785.2262573242188 139
1695118070565 787.3003540039062 140
1695118070743 829.7518920898438 141
1695118070926 815.1536254882812 142
1695118071102 748.597900390625 143
1695118071288 782.7678833007812 144
1695118071469 797.418212890625 145
1695118071655 786.3016967773438 146
1695118071831 789.89599609375 147
1695118072008 778.8389892578125 148
1695118072183 816.9724731445312 149
1695118072361 815.4747314453125 150
1695118072537 772.01708984375 151
1695118072723 756.4544067382812 152
1695118072910 822.7325439453125 153
1695118073096 829.7861938476562 154
1695118073282 736.0111083984375 155
1695118073462 797.720947265625 156
1695118073660 772.6282958984375 157
1695118073850 716.4068603515625 158
1695118074038 792.4049682617188 159
1695118074222 754.0335693359375 160
1695118074409 796.8431396484375 161
1695118074598 801.7691650390625 162
1695118074780 763.76318359375 163
1695118074955 728.7362670898438 164
1695118075140 791.030517578125 165
1695118075333 728.1650390625 166
1695118075528 721.3345947265625 167
1695118075713 729.4879150390625 168
1695118075888 762.084228515625 169
1695118076063 728.870849609375 170
1695118076236 756.3646240234375 171
1695118076412 735.729736328125 172
1695118076588 799.480712890625 173
1695118076768 807.8695068359375 174
1695118076943 747.4111328125 175
1695118077129 736.10791015625 176
1695118077316 710.2725219726562 177
1695118077492 705.7955322265625 178
1695118077670 746.0135498046875 179
1695118077859 736.0633544921875 180
1695118078037 707.64697265625 181
1695118078210 700.7726440429688 182
1695118078390 746.2049560546875 183
1695118078582 704.5594482421875 184
1695118078767 725.392333984375 185
1695118078952 703.3424682617188 186
1695118079126 749.4757080078125 187
1695118079307 755.6969604492188 188
1695118079504 737.6951293945312 189
1695118079684 720.2674560546875 190
1695118079874 735.5307006835938 191
1695118080065 712.5589599609375 192
1695118080249 692.1494750976562 193
1695118080426 690.955322265625 194
1695118080607 719.7784423828125 195
1695118080804 701.156005859375 196
1695118080994 672.24951171875 197
1695118081176 670.59130859375 198
1695118081359 726.1920166015625 199
1695118081547 684.2048950195312 200
1695118085722 765.5025634765625 201
1695118085897 691.8213500976562 202
1695118086076 704.3506469726562 203
1695118086249 742.107666015625 204
1695118086423 720.681396484375 205
1695118086596 699.926513671875 206
1695118086770 729.6720581054688 207
1695118086947 681.9295654296875 208
1695118087121 689.3134765625 209
1695118087295 661.8721923828125 210
1695118087468 680.365478515625 211
1695118087642 698.989013671875 212
1695118087816 701.3922119140625 213
1695118087990 685.6842041015625 214
1695118088163 693.9295654296875 215
1695118088337 660.756103515625 216
1695118088510 694.5890502929688 217
1695118088689 724.2689208984375 218
1695118088877 670.2750244140625 219
1695118089057 714.7569580078125 220
1695118089232 687.4152221679688 221
1695118089411 685.4232177734375 222
1695118089592 626.1826171875 223
1695118089767 664.7230834960938 224
1695118089942 698.4688720703125 225
1695118090121 648.6888427734375 226
1695118090299 728.90185546875 227
1695118090472 773.3675537109375 228
1695118090652 694.2889404296875 229
1695118090831 642.5015258789062 230
1695118091006 676.6102294921875 231
1695118091188 753.0182495117188 232
1695118091377 710.5001220703125 233
1695118091566 648.264404296875 234
1695118091754 641.4801635742188 235
1695118091928 649.6466064453125 236
1695118092120 662.3168334960938 237
1695118092314 672.938232421875 238
1695118092506 711.3192138671875 239
1695118092694 637.2020263671875 240
1695118092891 641.3932495117188 241
1695118093081 645.8782958984375 242
1695118093255 699.9932861328125 243
1695118093432 716.2455444335938 244
1695118093610 648.8348388671875 245
1695118093793 672.017333984375 246
1695118093982 661.35888671875 247
1695118094173 656.1743774414062 248
1695118094361 692.7503051757812 249
1695118094546 659.1266479492188 250
1695118094719 679.48046875 251
1695118094905 676.2987060546875 252
1695118095101 704.0777587890625 253
1695118095291 643.4107055664062 254
1695118095465 656.0296020507812 255
1695118095642 716.77001953125 256
1695118095816 649.6304321289062 257
1695118095991 693.411376953125 258
1695118096164 700.972900390625 259
1695118096338 713.0968017578125 260
1695118096514 682.4271850585938 261
1695118096690 648.3702392578125 262
1695118096864 678.1953735351562 263
1695118097040 641.591064453125 264
1695118097214 650.072509765625 265
1695118097387 647.0751953125 266
1695118097563 659.5264282226562 267
1695118097736 659.6063232421875 268
1695118097910 648.728271484375 269
1695118098084 661.8741455078125 270
1695118098260 657.1982421875 271
1695118098433 649.3676147460938 272
1695118098607 636.042724609375 273
1695118098781 645.948974609375 274
1695118098954 649.7889404296875 275
1695118099128 680.6932983398438 276
1695118099302 631.7282104492188 277
1695118099476 617.0941772460938 278
1695118099649 646.4021606445312 279
1695118099823 642.9947509765625 280
1695118099997 651.7301025390625 281
1695118100173 624.8558349609375 282
1695118100347 655.8905029296875 283
1695118100521 728.772216796875 284
1695118100695 631.0799560546875 285
1695118100869 618.9237670898438 286
1695118101044 607.15478515625 287
1695118101218 711.8360595703125 288
1695118101393 628.1091918945312 289
1695118101566 615.3997802734375 290
1695118101740 661.1329345703125 291
1695118101916 636.7750244140625 292
1695118102091 618.3087158203125 293
1695118102268 628.3507690429688 294
1695118102441 595.99755859375 295
1695118102627 656.4261474609375 296
1695118102801 633.497802734375 297
1695118102975 615.9742431640625 298
1695118103148 648.439453125 299
1695118103325 603.8363037109375 300
1695118106824 604.7318115234375 301
1695118106997 643.6727294921875 302
1695118107170 662.265380859375 303
1695118107341 638.4699096679688 304
1695118107515 651.9054565429688 305
1695118107688 648.619873046875 306
1695118107862 634.2989501953125 307
1695118108035 665.9461669921875 308
1695118108209 696.736083984375 309
1695118108382 598.9302368164062 310
1695118108555 651.367431640625 311
1695118108728 634.9625854492188 312
1695118108902 644.9197998046875 313
1695118109075 635.0335693359375 314
1695118109248 630.9688110351562 315
1695118109421 625.6831665039062 316
1695118109593 601.2998046875 317
1695118109768 618.8526611328125 318
1695118109942 628.8990478515625 319
1695118110117 670.2138671875 320
1695118110290 665.7515869140625 321
1695118110463 623.367919921875 322
1695118110637 594.8487548828125 323
1695118110811 615.365478515625 324
1695118110984 601.7086791992188 325
1695118111158 634.6138916015625 326
1695118111331 636.8512573242188 327
1695118111506 650.5813598632812 328
1695118111680 614.3950805664062 329
1695118111852 614.9251708984375 330
1695118112025 634.029541015625 331
1695118112198 638.885009765625 332
1695118112370 615.080810546875 333
1695118112552 638.7797241210938 334
1695118112727 599.439697265625 335
1695118112901 608.5418701171875 336
1695118113075 593.130859375 337
1695118113249 620.7077026367188 338
1695118113421 617.48876953125 339
1695118113594 637.8189697265625 340
1695118113768 657.0001220703125 341
1695118113940 631.3275146484375 342
1695118114113 628.8019409179688 343
1695118114286 596.515380859375 344
1695118114459 635.3148803710938 345
1695118114633 651.743896484375 346
1695118114806 616.7625732421875 347
1695118114979 638.339111328125 348
1695118115153 597.8634643554688 349
1695118115327 571.6157836914062 350
1695118115501 632.027587890625 351
1695118115674 630.6395263671875 352
1695118115847 628.96337890625 353
1695118116020 578.2628173828125 354
1695118116205 621.6163330078125 355
1695118116388 614.7493896484375 356
1695118116565 645.9506225585938 357
1695118116746 594.16015625 358
1695118116920 623.5266723632812 359
1695118117094 607.8876953125 360
1695118117274 616.8878173828125 361
1695118117461 606.3645629882812 362
1695118117647 607.113525390625 363
1695118117832 595.805419921875 364
1695118118025 594.4817504882812 365
1695118118214 578.3016357421875 366
1695118118402 557.5003051757812 367
1695118118596 625.247314453125 368
1695118118787 591.10400390625 369
1695118118975 592.1697998046875 370
1695118119161 618.0343017578125 371
1695118119343 599.92333984375 372
1695118119528 620.5170288085938 373
1695118119704 593.2030639648438 374
1695118119882 587.2112426757812 375
1695118120058 604.2366333007812 376
1695118120235 607.4019165039062 377
1695118120410 599.73779296875 378
1695118120583 569.43359375 379
1695118120757 562.5771484375 380
1695118120935 578.7003173828125 381
1695118121111 598.6434326171875 382
1695118121283 607.3626098632812 383
1695118121461 599.81494140625 384
1695118121634 603.62646484375 385
1695118121808 592.8062744140625 386
1695118121984 575.3369750976562 387
1695118122157 579.25244140625 388
1695118122330 563.7457885742188 389
1695118122503 612.211669921875 390
1695118122684 594.3140869140625 391
1695118122869 589.7313232421875 392
1695118123046 614.3507080078125 393
1695118123218 628.3585205078125 394
1695118123393 602.504150390625 395
1695118123566 636.9685668945312 396
1695118123744 585.812255859375 397
1695118123928 585.1748657226562 398
1695118124117 591.8157958984375 399
1695118124311 550.2919921875 400
1695118128786 563.9819946289062 401
1695118128963 598.985595703125 402
1695118129137 564.1116943359375 403
1695118129340 567.97998046875 404
1695118129529 556.9201049804688 405
1695118129734 562.4327392578125 406
1695118129922 580.911865234375 407
1695118130115 553.6437377929688 408
1695118130307 598.3023071289062 409
1695118130501 627.9739379882812 410
1695118130699 599.5153198242188 411
1695118130885 571.7324829101562 412
1695118131060 598.90576171875 413
1695118131234 596.5368041992188 414
1695118131408 596.0438842773438 415
1695118131586 595.304443359375 416
1695118131763 597.266845703125 417
1695118131937 586.0186767578125 418
1695118132119 567.9013061523438 419
1695118132314 593.9007568359375 420
1695118132505 547.6436767578125 421
1695118132678 563.4814453125 422
1695118132851 566.3406982421875 423
1695118133026 573.690185546875 424
1695118133199 589.4566650390625 425
1695118133372 597.1051635742188 426
1695118133550 580.45751953125 427
1695118133724 587.21728515625 428
1695118133897 572.6424560546875 429
1695118134075 574.5579833984375 430
1695118134248 557.3865966796875 431
1695118134422 565.10205078125 432
1695118134594 590.1650390625 433
1695118134767 564.1317138671875 434
1695118134941 563.3533935546875 435
1695118135114 568.9234619140625 436
1695118135288 534.0823974609375 437
1695118135461 565.064697265625 438
1695118135633 560.5306396484375 439
1695118135806 584.3477783203125 440
1695118135979 639.0572509765625 441
1695118136152 590.286376953125 442
1695118136336 579.0504150390625 443
1695118136519 588.346923828125 444
1695118136691 573.936279296875 445
1695118136865 553.4131469726562 446
1695118137037 581.2874145507812 447
1695118137211 562.4490356445312 448
1695118137397 611.2345581054688 449
1695118137581 545.1256103515625 450
1695118137758 618.229248046875 451
1695118137935 571.1306762695312 452
1695118138124 588.9658813476562 453
1695118138299 559.6254272460938 454
1695118138489 546.050048828125 455
1695118138678 602.5123901367188 456
1695118138871 565.280517578125 457
1695118139062 552.22119140625 458
1695118139238 541.307861328125 459
1695118139432 540.5372314453125 460
1695118139622 601.5918579101562 461
1695118139811 548.5703125 462
1695118140002 585.8081665039062 463
1695118140189 574.5579223632812 464
1695118140374 564.524169921875 465
1695118140550 564.31005859375 466
1695118140723 543.7244262695312 467
1695118140896 588.35009765625 468
1695118141068 530.7177124023438 469
1695118141243 548.1268310546875 470
1695118141417 523.7017211914062 471
1695118141591 579.330322265625 472
1695118141764 532.096923828125 473
1695118141939 578.3846435546875 474
1695118142113 558.0755615234375 475
1695118142288 614.3317260742188 476
1695118142462 553.64013671875 477
1695118142637 556.5304565429688 478
1695118142812 563.5681762695312 479
1695118142985 535.524169921875 480
1695118143160 576.9003295898438 481
1695118143334 614.0012817382812 482
1695118143508 539.88623046875 483
1695118143682 563.3533935546875 484
1695118143858 569.5623779296875 485
1695118144043 570.9939575195312 486
1695118144229 587.2507934570312 487
1695118144402 552.06494140625 488
1695118144576 587.8531494140625 489
1695118144748 546.4089965820312 490
1695118144922 550.1448364257812 491
1695118145094 530.3961791992188 492
1695118145267 560.4417114257812 493
1695118145440 522.1849365234375 494
1695118145613 530.9481811523438 495
1695118145786 545.5819091796875 496
1695118145960 536.8687744140625 497
1695118146134 566.27001953125 498
1695118146307 565.4492797851562 499
1695118146481 520.3134765625 500
1695118150026 553.4576416015625 501
1695118150198 592.8340454101562 502
1695118150390 530.7974853515625 503
1695118150565 581.3817138671875 504
1695118150738 517.6148681640625 505
1695118150911 553.2073364257812 506
1695118151085 516.1533203125 507
1695118151269 512.3969116210938 508
1695118151460 592.8310546875 509
1695118151632 564.5501098632812 510
1695118151810 583.723388671875 511
1695118151995 595.13525390625 512
1695118152173 536.5748901367188 513
1695118152349 575.2734985351562 514
1695118152526 554.470703125 515
1695118152699 568.5755615234375 516
1695118152877 554.7007446289062 517
1695118153064 553.4423217773438 518
1695118153254 561.9547729492188 519
1695118153443 550.658447265625 520
1695118153632 572.2005615234375 521
1695118153821 542.3339233398438 522
1695118154015 536.5291137695312 523
1695118154206 535.332275390625 524
1695118154395 620.2261962890625 525
1695118154596 527.4258422851562 526
1695118154779 515.8560180664062 527
1695118154953 521.1905517578125 528
1695118155128 552.9204711914062 529
1695118155316 587.817626953125 530
1695118155501 574.18212890625 531
1695118155686 544.8194580078125 532
1695118155871 543.1578369140625 533
1695118156045 545.099609375 534
1695118156220 531.1421508789062 535
1695118156393 492.53863525390625 536
1695118156569 549.079833984375 537
1695118156743 546.804443359375 538
1695118156916 549.2261352539062 539
1695118157092 531.9134521484375 540
1695118157265 539.9173583984375 541
1695118157438 579.1321411132812 542
1695118157611 559.7096557617188 543
1695118157784 531.6246948242188 544
1695118157960 494.8577880859375 545
1695118158133 501.7846984863281 546
1695118158307 535.868896484375 547
1695118158482 575.2127075195312 548
1695118158677 595.977783203125 549
1695118158868 580.02587890625 550
1695118159048 559.198486328125 551
1695118159228 543.7490234375 552
1695118159406 543.521728515625 553
1695118159583 532.3646850585938 554
1695118159770 543.1221923828125 555
1695118159946 527.7850341796875 556
1695118160121 553.3073120117188 557
1695118160299 522.5385131835938 558
1695118160473 584.37109375 559
1695118160647 548.5619506835938 560
1695118160822 512.0482177734375 561
1695118161009 508.53887939453125 562
1695118161184 550.6678466796875 563
1695118161360 531.91943359375 564
1695118161536 540.7380981445312 565
1695118161711 539.1674194335938 566
1695118161886 511.94622802734375 567
1695118162063 533.9224853515625 568
1695118162239 552.19287109375 569
1695118162414 548.7500610351562 570
1695118162590 570.4322509765625 571
1695118162765 521.12890625 572
1695118162941 537.0044555664062 573
1695118163116 508.5174865722656 574
1695118163289 537.5916748046875 575
1695118163462 511.5880126953125 576
1695118163637 532.8748168945312 577
1695118163812 535.0525512695312 578
1695118163995 513.1686401367188 579
1695118164173 554.5491333007812 580
1695118164362 533.7897338867188 581
1695118164551 558.2161254882812 582
1695118164743 598.133056640625 583
1695118164934 532.22314453125 584
1695118165124 522.5020751953125 585
1695118165306 532.7762451171875 586
1695118165481 540.29150390625 587
1695118165657 531.7434692382812 588
1695118165832 511.12579345703125 589
1695118166008 591.3405151367188 590
1695118166194 581.8006591796875 591
1695118166371 559.654541015625 592
1695118166551 501.678955078125 593
1695118166738 561.2919921875 594
1695118166915 531.5890502929688 595
1695118167103 562.303466796875 596
1695118167278 526.513671875 597
1695118167468 522.8331298828125 598
1695118167648 558.5012817382812 599
1695118167830 522.2836303710938 600
1695118171568 536.5894775390625 601
1695118171743 515.3328247070312 602
1695118171919 504.73162841796875 603
1695118172113 551.9326171875 604
1695118172290 527.5355834960938 605
1695118172467 505.56646728515625 606
1695118172654 518.0184326171875 607
1695118172841 495.46771240234375 608
1695118173027 528.06884765625 609
1695118173205 588.3424682617188 610
1695118173390 520.9191284179688 611
1695118173569 517.1201171875 612
1695118173753 568.523193359375 613
1695118173931 518.2191772460938 614
1695118174109 530.2002563476562 615
1695118174286 518.9610595703125 616
1695118174462 566.8546142578125 617
1695118174639 508.4834899902344 618
1695118174814 542.9826049804688 619
1695118174991 537.4478149414062 620
1695118175167 532.9713745117188 621
1695118175344 523.3699340820312 622
1695118175521 532.3544921875 623
1695118175696 512.399169921875 624
1695118175872 518.7945556640625 625
1695118176048 546.8538818359375 626
1695118176224 513.677978515625 627
1695118176400 533.283447265625 628
1695118176577 528.2919311523438 629
1695118176752 602.7515258789062 630
1695118176930 512.58349609375 631
1695118177124 527.6741943359375 632
1695118177316 523.7324829101562 633
1695118177508 559.9620361328125 634
1695118177702 520.8779296875 635
1695118177895 547.47021484375 636
1695118178085 517.2280883789062 637
1695118178273 513.7394409179688 638
1695118178448 529.3480834960938 639
1695118178625 520.8690185546875 640
1695118178802 502.5462341308594 641
1695118178977 524.9420776367188 642
1695118179155 541.3389892578125 643
1695118179331 492.4549255371094 644
1695118179516 509.61187744140625 645
1695118179694 504.0594787597656 646
1695118179872 515.08349609375 647
1695118180046 542.731689453125 648
1695118180220 512.4942016601562 649
1695118180394 505.7403564453125 650
1695118180573 510.530517578125 651
1695118180750 511.50830078125 652
1695118180933 525.6002807617188 653
1695118181114 510.9305114746094 654
1695118181290 542.8433837890625 655
1695118181467 540.3262329101562 656
1695118181644 491.73907470703125 657
1695118181821 518.907958984375 658
1695118181997 516.6544799804688 659
1695118182174 536.637451171875 660
1695118182350 514.2403564453125 661
1695118182527 550.0527954101562 662
1695118182704 533.3576049804688 663
1695118182884 512.5550537109375 664
1695118183060 536.9827270507812 665
1695118183234 541.7206420898438 666
1695118183409 544.4890747070312 667
1695118183584 487.7668151855469 668
1695118183759 538.6883544921875 669
1695118183936 536.8092041015625 670
1695118184115 513.2348022460938 671
1695118184292 510.67724609375 672
1695118184468 493.66064453125 673
1695118184644 538.3319091796875 674
1695118184820 525.7279052734375 675
1695118184997 505.8370056152344 676
1695118185174 564.777099609375 677
1695118185353 536.3682861328125 678
1695118185527 524.538330078125 679
1695118185702 553.9523315429688 680
1695118185877 553.8934936523438 681
1695118186052 537.9214477539062 682
1695118186227 535.84375 683
1695118186403 559.8599853515625 684
1695118186579 486.2005615234375 685
1695118186755 480.3947448730469 686
1695118186931 502.70526123046875 687
1695118187106 505.40496826171875 688
1695118187282 527.3759765625 689
1695118187458 523.2293090820312 690
1695118187633 525.2222900390625 691
1695118187813 503.86383056640625 692
1695118187990 500.62030029296875 693
1695118188166 554.278564453125 694
1695118188342 498.9875183105469 695
1695118188516 528.3799438476562 696
1695118188691 491.0696105957031 697
1695118188866 543.4078369140625 698
1695118189040 495.122314453125 699
1695118189215 511.0145568847656 700
1695118192908 500.125 701
1695118193096 525.8330688476562 702
1695118193276 510.6552734375 703
1695118193453 513.1812744140625 704
1695118193627 518.2828369140625 705
1695118193805 485.09881591796875 706
1695118193994 502.75579833984375 707
1695118194182 499.6672668457031 708
1695118194376 545.8220825195312 709
1695118194564 487.67083740234375 710
1695118194738 513.4497680664062 711
1695118194911 530.0687255859375 712
1695118195100 538.5550537109375 713
1695118195294 562.5629272460938 714
1695118195485 581.4512939453125 715
1695118195672 546.5121459960938 716
1695118195857 535.7579345703125 717
1695118196049 519.1056518554688 718
1695118196237 507.3023986816406 719
1695118196412 543.1375122070312 720
1695118196584 497.0764465332031 721
1695118196761 513.6261596679688 722
1695118196934 542.9165649414062 723
1695118197107 478.6199951171875 724
1695118197280 503.16412353515625 725
1695118197468 512.88134765625 726
1695118197645 486.95703125 727
1695118197818 502.7915344238281 728
1695118197992 535.29296875 729
1695118198166 480.37933349609375 730
1695118198340 491.40966796875 731
1695118198514 550.095703125 732
1695118198697 519.7501220703125 733
1695118198884 495.306640625 734
1695118199073 498.6878662109375 735
1695118199250 530.8482666015625 736
1695118199425 513.1209716796875 737
1695118199598 516.2841796875 738
1695118199774 472.7543640136719 739
1695118199950 510.8425598144531 740
1695118200124 515.9549560546875 741
1695118200297 516.248291015625 742
1695118200471 460.384521484375 743
1695118200644 533.538818359375 744
1695118200817 493.7955017089844 745
1695118200994 500.2416687011719 746
1695118201168 474.12701416015625 747
1695118201342 514.2481689453125 748
1695118201515 476.90911865234375 749
1695118201688 506.50372314453125 750
1695118201861 518.054443359375 751
1695118202034 536.1409912109375 752
1695118202207 492.3760681152344 753
1695118202381 539.1289672851562 754
1695118202555 490.1810302734375 755
1695118202728 493.88165283203125 756
1695118202902 525.4962768554688 757
1695118203076 526.630615234375 758
1695118203250 519.1451416015625 759
1695118203422 528.8212280273438 760
1695118203595 479.877685546875 761
1695118203768 524.4714965820312 762
1695118203941 517.7263793945312 763
1695118204114 495.55828857421875 764
1695118204287 502.5480651855469 765
1695118204461 514.5564575195312 766
1695118204633 506.3868713378906 767
1695118204806 520.5465698242188 768
1695118204980 498.0855712890625 769
1695118205154 496.5196838378906 770
1695118205328 549.3983154296875 771
1695118205499 501.4068908691406 772
1695118205685 484.521240234375 773
1695118205858 474.08843994140625 774
1695118206031 511.21295166015625 775
1695118206204 512.5480346679688 776
1695118206378 503.6007385253906 777
1695118206552 513.2146606445312 778
1695118206726 502.2121276855469 779
1695118206899 480.6439208984375 780
1695118207072 500.7515869140625 781
1695118207246 492.1517639160156 782
1695118207420 468.05633544921875 783
1695118207593 503.6928405761719 784
1695118207770 508.7604675292969 785
1695118207946 526.9370727539062 786
1695118208120 482.94793701171875 787
1695118208296 507.63238525390625 788
1695118208469 508.05828857421875 789
1695118208643 500.3889465332031 790
1695118208821 514.51513671875 791
1695118208995 485.3036804199219 792
1695118209169 501.13201904296875 793
1695118209344 497.5653991699219 794
1695118209517 558.9745483398438 795
1695118209690 492.5770263671875 796
1695118209863 495.6046142578125 797
1695118210037 477.60455322265625 798
1695118210212 509.1626892089844 799
1695118210386 540.790771484375 800
1695118214493 492.89349365234375 801
1695118214672 491.8643798828125 802
1695118214856 461.361083984375 803
1695118215037 504.206298828125 804
1695118215217 486.27398681640625 805
1695118215397 507.57781982421875 806
1695118215587 503.8702392578125 807
1695118215772 507.2434387207031 808
1695118215970 497.00885009765625 809
1695118216163 479.4973449707031 810
1695118216354 499.87933349609375 811
1695118216540 485.4140625 812
1695118216734 489.68011474609375 813
1695118216929 484.2669677734375 814
1695118217104 482.4708557128906 815
1695118217278 513.0291748046875 816
1695118217455 471.38336181640625 817
1695118217628 490.7593994140625 818
1695118217801 517.6065063476562 819
1695118217974 505.91839599609375 820
1695118218161 481.46112060546875 821
1695118218343 556.678955078125 822
1695118218517 479.95098876953125 823
1695118218704 522.2870483398438 824
1695118218898 521.574462890625 825
1695118219087 481.9410400390625 826
1695118219280 532.0808715820312 827
1695118219477 485.3929138183594 828
1695118219661 496.3006591796875 829
1695118219834 494.1753845214844 830
1695118220010 490.2208251953125 831
1695118220184 482.96673583984375 832
1695118220361 503.4063415527344 833
1695118220534 535.417724609375 834
1695118220712 516.6116333007812 835
1695118220900 495.0153503417969 836
1695118221087 490.078857421875 837
1695118221268 525.1653442382812 838
1695118221450 486.63104248046875 839
1695118221647 484.19915771484375 840
1695118221826 478.84490966796875 841
1695118222003 479.0660095214844 842
1695118222176 488.6195373535156 843
1695118222350 470.81280517578125 844
1695118222525 474.95263671875 845
1695118222698 490.5611572265625 846
1695118222872 452.3780212402344 847
1695118223047 512.0333251953125 848
1695118223222 474.18768310546875 849
1695118223397 491.4185485839844 850
1695118223583 521.9866333007812 851
1695118223760 501.0904541015625 852
1695118223936 469.6734313964844 853
1695118224125 533.1541748046875 854
1695118224311 497.1224365234375 855
1695118224486 485.58233642578125 856
1695118224663 526.5921630859375 857
1695118224845 474.9178466796875 858
1695118225022 458.6109924316406 859
1695118225198 495.9156799316406 860
1695118225379 508.01885986328125 861
1695118225554 507.21856689453125 862
1695118225732 483.06866455078125 863
1695118225909 495.9972839355469 864
1695118226087 501.52099609375 865
1695118226265 486.80181884765625 866
1695118226443 503.34063720703125 867
1695118226621 485.382568359375 868
1695118226797 501.7099609375 869
1695118226975 503.43536376953125 870
1695118227152 474.27288818359375 871
1695118227330 478.651123046875 872
1695118227506 508.43280029296875 873
1695118227683 494.80389404296875 874
1695118227859 505.99127197265625 875
1695118228034 482.06689453125 876
1695118228209 535.1653442382812 877
1695118228384 512.4072265625 878
1695118228558 484.9694519042969 879
1695118228732 512.7320556640625 880
1695118228907 485.35345458984375 881
1695118229082 505.8758239746094 882
1695118229256 512.9957275390625 883
1695118229432 472.8759765625 884
1695118229608 511.2021484375 885
1695118229785 488.59735107421875 886
1695118229961 483.2237243652344 887
1695118230137 497.9319152832031 888
1695118230312 542.8367309570312 889
1695118230487 472.8229675292969 890
1695118230662 558.96630859375 891
1695118230839 501.44091796875 892
1695118231016 484.2587890625 893
1695118231192 505.42718505859375 894
1695118231367 534.8043823242188 895
1695118231541 499.07025146484375 896
1695118231716 477.6256408691406 897
1695118231903 468.5962219238281 898
1695118232091 468.5640869140625 899
1695118232275 518.1506958007812 900
1695118236039 521.717529296875 901
1695118236244 504.50885009765625 902
1695118236421 490.743896484375 903
1695118236604 461.4763488769531 904
1695118236790 480.1410217285156 905
1695118236978 455.6976623535156 906
1695118237168 489.111083984375 907
1695118237363 467.75927734375 908
1695118237555 493.623779296875 909
1695118237747 453.6693115234375 910
1695118237938 484.6741943359375 911
1695118238129 463.8786315917969 912
1695118238320 461.45263671875 913
1695118238494 508.46539306640625 914
1695118238670 520.5076293945312 915
1695118238849 451.3289794921875 916
1695118239023 462.83343505859375 917
1695118239197 489.2764892578125 918
1695118239369 483.94549560546875 919
1695118239553 485.2624816894531 920
1695118239733 487.1622009277344 921
1695118239907 490.50555419921875 922
1695118240081 503.23114013671875 923
1695118240268 460.65771484375 924
1695118240459 489.5234375 925
1695118240646 471.00616455078125 926
1695118240835 480.1889343261719 927
1695118241031 476.80560302734375 928
1695118241217 446.28564453125 929
1695118241402 486.7796630859375 930
1695118241594 457.767578125 931
1695118241784 484.8529968261719 932
1695118241971 487.925537109375 933
1695118242160 492.1287841796875 934
1695118242351 493.86328125 935
1695118242541 485.47027587890625 936
1695118242735 473.09521484375 937
1695118242925 472.46661376953125 938
1695118243105 484.2891845703125 939
1695118243282 469.4331970214844 940
1695118243464 481.50018310546875 941
1695118243655 482.9393310546875 942
1695118243845 468.8695068359375 943
1695118244022 493.01605224609375 944
1695118244208 509.99029541015625 945
1695118244399 479.41534423828125 946
1695118244579 484.40374755859375 947
1695118244771 488.638671875 948
1695118244949 461.396240234375 949
1695118245124 500.9179992675781 950
1695118245301 470.9906921386719 951
1695118245476 486.9503479003906 952
1695118245650 468.1792297363281 953
1695118245827 454.4184265136719 954
1695118246003 447.56976318359375 955
1695118246181 470.301025390625 956
1695118246358 477.9154968261719 957
1695118246534 471.02825927734375 958
1695118246709 497.5977478027344 959
1695118246884 464.93701171875 960
1695118247062 535.1802978515625 961
1695118247239 489.77972412109375 962
1695118247417 492.6349792480469 963
1695118247592 491.13800048828125 964
1695118247767 486.51104736328125 965
1695118247949 478.4341735839844 966
1695118248123 474.2668151855469 967
1695118248315 491.9112548828125 968
1695118248500 473.58514404296875 969
1695118248675 519.620849609375 970
1695118248862 492.1939697265625 971
1695118249047 473.8558349609375 972
1695118249226 496.4170837402344 973
1695118249416 482.7461853027344 974
1695118249607 486.73272705078125 975
1695118249798 506.69097900390625 976
1695118249990 471.0870361328125 977
1695118250182 488.7792053222656 978
1695118250369 490.44970703125 979
1695118250556 486.15216064453125 980
1695118250744 459.77703857421875 981
1695118250931 472.7344055175781 982
1695118251119 453.55755615234375 983
1695118251306 491.1972351074219 984
1695118251498 490.45263671875 985
1695118251691 471.63909912109375 986
1695118251882 493.5212097167969 987
1695118252072 492.5111083984375 988
1695118252250 477.54278564453125 989
1695118252428 472.8540344238281 990
1695118252604 479.1643371582031 991
1695118252780 458.12445068359375 992
1695118252954 441.5202331542969 993
1695118253129 474.5616149902344 994
1695118253317 466.8671875 995
1695118253492 489.44549560546875 996
1695118253666 439.43084716796875 997
1695118253845 486.5406494140625 998
1695118254022 465.93743896484375 999
1695118254197 484.9292297363281 1000
1695118257932 482.2384033203125 1001
1695118258123 479.39251708984375 1002
1695118258309 459.15960693359375 1003
1695118258500 435.34930419921875 1004
1695118258676 490.82391357421875 1005
1695118258853 483.79742431640625 1006
1695118259028 498.8404846191406 1007
1695118259217 446.9698181152344 1008
1695118259393 458.58990478515625 1009
1695118259570 501.3055419921875 1010
1695118259746 451.75469970703125 1011
1695118259922 478.48931884765625 1012
1695118260099 485.69134521484375 1013
1695118260276 450.1507873535156 1014
1695118260452 471.1062927246094 1015
1695118260629 466.97137451171875 1016
1695118260808 520.6909790039062 1017
1695118260984 439.5470275878906 1018
1695118261159 473.1961975097656 1019
1695118261336 479.2603454589844 1020
1695118261513 467.61859130859375 1021
1695118261689 483.62322998046875 1022
1695118261867 499.9359130859375 1023
1695118262052 451.472412109375 1024
1695118262237 476.36383056640625 1025
1695118262413 465.80804443359375 1026
1695118262589 493.5799865722656 1027
1695118262764 463.17156982421875 1028
1695118262939 454.36260986328125 1029
1695118263115 451.48419189453125 1030
1695118263293 466.4581298828125 1031
1695118263469 448.962890625 1032
1695118263645 530.4207763671875 1033
1695118263824 472.22479248046875 1034
1695118263999 484.84710693359375 1035
1695118264174 483.0009460449219 1036
1695118264350 489.53973388671875 1037
1695118264527 488.78521728515625 1038
1695118264703 458.65155029296875 1039
1695118264882 464.0354309082031 1040
1695118265058 473.04449462890625 1041
1695118265234 480.20013427734375 1042
1695118265409 465.9209899902344 1043
1695118265584 455.83453369140625 1044
1695118265759 465.078857421875 1045
1695118265936 493.50457763671875 1046
1695118266112 492.6473083496094 1047
1695118266289 501.2586669921875 1048
1695118266470 464.83270263671875 1049
1695118266651 463.95355224609375 1050
1695118266830 476.8907165527344 1051
1695118267006 487.1801452636719 1052
1695118267181 483.33221435546875 1053
1695118267357 466.01165771484375 1054
1695118267534 502.9407043457031 1055
1695118267715 498.693603515625 1056
1695118267892 460.9898986816406 1057
1695118268070 476.4039306640625 1058
1695118268246 494.13360595703125 1059
1695118268425 468.7668762207031 1060
1695118268608 469.9951171875 1061
1695118268788 500.62518310546875 1062
1695118268964 469.590087890625 1063
1695118269143 471.4090576171875 1064
1695118269320 473.85028076171875 1065
1695118269496 471.011474609375 1066
1695118269671 489.535888671875 1067
1695118269843 469.9502868652344 1068
1695118270019 484.9107666015625 1069
1695118270194 471.36639404296875 1070
1695118270369 480.51641845703125 1071
1695118270544 449.42156982421875 1072
1695118270717 479.8336181640625 1073
1695118270892 466.637451171875 1074
1695118271068 465.5708312988281 1075
1695118271242 456.5357360839844 1076
1695118271418 506.68377685546875 1077
1695118271595 452.9979248046875 1078
1695118271771 460.35772705078125 1079
1695118271947 454.6761779785156 1080
1695118272125 477.4507751464844 1081
1695118272302 493.2347717285156 1082
1695118272478 466.3191833496094 1083
1695118272653 455.635009765625 1084
1695118272830 462.655029296875 1085
1695118273005 483.32366943359375 1086
1695118273181 480.66827392578125 1087
1695118273356 479.0273742675781 1088
1695118273532 492.2242126464844 1089
1695118273705 472.7174987792969 1090
1695118273881 451.5799255371094 1091
1695118274057 447.551025390625 1092
1695118274233 449.4220275878906 1093
1695118274410 475.47064208984375 1094
1695118274589 483.97235107421875 1095
1695118274764 445.76007080078125 1096
1695118274939 467.50482177734375 1097
1695118275119 445.4833679199219 1098
1695118275295 459.8144226074219 1099
1695118275473 466.93939208984375 1100
1695118279128 478.8710632324219 1101
1695118279311 458.901611328125 1102
1695118279503 478.513671875 1103
1695118279694 473.86669921875 1104
1695118279883 454.9639587402344 1105
1695118280074 476.9476013183594 1106
1695118280257 460.0602722167969 1107
1695118280439 476.8458557128906 1108
1695118280625 452.5035705566406 1109
1695118280816 445.54620361328125 1110
1695118280994 464.4075622558594 1111
1695118281180 457.469482421875 1112
1695118281361 500.7236328125 1113
1695118281538 491.69488525390625 1114
1695118281719 437.7998046875 1115
1695118281899 471.30450439453125 1116
1695118282080 468.68243408203125 1117
1695118282255 468.0902099609375 1118
1695118282431 453.1361083984375 1119
1695118282610 460.1112976074219 1120
1695118282790 482.20379638671875 1121
1695118282972 441.7248229980469 1122
1695118283155 461.7249450683594 1123
1695118283335 442.24346923828125 1124
1695118283518 461.8363342285156 1125
1695118283702 463.6019592285156 1126
1695118283884 479.96807861328125 1127
1695118284065 456.1357116699219 1128
1695118284245 460.49847412109375 1129
1695118284428 473.58477783203125 1130
1695118284608 451.85687255859375 1131
1695118284786 455.85113525390625 1132
1695118284976 476.0505676269531 1133
1695118285165 464.91778564453125 1134
1695118285352 476.1563720703125 1135
1695118285531 446.3118591308594 1136
1695118285711 459.06298828125 1137
1695118285891 494.55218505859375 1138
1695118286071 461.9065246582031 1139
1695118286251 464.2642822265625 1140
1695118286434 435.7228088378906 1141
1695118286612 472.50836181640625 1142
1695118286788 481.1184997558594 1143
1695118286966 457.0497741699219 1144
1695118287143 447.292724609375 1145
1695118287323 463.83538818359375 1146
1695118287507 466.88018798828125 1147
1695118287682 458.47320556640625 1148
1695118287866 468.63446044921875 1149
1695118288050 489.7130126953125 1150
1695118288225 463.242431640625 1151
1695118288404 478.84423828125 1152
1695118288594 460.1147766113281 1153
1695118288784 477.5756530761719 1154
1695118288973 444.2260437011719 1155
1695118289163 488.41357421875 1156
1695118289347 447.4078369140625 1157
1695118289522 446.15509033203125 1158
1695118289701 491.13824462890625 1159
1695118289878 486.9415588378906 1160
1695118290054 451.95367431640625 1161
1695118290230 484.48809814453125 1162
1695118290413 510.1315612792969 1163
1695118290598 475.7314758300781 1164
1695118290775 484.9241943359375 1165
1695118290954 456.1534118652344 1166
1695118291131 476.8330993652344 1167
1695118291311 484.3679504394531 1168
1695118291492 464.9837341308594 1169
1695118291670 473.25048828125 1170
1695118291849 440.8719177246094 1171
1695118292032 478.1177062988281 1172
1695118292212 469.8644104003906 1173
1695118292388 472.44000244140625 1174
1695118292568 476.664794921875 1175
1695118292752 487.53240966796875 1176
1695118292947 439.1532897949219 1177
1695118293136 444.64117431640625 1178
1695118293327 472.82373046875 1179
1695118293506 472.7104187011719 1180
1695118293681 479.5097961425781 1181
1695118293861 465.8971862792969 1182
1695118294042 457.6630859375 1183
1695118294217 444.035888671875 1184
1695118294396 521.203369140625 1185
1695118294573 454.2054138183594 1186
1695118294753 455.06719970703125 1187
1695118294937 448.2447814941406 1188
1695118295114 474.5392150878906 1189
1695118295289 475.8748779296875 1190
1695118295466 483.4683837890625 1191
1695118295648 446.0096130371094 1192
1695118295829 462.2679748535156 1193
1695118296010 429.83294677734375 1194
1695118296189 451.242919921875 1195
1695118296365 454.3941650390625 1196
1695118296541 466.67730712890625 1197
1695118296726 450.83465576171875 1198
1695118296904 444.54498291015625 1199
1695118297082 494.1146240234375 1200
1695118300808 434.04718017578125 1201
1695118300986 432.8689880371094 1202
1695118301175 438.9339904785156 1203
1695118301367 477.48486328125 1204
1695118301557 460.3582458496094 1205
1695118301749 447.8489990234375 1206
1695118301930 471.2852783203125 1207
1695118302106 468.262939453125 1208
1695118302281 447.58587646484375 1209
1695118302469 447.79583740234375 1210
1695118302653 429.1707458496094 1211
1695118302837 458.0726623535156 1212
1695118303025 472.9501953125 1213
1695118303220 480.3319091796875 1214
1695118303407 455.915771484375 1215
1695118303592 447.78497314453125 1216
1695118303779 468.651123046875 1217
1695118303970 454.3787536621094 1218
1695118304162 468.8976135253906 1219
1695118304357 476.00238037109375 1220
1695118304544 464.215087890625 1221
1695118304740 436.9609069824219 1222
1695118304929 458.9562072753906 1223
1695118305103 447.8941650390625 1224
1695118305278 454.7237243652344 1225
1695118305466 461.15313720703125 1226
1695118305650 465.8768615722656 1227
1695118305823 453.4311218261719 1228
1695118306007 444.85723876953125 1229
1695118306192 451.9609375 1230
1695118306368 478.0605163574219 1231
1695118306543 435.2383728027344 1232
1695118306717 467.9629211425781 1233
1695118306895 437.587158203125 1234
1695118307073 474.4195251464844 1235
1695118307248 453.83282470703125 1236
1695118307422 487.0321044921875 1237
1695118307596 442.445068359375 1238
1695118307771 445.09552001953125 1239
1695118307945 440.4952697753906 1240
1695118308120 457.1228942871094 1241
1695118308299 477.63360595703125 1242
1695118308472 456.2431640625 1243
1695118308647 446.0858459472656 1244
1695118308826 433.9938659667969 1245
1695118308999 477.32415771484375 1246
1695118309176 469.6487121582031 1247
1695118309351 467.97918701171875 1248
1695118309526 451.72735595703125 1249
1695118309702 459.47369384765625 1250
1695118309876 436.7856750488281 1251
1695118310053 452.643798828125 1252
1695118310251 453.6825866699219 1253
1695118310442 458.720947265625 1254
1695118310620 447.0997009277344 1255
1695118310799 465.9444274902344 1256
1695118310976 450.70587158203125 1257
1695118311151 492.21142578125 1258
1695118311327 447.8177490234375 1259
1695118311505 456.39599609375 1260
1695118311680 441.27227783203125 1261
1695118311855 462.396728515625 1262
1695118312030 433.202392578125 1263
1695118312205 464.76220703125 1264
1695118312379 465.6186218261719 1265
1695118312555 469.1888732910156 1266
1695118312730 465.28363037109375 1267
1695118312907 426.66204833984375 1268
1695118313083 451.05859375 1269
1695118313262 434.1950378417969 1270
1695118313439 461.28961181640625 1271
1695118313616 471.19921875 1272
1695118313794 458.148681640625 1273
1695118313971 448.834716796875 1274
1695118314147 449.0310363769531 1275
1695118314322 442.76507568359375 1276
1695118314498 457.2121276855469 1277
1695118314675 449.0920715332031 1278
1695118314851 429.0418701171875 1279
1695118315028 467.7844543457031 1280
1695118315204 460.70611572265625 1281
1695118315379 446.8849792480469 1282
1695118315557 455.1271667480469 1283
1695118315732 434.1658935546875 1284
1695118315908 446.83697509765625 1285
1695118316086 440.54498291015625 1286
1695118316262 462.6502685546875 1287
1695118316438 464.3504638671875 1288
1695118316614 428.52703857421875 1289
1695118316789 493.53375244140625 1290
1695118316963 473.3817443847656 1291
1695118317140 443.0496826171875 1292
1695118317316 463.5074157714844 1293
1695118317492 444.63372802734375 1294
1695118317669 440.305908203125 1295
1695118317845 439.0461120605469 1296
1695118318021 446.9852600097656 1297
1695118318198 425.30816650390625 1298
1695118318373 446.9110107421875 1299
1695118318548 445.35125732421875 1300
1695118322151 430.72637939453125 1301
1695118322326 421.1913146972656 1302
1695118322501 437.24176025390625 1303
1695118322675 469.0611877441406 1304
1695118322852 437.5379333496094 1305
1695118323030 435.99798583984375 1306
1695118323208 461.98797607421875 1307
1695118323385 431.931396484375 1308
1695118323560 423.580322265625 1309
1695118323735 470.5749206542969 1310
1695118323911 448.6910095214844 1311
1695118324087 456.7093505859375 1312
1695118324263 454.0222473144531 1313
1695118324439 478.4280700683594 1314
1695118324614 447.33544921875 1315
1695118324792 451.8716735839844 1316
1695118324967 457.28643798828125 1317
1695118325142 460.71435546875 1318
1695118325319 478.761962890625 1319
1695118325495 450.3170471191406 1320
1695118325672 478.4041442871094 1321
1695118325849 460.5077209472656 1322
1695118326025 424.6162109375 1323
1695118326201 424.9727783203125 1324
1695118326375 443.17474365234375 1325
1695118326552 471.86029052734375 1326
1695118326729 456.194091796875 1327
1695118326906 452.7139892578125 1328
1695118327082 463.76434326171875 1329
1695118327258 436.71630859375 1330
1695118327434 446.73291015625 1331
1695118327608 457.5660400390625 1332
1695118327783 443.9830627441406 1333
1695118327960 469.4183349609375 1334
1695118328136 448.7849426269531 1335
1695118328313 466.4930114746094 1336
1695118328488 455.7669677734375 1337
1695118328664 436.0550842285156 1338
1695118328840 435.6370544433594 1339
1695118329016 464.6219177246094 1340
1695118329192 462.3807373046875 1341
1695118329369 444.8138732910156 1342
1695118329545 445.83135986328125 1343
1695118329722 443.5483093261719 1344
1695118329897 444.6123352050781 1345
1695118330073 437.75634765625 1346
1695118330248 445.925048828125 1347
1695118330423 451.65521240234375 1348
1695118330597 455.9815979003906 1349
1695118330772 448.4120788574219 1350
1695118330949 444.1666259765625 1351
1695118331126 446.1995849609375 1352
1695118331302 433.29461669921875 1353
1695118331478 419.8514404296875 1354
1695118331654 442.4416809082031 1355
1695118331828 461.8895263671875 1356
1695118332002 440.2551574707031 1357
1695118332177 472.77801513671875 1358
1695118332351 419.38616943359375 1359
1695118332526 443.08172607421875 1360
1695118332701 453.52001953125 1361
1695118332876 437.21002197265625 1362
1695118333051 481.33441162109375 1363
1695118333228 441.0947265625 1364
1695118333404 470.75531005859375 1365
1695118333580 438.809814453125 1366
1695118333756 450.68634033203125 1367
1695118333933 452.3961486816406 1368
1695118334110 452.2766418457031 1369
1695118334286 437.8343200683594 1370
1695118334463 440.1575927734375 1371
1695118334639 466.4476318359375 1372
1695118334816 472.775634765625 1373
1695118334992 478.1383056640625 1374
1695118335166 457.3268737792969 1375
1695118335341 486.19451904296875 1376
1695118335518 440.1286926269531 1377
1695118335695 439.9345397949219 1378
1695118335871 457.5558166503906 1379
1695118336047 420.1648864746094 1380
1695118336224 436.761474609375 1381
1695118336402 469.7148742675781 1382
1695118336576 465.10821533203125 1383
1695118336753 444.5238342285156 1384
1695118336930 464.82763671875 1385
1695118337106 448.244384765625 1386
1695118337283 422.7870178222656 1387
1695118337459 457.7897644042969 1388
1695118337634 441.31866455078125 1389
1695118337808 448.994384765625 1390
1695118337983 485.47552490234375 1391
1695118338157 433.1510009765625 1392
1695118338332 455.2025146484375 1393
1695118338507 482.4554443359375 1394
1695118338684 462.9049987792969 1395
1695118338860 425.0756530761719 1396
1695118339036 442.5027770996094 1397
1695118339212 463.0387268066406 1398
1695118339389 450.4550476074219 1399
1695118339563 476.64007568359375 1400
1695118343228 452.7255554199219 1401
1695118343404 457.7025451660156 1402
1695118343580 450.7135314941406 1403
1695118343760 437.582763671875 1404
1695118343935 470.9718017578125 1405
1695118344110 443.8916931152344 1406
1695118344284 435.5897216796875 1407
1695118344461 461.0238037109375 1408
1695118344637 431.8181457519531 1409
1695118344813 455.87274169921875 1410
1695118344989 430.4410705566406 1411
1695118345164 455.9830322265625 1412
1695118345341 438.9835510253906 1413
1695118345516 414.1485290527344 1414
1695118345690 473.6534118652344 1415
1695118345865 441.0400085449219 1416
1695118346039 463.42987060546875 1417
1695118346214 451.2867126464844 1418
1695118346389 451.91510009765625 1419
1695118346567 445.1475830078125 1420
1695118346745 444.3370056152344 1421
1695118346920 446.86639404296875 1422
1695118347096 430.5849609375 1423
1695118347272 443.193603515625 1424
1695118347446 462.6969909667969 1425
1695118347621 451.8392028808594 1426
1695118347796 429.470947265625 1427
1695118347972 448.67608642578125 1428
1695118348148 431.0882568359375 1429
1695118348324 462.73419189453125 1430
1695118348500 414.908935546875 1431
1695118348675 453.6169128417969 1432
1695118348851 439.6238098144531 1433
1695118349026 457.5372009277344 1434
1695118349203 441.2604675292969 1435
1695118349377 445.70733642578125 1436
1695118349552 463.3160400390625 1437
1695118349726 460.26910400390625 1438
1695118349901 451.02081298828125 1439
1695118350077 433.8100891113281 1440
1695118350253 421.97900390625 1441
1695118350429 446.9126281738281 1442
1695118350606 463.0221252441406 1443
1695118350782 449.5997009277344 1444
1695118350958 474.34222412109375 1445
1695118351134 449.747314453125 1446
1695118351308 441.5897521972656 1447
1695118351484 417.9244079589844 1448
1695118351660 442.8551940917969 1449
1695118351836 421.9134521484375 1450
1695118352013 443.46612548828125 1451
1695118352188 483.4228515625 1452
1695118352364 427.12518310546875 1453
1695118352541 460.81329345703125 1454
1695118352715 435.8087463378906 1455
1695118352890 463.6312255859375 1456
1695118353067 447.2932434082031 1457
1695118353245 442.6242980957031 1458
1695118353421 447.6905822753906 1459
1695118353598 440.56427001953125 1460
1695118353783 440.94207763671875 1461
1695118353982 473.83453369140625 1462
1695118354176 422.4878845214844 1463
1695118354371 444.63446044921875 1464
1695118354575 455.6635437011719 1465
1695118354757 419.66400146484375 1466
1695118354933 450.9541320800781 1467
1695118355107 434.93377685546875 1468
1695118355281 440.2853698730469 1469
1695118355454 445.6905212402344 1470
1695118355632 444.4787902832031 1471
1695118355819 439.1618347167969 1472
1695118356007 443.9501953125 1473
1695118356193 446.24053955078125 1474
1695118356385 438.7063293457031 1475
1695118356577 459.6450500488281 1476
1695118356766 450.09283447265625 1477
1695118356955 428.9017639160156 1478
1695118357150 456.34747314453125 1479
1695118357340 487.18206787109375 1480
1695118357514 444.4793395996094 1481
1695118357688 444.0846862792969 1482
1695118357865 438.29547119140625 1483
1695118358040 455.3517761230469 1484
1695118358215 439.9444885253906 1485
1695118358389 436.44366455078125 1486
1695118358565 431.08001708984375 1487
1695118358738 448.9975891113281 1488
1695118358924 444.2110290527344 1489
1695118359107 444.136962890625 1490
1695118359291 418.0226135253906 1491
1695118359479 438.6551513671875 1492
1695118359664 425.35272216796875 1493
1695118359855 426.6612854003906 1494
1695118360043 425.29443359375 1495
1695118360233 460.36810302734375 1496
1695118360431 441.7405090332031 1497
1695118360628 426.01092529296875 1498
1695118360824 437.84686279296875 1499
1695118361012 428.6363525390625 1500
1695118364783 427.4190979003906 1501
1695118364962 435.7605285644531 1502
1695118365139 444.1047668457031 1503
1695118365313 434.71905517578125 1504
1695118365489 455.65045166015625 1505
1695118365668 457.0669250488281 1506
1695118365844 439.0776062011719 1507
1695118366034 411.6387634277344 1508
1695118366219 445.2086486816406 1509
1695118366393 432.18914794921875 1510
1695118366567 451.6649475097656 1511
1695118366740 443.6673583984375 1512
1695118366914 433.9767150878906 1513
1695118367087 452.8580017089844 1514
1695118367261 451.14898681640625 1515
1695118367435 446.92449951171875 1516
1695118367608 462.6128234863281 1517
1695118367781 438.2591857910156 1518
1695118367954 450.26544189453125 1519
1695118368130 452.02471923828125 1520
1695118368318 452.2198791503906 1521
1695118368503 440.51239013671875 1522
1695118368680 458.0486145019531 1523
1695118368853 469.51055908203125 1524
1695118369026 412.5040283203125 1525
1695118369199 435.86871337890625 1526
1695118369371 432.9617919921875 1527
1695118369547 426.9472961425781 1528
1695118369719 432.497802734375 1529
1695118369903 471.89056396484375 1530
1695118370091 439.0374450683594 1531
1695118370280 439.7434387207031 1532
1695118370457 426.37188720703125 1533
1695118370632 433.947021484375 1534
1695118370808 439.0811767578125 1535
1695118371004 440.60516357421875 1536
1695118371191 448.28369140625 1537
1695118371377 437.0928039550781 1538
1695118371562 445.7583312988281 1539
1695118371744 443.4994201660156 1540
1695118371936 433.4662170410156 1541
1695118372132 457.6285400390625 1542
1695118372320 430.5094299316406 1543
1695118372510 444.8240966796875 1544
1695118372706 468.169921875 1545
1695118372893 451.8729248046875 1546
1695118373067 441.219970703125 1547
1695118373243 445.8389892578125 1548
1695118373422 506.3377685546875 1549
1695118373596 417.0125732421875 1550
1695118373769 470.9473876953125 1551
1695118373943 442.2086181640625 1552
1695118374130 429.15972900390625 1553
1695118374307 439.0079345703125 1554
1695118374482 439.2237548828125 1555
1695118374657 437.21075439453125 1556
1695118374831 425.2777404785156 1557
1695118375005 466.46893310546875 1558
1695118375180 465.0525817871094 1559
1695118375352 454.8193664550781 1560
1695118375525 450.0994567871094 1561
1695118375699 440.269775390625 1562
1695118375872 457.60748291015625 1563
1695118376046 428.66839599609375 1564
1695118376220 473.52545166015625 1565
1695118376394 429.2906494140625 1566
1695118376567 425.7964782714844 1567
1695118376740 441.6853332519531 1568
1695118376914 423.4756774902344 1569
1695118377088 440.1766357421875 1570
1695118377261 431.4742126464844 1571
1695118377435 443.6249084472656 1572
1695118377608 452.6187438964844 1573
1695118377781 423.9200744628906 1574
1695118377954 446.9026184082031 1575
1695118378127 448.42236328125 1576
1695118378299 432.8230285644531 1577
1695118378473 457.77825927734375 1578
1695118378646 431.5549011230469 1579
1695118378818 414.3692626953125 1580
1695118378992 437.5619201660156 1581
1695118379165 445.04412841796875 1582
1695118379338 471.55615234375 1583
1695118379510 465.21441650390625 1584
1695118379683 464.751220703125 1585
1695118379855 425.1983642578125 1586
1695118380029 415.4405212402344 1587
1695118380206 455.1649169921875 1588
1695118380379 448.93304443359375 1589
1695118380552 433.5720520019531 1590
1695118380724 427.0655822753906 1591
1695118380897 441.8198547363281 1592
1695118381071 421.9058532714844 1593
1695118381245 423.7889709472656 1594
1695118381418 414.1207580566406 1595
1695118381591 422.89154052734375 1596
1695118381765 446.1278381347656 1597
1695118381939 437.6399230957031 1598
1695118382112 484.4686584472656 1599
1695118382289 435.8342590332031 1600
1695118385795 447.972900390625 1601
1695118385968 448.0870056152344 1602
1695118386141 456.95855712890625 1603
1695118386314 449.0753173828125 1604
1695118386491 430.94500732421875 1605
1695118386664 436.0123291015625 1606
1695118386837 428.18402099609375 1607
1695118387011 475.33331298828125 1608
1695118387185 438.5250244140625 1609
1695118387358 439.8498840332031 1610
1695118387532 450.2413635253906 1611
1695118387705 473.221923828125 1612
1695118387881 434.8092956542969 1613
1695118388054 439.02655029296875 1614
1695118388228 465.1205139160156 1615
1695118388401 435.91107177734375 1616
1695118388575 459.4943542480469 1617
1695118388748 428.7851257324219 1618
1695118388920 436.103759765625 1619
1695118389093 448.92620849609375 1620
1695118389266 428.4126281738281 1621
1695118389439 423.5131530761719 1622
1695118389616 434.75225830078125 1623
1695118389800 423.1504211425781 1624
1695118389976 441.1087951660156 1625
1695118390151 416.86102294921875 1626
1695118390324 448.2305908203125 1627
1695118390497 427.6183166503906 1628
1695118390686 424.82928466796875 1629
1695118390876 456.1781005859375 1630
1695118391075 443.15716552734375 1631
1695118391265 439.6458435058594 1632
1695118391441 432.5682373046875 1633
1695118391616 428.896240234375 1634
1695118391789 438.27801513671875 1635
1695118391965 437.7645263671875 1636
1695118392138 411.2926330566406 1637
1695118392310 431.9938659667969 1638
1695118392484 435.9019775390625 1639
1695118392656 431.87847900390625 1640
1695118392831 416.74169921875 1641
1695118393005 418.00701904296875 1642
1695118393177 460.3826904296875 1643
1695118393351 428.88531494140625 1644
1695118393525 423.6503601074219 1645
1695118393709 442.53863525390625 1646
1695118393884 435.10345458984375 1647
1695118394065 437.21356201171875 1648
1695118394241 435.89703369140625 1649
1695118394421 437.978759765625 1650
1695118394599 439.762939453125 1651
1695118394777 445.437744140625 1652
1695118394956 431.7276916503906 1653
1695118395134 452.173828125 1654
1695118395316 448.8977966308594 1655
1695118395488 420.2619323730469 1656
1695118395661 434.8755187988281 1657
1695118395843 423.6374206542969 1658
1695118396034 446.5736389160156 1659
1695118396215 456.9762878417969 1660
1695118396397 458.1880798339844 1661
1695118396585 429.01239013671875 1662
1695118396776 434.4107360839844 1663
1695118396960 446.8368835449219 1664
1695118397147 427.021240234375 1665
1695118397325 433.1954650878906 1666
1695118397500 427.3851318359375 1667
1695118397679 439.29669189453125 1668
1695118397873 443.0708312988281 1669
1695118398059 413.271240234375 1670
1695118398248 427.35223388671875 1671
1695118398430 457.69818115234375 1672
1695118398606 456.1000061035156 1673
1695118398790 435.9354248046875 1674
1695118398963 469.09478759765625 1675
1695118399138 420.7707214355469 1676
1695118399312 429.09881591796875 1677
1695118399493 420.9068603515625 1678
1695118399667 435.7164001464844 1679
1695118399853 457.86529541015625 1680
1695118400026 460.1074523925781 1681
1695118400201 446.12518310546875 1682
1695118400385 461.7362060546875 1683
1695118400562 437.45062255859375 1684
1695118400735 450.4126892089844 1685
1695118400912 433.25799560546875 1686
1695118401091 438.853515625 1687
1695118401274 426.8804016113281 1688
1695118401462 440.70318603515625 1689
1695118401651 437.4197082519531 1690
1695118401842 457.2868957519531 1691
1695118402028 428.4122314453125 1692
1695118402204 448.7174072265625 1693
1695118402384 471.693115234375 1694
1695118402559 457.6158142089844 1695
1695118402732 445.28082275390625 1696
1695118402909 414.7203063964844 1697
1695118403083 412.86572265625 1698
1695118403257 431.96600341796875 1699
1695118403432 414.816162109375 1700
1695118407056 472.54443359375 1701
1695118407232 420.09686279296875 1702
1695118407406 434.87799072265625 1703
1695118407578 428.4917907714844 1704
1695118407752 459.6927490234375 1705
1695118407928 424.0143737792969 1706
1695118408102 444.5692138671875 1707
1695118408275 435.2487487792969 1708
1695118408450 432.50994873046875 1709
1695118408622 449.0770263671875 1710
1695118408796 439.0975341796875 1711
1695118408970 432.2241516113281 1712
1695118409143 426.2206726074219 1713
1695118409319 436.4316101074219 1714
1695118409493 436.7156677246094 1715
1695118409667 424.60601806640625 1716
1695118409842 449.3156433105469 1717
1695118410016 411.54241943359375 1718
1695118410189 421.58355712890625 1719
1695118410364 434.38580322265625 1720
1695118410539 429.6571960449219 1721
1695118410711 427.65924072265625 1722
1695118410888 444.46234130859375 1723
1695118411061 415.3938903808594 1724
1695118411234 424.46307373046875 1725
1695118411410 467.4551696777344 1726
1695118411591 424.9736022949219 1727
1695118411779 446.30126953125 1728
1695118411967 434.09173583984375 1729
1695118412146 435.595703125 1730
1695118412334 438.29583740234375 1731
1695118412508 434.2744140625 1732
1695118412683 441.0281982421875 1733
1695118412857 415.0195617675781 1734
1695118413030 435.61761474609375 1735
1695118413217 419.5823059082031 1736
1695118413395 447.0313415527344 1737
1695118413568 452.21075439453125 1738
1695118413755 452.780029296875 1739
1695118413932 452.9429931640625 1740
1695118414105 433.5247497558594 1741
1695118414294 429.69073486328125 1742
1695118414471 428.00506591796875 1743
1695118414643 440.75225830078125 1744
1695118414818 421.2549133300781 1745
1695118414992 460.4546203613281 1746
1695118415164 440.5726318359375 1747
1695118415338 428.0684814453125 1748
1695118415512 469.30780029296875 1749
1695118415684 457.3662109375 1750
1695118415859 444.9613342285156 1751
1695118416032 433.87286376953125 1752
1695118416207 435.2884826660156 1753
1695118416382 430.1528625488281 1754
1695118416556 445.3760986328125 1755
1695118416731 417.7239990234375 1756
1695118416906 441.7500915527344 1757
1695118417080 438.00360107421875 1758
1695118417253 443.27532958984375 1759
1695118417428 433.9172058105469 1760
1695118417601 416.2146911621094 1761
1695118417776 454.7739562988281 1762
1695118417951 423.43988037109375 1763
1695118418125 438.427490234375 1764
1695118418298 436.73834228515625 1765
1695118418473 403.25341796875 1766
1695118418646 459.41522216796875 1767
1695118418819 421.5381164550781 1768
1695118418996 421.13330078125 1769
1695118419184 408.3667907714844 1770
1695118419364 427.55169677734375 1771
1695118419546 443.4109191894531 1772
1695118419722 454.7315673828125 1773
1695118419899 429.3245849609375 1774
1695118420075 419.3370666503906 1775
1695118420249 428.1054382324219 1776
1695118420425 444.9495544433594 1777
1695118420619 415.5173645019531 1778
1695118420804 442.1880187988281 1779
1695118421001 435.3726806640625 1780
1695118421199 436.0365905761719 1781
1695118421391 437.0577392578125 1782
1695118421575 433.42034912109375 1783
1695118421764 418.27862548828125 1784
1695118421946 431.6364440917969 1785
1695118422133 448.15814208984375 1786
1695118422315 420.4704284667969 1787
1695118422494 426.74627685546875 1788
1695118422672 398.96282958984375 1789
1695118422857 435.76275634765625 1790
1695118423042 412.4585876464844 1791
1695118423234 431.03497314453125 1792
1695118423423 406.5963439941406 1793
1695118423611 444.52349853515625 1794
1695118423802 450.96856689453125 1795
1695118423995 411.68304443359375 1796
1695118424170 420.04931640625 1797
1695118424344 424.12469482421875 1798
1695118424520 433.0533447265625 1799
1695118424693 459.4105529785156 1800
1695118428381 440.2293701171875 1801
1695118428556 425.2478942871094 1802
1695118428730 432.52978515625 1803
1695118428904 450.0616149902344 1804
1695118429078 423.22259521484375 1805
1695118429251 427.6770324707031 1806
1695118429425 419.3502197265625 1807
1695118429603 430.506591796875 1808
1695118429787 457.7247314453125 1809
1695118429972 440.2961120605469 1810
1695118430148 412.06512451171875 1811
1695118430324 455.42669677734375 1812
1695118430499 434.1169738769531 1813
1695118430675 408.2606201171875 1814
1695118430866 420.87579345703125 1815
1695118431054 421.741455078125 1816
1695118431240 441.9532775878906 1817
1695118431420 445.8372802734375 1818
1695118431595 462.7481994628906 1819
1695118431772 429.2601623535156 1820
1695118431946 416.4178466796875 1821
1695118432119 437.41778564453125 1822
1695118432294 432.76312255859375 1823
1695118432470 423.03900146484375 1824
1695118432648 453.3573303222656 1825
1695118432834 445.3170166015625 1826
1695118433011 447.5365905761719 1827
1695118433183 431.4951171875 1828
1695118433369 403.4305725097656 1829
1695118433563 429.211669921875 1830
1695118433754 421.80804443359375 1831
1695118433940 422.27056884765625 1832
1695118434141 428.1982727050781 1833
1695118434320 430.5530090332031 1834
1695118434493 426.83111572265625 1835
1695118434667 442.4546203613281 1836
1695118434844 416.4180603027344 1837
1695118435016 422.65447998046875 1838
1695118435189 422.5670166015625 1839
1695118435372 432.42425537109375 1840
1695118435557 436.9713134765625 1841
1695118435730 424.1677551269531 1842
1695118435903 404.5639343261719 1843
1695118436079 431.2647705078125 1844
1695118436251 429.90093994140625 1845
1695118436424 418.68804931640625 1846
1695118436597 424.8873291015625 1847
1695118436771 438.41424560546875 1848
1695118436945 435.5791015625 1849
1695118437118 420.638916015625 1850
1695118437292 429.52734375 1851
1695118437467 452.28271484375 1852
1695118437641 449.682861328125 1853
1695118437815 458.84259033203125 1854
1695118437988 430.4466552734375 1855
1695118438163 442.998779296875 1856
1695118438338 433.0318603515625 1857
1695118438512 450.1719665527344 1858
1695118438686 446.1130676269531 1859
1695118438860 441.6078796386719 1860
1695118439036 450.1201477050781 1861
1695118439209 414.6643981933594 1862
1695118439383 424.6482849121094 1863
1695118439556 425.2089538574219 1864
1695118439730 428.92022705078125 1865
1695118439903 447.8561706542969 1866
1695118440078 413.25665283203125 1867
1695118440252 436.7720031738281 1868
1695118440426 434.76959228515625 1869
1695118440600 422.5829162597656 1870
1695118440774 434.2667236328125 1871
1695118440949 407.52288818359375 1872
1695118441123 429.55328369140625 1873
1695118441297 434.9112548828125 1874
1695118441471 424.8487548828125 1875
1695118441644 421.65118408203125 1876
1695118441817 418.5099182128906 1877
1695118441990 420.3397216796875 1878
1695118442163 425.96234130859375 1879
1695118442358 418.0174255371094 1880
1695118442539 431.98486328125 1881
1695118442721 462.21966552734375 1882
1695118442899 420.93243408203125 1883
1695118443076 452.90728759765625 1884
1695118443254 415.7239685058594 1885
1695118443438 425.0630798339844 1886
1695118443613 426.58160400390625 1887
1695118443802 451.68902587890625 1888
1695118443992 414.6957092285156 1889
1695118444187 431.81378173828125 1890
1695118444362 421.00555419921875 1891
1695118444538 406.86468505859375 1892
1695118444713 424.14453125 1893
1695118444902 414.02911376953125 1894
1695118445089 441.2756042480469 1895
1695118445272 435.4831237792969 1896
1695118445455 427.9779968261719 1897
1695118445640 432.3004455566406 1898
1695118445817 429.894775390625 1899
1695118445990 428.4337463378906 1900
1695118449880 443.3404846191406 1901
1695118450068 416.68267822265625 1902
1695118450259 422.9342041015625 1903
1695118450442 422.3631591796875 1904
1695118450617 422.7782287597656 1905
1695118450790 436.027587890625 1906
1695118450964 417.35028076171875 1907
1695118451138 462.6184387207031 1908
1695118451315 416.5283203125 1909
1695118451502 421.8147888183594 1910
1695118451684 413.8316650390625 1911
1695118451856 434.1009216308594 1912
1695118452031 439.75762939453125 1913
1695118452203 422.6707763671875 1914
1695118452376 410.14837646484375 1915
1695118452550 427.410888671875 1916
1695118452735 437.3658752441406 1917
1695118452916 446.1092224121094 1918
1695118453089 437.26043701171875 1919
1695118453263 424.254150390625 1920
1695118453436 449.0569152832031 1921
1695118453609 411.13653564453125 1922
1695118453784 438.281005859375 1923
1695118453959 439.1540832519531 1924
1695118454133 451.2466125488281 1925
1695118454306 442.0126037597656 1926
1695118454480 417.68206787109375 1927
1695118454658 440.7449951171875 1928
1695118454831 407.153076171875 1929
1695118455004 433.42333984375 1930
1695118455176 430.53277587890625 1931
1695118455349 424.0503234863281 1932
1695118455522 453.3162536621094 1933
1695118455696 433.7945556640625 1934
1695118455869 433.5440979003906 1935
1695118456043 430.2514343261719 1936
1695118456216 413.1619873046875 1937
1695118456390 447.15789794921875 1938
1695118456564 432.9736022949219 1939
1695118456736 407.3551940917969 1940
1695118456909 420.18780517578125 1941
1695118457082 430.47662353515625 1942
1695118457256 431.2944641113281 1943
1695118457433 405.0013732910156 1944
1695118457606 416.4190979003906 1945
1695118457780 433.2619323730469 1946
1695118457957 434.0960693359375 1947
1695118458129 430.6983947753906 1948
1695118458303 407.0059814453125 1949
1695118458476 441.76300048828125 1950
1695118458651 415.8260498046875 1951
1695118458823 418.731689453125 1952
1695118459000 427.1770935058594 1953
1695118459175 430.10992431640625 1954
1695118459349 436.7033996582031 1955
1695118459528 462.76141357421875 1956
1695118459710 426.49981689453125 1957
1695118459883 410.02069091796875 1958
1695118460056 410.4138488769531 1959
1695118460230 421.0866394042969 1960
1695118460406 406.3397216796875 1961
1695118460579 405.4607238769531 1962
1695118460752 424.4330749511719 1963
1695118460925 436.08154296875 1964
1695118461099 422.0073547363281 1965
1695118461272 422.93316650390625 1966
1695118461446 443.32391357421875 1967
1695118461620 434.0483703613281 1968
1695118461794 408.73980712890625 1969
1695118461968 413.65679931640625 1970
1695118462141 423.03106689453125 1971
1695118462316 409.78912353515625 1972
1695118462489 425.0341796875 1973
1695118462664 426.34735107421875 1974
1695118462838 424.3945617675781 1975
1695118463012 448.3815612792969 1976
1695118463186 442.41656494140625 1977
1695118463360 411.0888366699219 1978
1695118463534 408.3945617675781 1979
1695118463707 424.7945556640625 1980
1695118463880 435.36248779296875 1981
1695118464053 442.3506774902344 1982
1695118464227 418.312255859375 1983
1695118464400 431.77972412109375 1984
1695118464573 434.9793395996094 1985
1695118464748 431.2323303222656 1986
1695118464921 420.1291198730469 1987
1695118465094 400.5673828125 1988
1695118465269 447.47119140625 1989
1695118465443 430.432861328125 1990
1695118465618 418.998779296875 1991
1695118465791 437.4352722167969 1992
1695118465964 434.36279296875 1993
1695118466139 420.9971618652344 1994
1695118466312 422.1440124511719 1995
1695118466486 412.9584655761719 1996
1695118466660 431.08160400390625 1997
1695118466833 423.3237609863281 1998
1695118467007 483.5096435546875 1999
1695118467181 404.7325744628906 2000
1695118470778 411.38873291015625 2001
1695118470952 413.21173095703125 2002
1695118471131 435.9931335449219 2003
1695118471304 411.4166259765625 2004
1695118471479 429.92919921875 2005
1695118471651 442.0258483886719 2006
1695118471825 439.97747802734375 2007
1695118471999 396.4453125 2008
1695118472173 426.3427734375 2009
1695118472346 412.88934326171875 2010
1695118472520 401.1706237792969 2011
1695118472694 443.40093994140625 2012
1695118472869 419.52105712890625 2013
1695118473042 405.41705322265625 2014
1695118473217 415.5732727050781 2015
1695118473390 413.4684753417969 2016
1695118473564 419.0386047363281 2017
1695118473740 425.0670166015625 2018
1695118473913 418.2035217285156 2019
1695118474088 428.3397216796875 2020
1695118474262 438.84503173828125 2021
1695118474436 429.8537902832031 2022
1695118474610 415.85101318359375 2023
1695118474783 446.0301513671875 2024
1695118474957 418.4425964355469 2025
1695118475130 417.5715637207031 2026
1695118475304 418.8804931640625 2027
1695118475478 422.9429016113281 2028
1695118475651 408.3967590332031 2029
1695118475823 439.98162841796875 2030
1695118475997 432.4176025390625 2031
1695118476169 416.0728454589844 2032
1695118476345 416.19732666015625 2033
1695118476520 408.31256103515625 2034
1695118476701 417.79742431640625 2035
1695118476886 418.6851806640625 2036
1695118477071 419.2944641113281 2037
1695118477247 421.24090576171875 2038
1695118477422 427.3676452636719 2039
1695118477595 396.4270935058594 2040
1695118477779 437.47454833984375 2041
1695118477963 428.72381591796875 2042
1695118478138 415.7871398925781 2043
1695118478327 428.8524169921875 2044
1695118478521 402.90570068359375 2045
1695118478713 416.42071533203125 2046
1695118478902 426.7587890625 2047
1695118479101 406.633544921875 2048
1695118479284 446.70196533203125 2049
1695118479457 410.6195068359375 2050
1695118479630 429.6139831542969 2051
1695118479807 429.18096923828125 2052
1695118479986 416.87921142578125 2053
1695118480172 423.6888427734375 2054
1695118480350 428.38189697265625 2055
1695118480524 413.49041748046875 2056
1695118480700 454.31390380859375 2057
1695118480884 424.1989440917969 2058
1695118481065 420.78106689453125 2059
1695118481252 424.7217102050781 2060
1695118481442 394.3551940917969 2061
1695118481635 410.0614929199219 2062
1695118481825 414.46624755859375 2063
