1695125481616 2112.6484375 0
1695125485357 2156.726318359375 1
1695125485534 2212.1591796875 2
1695125485710 2214.843505859375 3
1695125485890 2037.765625 4
1695125486064 2151.210205078125 5
1695125486239 2085.281005859375 6
1695125486414 2091.326904296875 7
1695125486588 2015.679931640625 8
1695125486765 2024.8466796875 9
1695125486943 2014.52490234375 10
1695125487120 1943.103759765625 11
1695125487296 1929.27783203125 12
1695125487474 1936.0877685546875 13
1695125487650 1888.164306640625 14
1695125487827 1793.627197265625 15
1695125488003 1887.4227294921875 16
1695125488179 1787.5947265625 17
1695125488355 1793.472412109375 18
1695125488531 1829.1875 19
1695125488706 1695.0916748046875 20
1695125488882 1653.52294921875 21
1695125489058 1792.735595703125 22
1695125489236 1661.309814453125 23
1695125489415 1715.350341796875 24
1695125489589 1612.6910400390625 25
1695125489764 1712.6336669921875 26
1695125489939 1718.104248046875 27
1695125490117 1655.12744140625 28
1695125490293 1633.052490234375 29
1695125490470 1738.30859375 30
1695125490647 1642.8695068359375 31
1695125490824 1621.9453125 32
1695125491001 1611.521240234375 33
1695125491176 1603.17041015625 34
1695125491352 1623.951171875 35
1695125491529 1556.8056640625 36
1695125491706 1503.228515625 37
1695125491882 1507.960693359375 38
1695125492059 1504.8046875 39
1695125492236 1540.778076171875 40
1695125492413 1505.3203125 41
1695125492590 1419.2840576171875 42
1695125492768 1513.852783203125 43
1695125492945 1575.18359375 44
1695125493121 1535.1474609375 45
1695125493299 1462.960205078125 46
1695125493476 1465.3004150390625 47
1695125493652 1408.025146484375 48
1695125493828 1463.620849609375 49
1695125494005 1443.9102783203125 50
1695125494182 1348.7830810546875 51
1695125494361 1337.29443359375 52
1695125494537 1525.6732177734375 53
1695125494714 1456.730712890625 54
1695125494894 1390.0078125 55
1695125495072 1372.4490966796875 56
1695125495248 1444.029541015625 57
1695125495424 1337.2025146484375 58
1695125495599 1383.92041015625 59
1695125495781 1369.4150390625 60
1695125495957 1369.07958984375 61
1695125496133 1349.432861328125 62
1695125496308 1368.369384765625 63
1695125496485 1260.770751953125 64
1695125496662 1334.55224609375 65
1695125496840 1274.98876953125 66
1695125497018 1314.3466796875 67
1695125497194 1323.8636474609375 68
1695125497373 1262.4783935546875 69
1695125497547 1238.384033203125 70
1695125497728 1241.5205078125 71
1695125497906 1251.800537109375 72
1695125498087 1276.768310546875 73
1695125498264 1248.6241455078125 74
1695125498440 1244.448974609375 75
1695125498620 1275.133544921875 76
1695125498796 1246.07373046875 77
1695125498973 1217.4931640625 78
1695125499149 1234.3851318359375 79
1695125499327 1234.5770263671875 80
1695125499504 1237.1761474609375 81
1695125499689 1203.1561279296875 82
1695125499866 1275.7633056640625 83
1695125500043 1194.088134765625 84
1695125500220 1222.3585205078125 85
1695125500396 1272.621826171875 86
1695125500572 1206.7626953125 87
1695125500749 1223.8466796875 88
1695125500926 1313.61328125 89
1695125501104 1210.31494140625 90
1695125501280 1182.73876953125 91
1695125501470 1254.1297607421875 92
1695125501660 1173.636962890625 93
1695125501850 1209.580078125 94
1695125502042 1263.0517578125 95
1695125502227 1106.633544921875 96
1695125502404 1140.06640625 97
1695125502585 1122.284912109375 98
1695125502759 1277.46044921875 99
1695125502935 1208.167724609375 100
1695125506820 1151.65380859375 101
1695125506998 1182.2208251953125 102
1695125507181 1090.8883056640625 103
1695125507359 1171.93896484375 104
1695125507537 1190.29638671875 105
1695125507715 1171.8367919921875 106
1695125507890 1133.441162109375 107
1695125508072 1123.73779296875 108
1695125508252 1177.5130615234375 109
1695125508432 1128.8271484375 110
1695125508611 1089.692626953125 111
1695125508786 1135.7283935546875 112
1695125508970 1073.3919677734375 113
1695125509152 1076.1376953125 114
1695125509331 1142.6439208984375 115
1695125509509 1130.1920166015625 116
1695125509684 1133.4857177734375 117
1695125509859 1055.857421875 118
1695125510037 1171.48193359375 119
1695125510216 1097.390625 120
1695125510396 1094.63037109375 121
1695125510581 1041.0416259765625 122
1695125510759 1067.4495849609375 123
1695125510939 1034.5823974609375 124
1695125511116 1116.693115234375 125
1695125511297 1140.345947265625 126
1695125511474 1028.99169921875 127
1695125511652 1048.3568115234375 128
1695125511833 1091.5595703125 129
1695125512014 1004.49755859375 130
1695125512192 1028.642822265625 131
1695125512370 1056.9576416015625 132
1695125512548 1078.803955078125 133
1695125512725 1004.05322265625 134
1695125512911 1105.17578125 135
1695125513088 1037.703125 136
1695125513263 1041.728759765625 137
1695125513443 1016.1544189453125 138
1695125513625 1043.0693359375 139
1695125513802 994.3092041015625 140
1695125513981 1094.0557861328125 141
1695125514158 1032.7762451171875 142
1695125514336 1002.071044921875 143
1695125514511 1083.56201171875 144
1695125514688 970.84033203125 145
1695125514871 1004.5938720703125 146
1695125515051 991.073486328125 147
1695125515229 990.5614013671875 148
1695125515407 980.1758422851562 149
1695125515584 1129.2843017578125 150
1695125515765 1036.703125 151
1695125515942 984.4702758789062 152
1695125516118 1054.6173095703125 153
1695125516296 942.640380859375 154
1695125516472 988.173583984375 155
1695125516650 944.0383911132812 156
1695125516827 1061.59912109375 157
1695125517006 1003.2860717773438 158
1695125517183 957.9097290039062 159
1695125517360 1008.333740234375 160
1695125517539 1000.8790283203125 161
1695125517714 959.97509765625 162
1695125517889 953.46044921875 163
1695125518066 986.8876953125 164
1695125518245 944.6400756835938 165
1695125518427 968.26611328125 166
1695125518604 954.5753784179688 167
1695125518781 944.5960693359375 168
1695125518957 926.420654296875 169
1695125519134 942.7742919921875 170
1695125519310 983.3175659179688 171
1695125519493 969.2403564453125 172
1695125519674 1002.0072631835938 173
1695125519852 1018.7804565429688 174
1695125520030 1046.960205078125 175
1695125520208 955.9114379882812 176
1695125520391 893.410400390625 177
1695125520572 993.4977416992188 178
1695125520754 1087.6123046875 179
1695125520933 953.888916015625 180
1695125521122 944.7427978515625 181
1695125521312 912.8876342773438 182
1695125521501 918.4373779296875 183
1695125521691 915.9434204101562 184
1695125521872 945.091552734375 185
1695125522048 895.435546875 186
1695125522225 980.462646484375 187
1695125522405 999.858642578125 188
1695125522581 998.5383911132812 189
1695125522760 964.0872802734375 190
1695125522938 985.1953735351562 191
1695125523115 932.6839599609375 192
1695125523294 944.8885498046875 193
1695125523471 922.685791015625 194
1695125523648 873.9421997070312 195
1695125523825 889.69775390625 196
1695125524001 952.012939453125 197
1695125524179 896.9537353515625 198
1695125524355 929.2977294921875 199
1695125524532 932.5128784179688 200
