1694166622455 0.9774486422538757 0
1694166624366 1.1358872652053833 1
1694166626195 0.7996295690536499 2
1694166627998 0.7264258861541748 3
1694166629804 0.5958499312400818 4
1694166631620 0.5247474908828735 5
1694166633413 0.5042697191238403 6
1694166635220 0.48150917887687683 7
1694166637035 0.5031483769416809 8
1694166638845 0.47192126512527466 9
1694166640914 0.43864142894744873 10
1694166642897 0.4293334484100342 11
1694166644850 0.42210620641708374 12
1694166646766 0.40139010548591614 13
1694166648721 0.4196974039077759 14
1694166650658 0.43872106075286865 15
1694166652515 0.38505154848098755 16
1694166654503 0.4186088740825653 17
1694166656423 0.37398624420166016 18
1694166658410 0.38994207978248596 19
1694166660382 0.3837769329547882 20
1694166662357 0.3670302629470825 21
1694166664285 0.3578692376613617 22
1694166666228 0.34895968437194824 23
1694166668426 0.31958338618278503 24
1694166670436 0.33766067028045654 25
1694166672268 0.3050263524055481 26
1694166674084 0.3258051872253418 27
1694166675886 0.30069637298583984 28
1694166677884 0.2977999746799469 29
1694166679784 0.28014087677001953 30
1694166681683 0.3105255365371704 31
1694166683512 0.29069459438323975 32
1694166685353 0.31467777490615845 33
1694166687351 0.3012860119342804 34
1694166689186 0.2792690694332123 35
1694166691041 0.28772398829460144 36
1694166693032 0.25407078862190247 37
1694166694842 0.2730802297592163 38
1694166696662 0.2731240689754486 39
1694166698613 0.27762702107429504 40
1694166700439 0.2514926493167877 41
1694166702252 0.2587807774543762 42
1694166704088 0.29013240337371826 43
1694166705898 0.2607724666595459 44
1694166707876 0.28638675808906555 45
1694166709689 0.24608877301216125 46
1694166711495 0.28276610374450684 47
1694166713341 0.2760591208934784 48
1694166715155 0.2549133002758026 49
1694166716996 0.2623753845691681 50
1694166718838 0.27122005820274353 51
1694166720634 0.2933363914489746 52
1694166722453 0.25016117095947266 53
1694166724284 0.2699762284755707 54
1694166726094 0.23665522038936615 55
1694166728065 0.2417805790901184 56
1694166729875 0.261738657951355 57
1694166731700 0.2491980940103531 58
1694166733540 0.22953812777996063 59
1694166735388 0.2373606264591217 60
1694166737186 0.24846531450748444 61
1694166738992 0.2224263697862625 62
1694166740814 0.22364024817943573 63
1694166742610 0.2543811798095703 64
1694166744406 0.2632237672805786 65
1694166746214 0.24403047561645508 66
1694166748259 0.24018482863903046 67
1694166750053 0.22643373906612396 68
1694166751880 0.20666460692882538 69
1694166753688 0.22799381613731384 70
1694166755483 0.2436368465423584 71
1694166757286 0.22329948842525482 72
1694166759101 0.24003182351589203 73
1694166760903 0.24677450954914093 74
1694166762706 0.21847018599510193 75
1694166764517 0.23605558276176453 76
1694166766336 0.2272118479013443 77
1694166768316 0.19302432239055634 78
1694166770117 0.2129550278186798 79
1694166771934 0.25243473052978516 80
1694166773725 0.22507771849632263 81
1694166775525 0.21367228031158447 82
1694166777318 0.2394183874130249 83
1694166779135 0.22954966127872467 84
1694166780936 0.2129794806241989 85
1694166782730 0.22883374989032745 86
1694166784523 0.2006945163011551 87
1694166786313 0.2373475432395935 88
1694166788270 0.22958026826381683 89
1694166790065 0.23519189655780792 90
1694166791877 0.2355414628982544 91
1694166793668 0.22465215623378754 92
1694166795470 0.2089131474494934 93
1694166797310 0.2209024280309677 94
1694166799135 0.21472632884979248 95
1694166800945 0.2004813700914383 96
1694166802751 0.22196830809116364 97
1694166804554 0.18647827208042145 98
1694166806353 0.20695854723453522 99
1694166808317 0.2115650475025177 100
1694166810131 0.21552635729312897 101
1694166811938 0.21737335622310638 102
1694166813742 0.19043073058128357 103
1694166815546 0.21827632188796997 104
1694166817345 0.21056565642356873 105
1694166819162 0.2245369553565979 106
1694166821049 0.2165202647447586 107
1694166822866 0.2154177725315094 108
1694166824670 0.22414007782936096 109
1694166826473 0.20279958844184875 110
1694166828439 0.1982845962047577 111
1694166830246 0.21705831587314606 112
1694166832048 0.18155546486377716 113
1694166833848 0.2039836198091507 114
1694166835649 0.20694082975387573 115
1694166837522 0.1929771453142166 116
1694166839332 0.2191760092973709 117
1694166841136 0.20003116130828857 118
1694166842939 0.18969257175922394 119
1694166844742 0.1998249590396881 120
1694166846560 0.17710839211940765 121
1694166848546 0.18926061689853668 122
1694166850361 0.18103760480880737 123
1694166852164 0.21420079469680786 124
1694166853974 0.20013874769210815 125
1694166855782 0.18848250806331635 126
1694166857758 0.20419828593730927 127
1694166859568 0.20239287614822388 128
1694166861374 0.1582813560962677 129
1694166863175 0.18526878952980042 130
1694166864979 0.1865842342376709 131
1694166866785 0.20033426582813263 132
1694166868646 0.18216687440872192 133
1694166870450 0.16538125276565552 134
1694166872263 0.17561140656471252 135
1694166874072 0.18684306740760803 136
1694166875862 0.1785442978143692 137
1694166877837 0.21114543080329895 138
1694166879660 0.1953536868095398 139
1694166881485 0.1767229437828064 140
1694166883284 0.16710449755191803 141
1694166885130 0.19162267446517944 142
1694166886998 0.199581578373909 143
1694166888858 0.16295917332172394 144
1694166890694 0.17386528849601746 145
1694166892585 0.24914444983005524 146
1694166894527 0.161797896027565 147
1694166896347 0.18338996171951294 148
1694166898324 0.18280474841594696 149
1694166900147 0.1880495846271515 150
1694166902141 0.1778797060251236 151
1694166903953 0.1856890171766281 152
1694166905781 0.17446386814117432 153
1694166907749 0.1790781468153 154
1694166909575 0.17061644792556763 155
1694166911380 0.17580300569534302 156
1694166913185 0.1803392469882965 157
1694166914991 0.17212529480457306 158
1694166916804 0.2127966731786728 159
1694166918642 0.17754147946834564 160
1694166920436 0.17231479287147522 161
1694166922227 0.17953892052173615 162
1694166924036 0.17330117523670197 163
1694166925853 0.1915159374475479 164
1694166927835 0.17449291050434113 165
1694166929659 0.20661182701587677 166
1694166931474 0.21004553139209747 167
1694166933290 0.19383558630943298 168
1694166935107 0.1879487931728363 169
1694166936908 0.17939406633377075 170
1694166938726 0.1909775286912918 171
1694166940549 0.20858235657215118 172
1694166942369 0.17508834600448608 173
1694166944162 0.2061203122138977 174
1694166945986 0.15639221668243408 175
1694166947953 0.15759091079235077 176
1694166949758 0.1671568751335144 177
1694166951573 0.15540815889835358 178
1694166953395 0.18563297390937805 179
1694166955218 0.16027407348155975 180
1694166957032 0.1622433066368103 181
1694166958875 0.1903315633535385 182
1694166960824 0.1554199755191803 183
1694166962798 0.1776348352432251 184
1694166964679 0.17942441999912262 185
1694166966588 0.18926963210105896 186
1694166968595 0.17400899529457092 187
1694166970411 0.18249203264713287 188
1694166972221 0.1754470318555832 189
1694166974032 0.1705634891986847 190
1694166975839 0.1827172338962555 191
1694166977814 0.2054394781589508 192
1694166979620 0.20047304034233093 193
1694166981436 0.17635278403759003 194
1694166983225 0.14222563803195953 195
1694166985029 0.1910344809293747 196
1694166986847 0.20072327554225922 197
1694166988663 0.20574060082435608 198
1694166990472 0.20108121633529663 199
1694166992289 0.1791800558567047 200
1694166994101 0.19046232104301453 201
1694166995924 0.15979358553886414 202
1694166997892 0.14775918424129486 203
1694166999701 0.16876859962940216 204
1694167001516 0.17738375067710876 205
1694167003330 0.189358189702034 206
1694167005134 0.18294362723827362 207
1694167006947 0.1684957593679428 208
1694167008762 0.17655646800994873 209
1694167010582 0.19109028577804565 210
1694167012382 0.15031030774116516 211
1694167014214 0.16870896518230438 212
1694167016028 0.14304673671722412 213
1694167018003 0.1616879552602768 214
1694167019808 0.18710671365261078 215
1694167021622 0.18944798409938812 216
1694167023432 0.17877380549907684 217
1694167025226 0.15641334652900696 218
1694167027043 0.18876737356185913 219
1694167028878 0.16503699123859406 220
1694167030686 0.1544952392578125 221
1694167032496 0.18460263311862946 222
1694167034304 0.16797742247581482 223
1694167036219 0.14274175465106964 224
1694167038196 0.19201324880123138 225
1694167039993 0.1762889176607132 226
1694167041785 0.14832983911037445 227
1694167043600 0.1588515043258667 228
1694167045399 0.15029333531856537 229
1694167047207 0.1636735498905182 230
1694167049032 0.16762861609458923 231
1694167050829 0.16095075011253357 232
1694167052626 0.17604263126850128 233
1694167054429 0.14454177021980286 234
1694167056231 0.15030892193317413 235
1694167058193 0.1612372100353241 236
1694167059995 0.1453634649515152 237
1694167061806 0.13083970546722412 238
1694167063617 0.16306354105472565 239
1694167065437 0.1903935819864273 240
1694167067239 0.14794747531414032 241
1694167069070 0.14573541283607483 242
1694167070874 0.1470029205083847 243
1694167072678 0.15424183011054993 244
1694167074489 0.16468095779418945 245
1694167076289 0.16769365966320038 246
1694167078247 0.15500138700008392 247
1694167080067 0.16076788306236267 248
1694167081881 0.16020868718624115 249
1694167083694 0.16246823966503143 250
1694167085494 0.1837112307548523 251
1694167087290 0.17236654460430145 252
1694167089118 0.16707895696163177 253
1694167090979 0.16639193892478943 254
