1695119666352 3248.738525390625 0
1695119670123 3207.77392578125 1
1695119670300 3011.67626953125 2
1695119670478 3131.83740234375 3
1695119670655 4765.12548828125 4
1695119670829 3038.96435546875 5
1695119671005 3115.05908203125 6
1695119671180 3020.14013671875 7
1695119671356 2940.3662109375 8
1695119671534 3842.792724609375 9
1695119671710 2785.964599609375 10
1695119671887 2580.0380859375 11
1695119672063 6394.15673828125 12
1695119672239 2841.296142578125 13
1695119672414 2439.85546875 14
1695119672590 5061.05810546875 15
1695119672768 2514.551025390625 16
1695119672943 5673.04296875 17
1695119673119 2178.06494140625 18
1695119673296 5130.9013671875 19
1695119673472 3575.31982421875 20
1695119673650 2296.533203125 21
1695119673827 2286.7548828125 22
1695119674005 2219.115966796875 23
1695119674182 2274.046875 24
1695119674357 2243.9140625 25
1695119674535 2166.66015625 26
1695119674712 2179.45654296875 27
1695119674889 2195.0673828125 28
1695119675064 2187.8046875 29
1695119675241 2235.286865234375 30
1695119675420 2137.9873046875 31
1695119675597 2318.459228515625 32
1695119675776 2195.204833984375 33
1695119675952 2262.112060546875 34
1695119676128 2134.36328125 35
1695119676307 2135.938720703125 36
1695119676485 2149.326904296875 37
1695119676662 2136.3662109375 38
1695119676838 2381.086181640625 39
1695119677016 2177.574462890625 40
1695119677193 2134.599609375 41
1695119677371 2141.31396484375 42
1695119677547 2144.5576171875 43
1695119677723 2166.74365234375 44
1695119677901 2236.67822265625 45
1695119678078 2135.208984375 46
1695119678256 83844.2109375 47
1695119678436 2107.2080078125 48
1695119678612 2260.265625 49
1695119678789 2224.903076171875 50
1695119678966 2184.0400390625 51
1695119679140 2238.98974609375 52
1695119679316 2140.306396484375 53
1695119679492 2185.482177734375 54
1695119679668 2318.626708984375 55
1695119679845 2253.131591796875 56
1695119680022 2192.351806640625 57
1695119680199 2226.293701171875 58
1695119680375 2143.826416015625 59
1695119680551 2134.520263671875 60
1695119680726 83562.59375 61
1695119680901 2205.446533203125 62
1695119681079 2101.360595703125 63
1695119681256 2259.640625 64
1695119681431 2291.5146484375 65
1695119681605 2015.15673828125 66
1695119681781 2171.181396484375 67
1695119681956 2230.524169921875 68
1695119682130 2249.302978515625 69
1695119682304 2325.89599609375 70
1695119682480 2001.516845703125 71
1695119682655 2192.466552734375 72
1695119682831 2204.09912109375 73
1695119683008 2191.980224609375 74
1695119683185 2197.1064453125 75
1695119683361 2135.34326171875 76
1695119683536 2247.877685546875 77
1695119683713 2252.5546875 78
1695119683892 2142.396240234375 79
1695119684070 2173.208251953125 80
1695119684250 34883.015625 81
1695119684426 2887.950439453125 82
1695119684604 2325.28662109375 83
1695119684780 9005.908203125 84
1695119684958 41576.25390625 85
1695119685132 2849.65283203125 86
1695119685308 2175.36279296875 87
1695119685485 2485.656494140625 88
1695119685662 2235.197509765625 89
1695119685839 2137.104248046875 90
1695119686016 2144.489013671875 91
1695119686191 2138.5146484375 92
1695119686366 2161.005859375 93
1695119686542 2269.701416015625 94
1695119686717 2183.05810546875 95
1695119686896 2173.052734375 96
1695119687077 2262.583984375 97
1695119687252 2225.429931640625 98
1695119687428 2133.604248046875 99
1695119687603 2210.6552734375 100
1695119691677 2139.714111328125 101
1695119691852 2208.498291015625 102
1695119692029 2188.7646484375 103
