1694168647862 2.654664993286133 0
1694168649332 2.37801456451416 1
1694168650759 1.9921194314956665 2
1694168652176 1.9148683547973633 3
1694168653586 1.7088466882705688 4
1694168655025 1.602477788925171 5
1694168656796 1.5529041290283203 6
1694168658395 1.5137439966201782 7
1694168659981 1.5065274238586426 8
1694168661484 1.4408180713653564 9
1694168662957 1.4065451622009277 10
1694168664495 1.3864904642105103 11
1694168665982 1.3573344945907593 12
1694168667411 1.3206207752227783 13
1694168668820 1.3471784591674805 14
1694168670228 1.3292696475982666 15
1694168671634 1.2554014921188354 16
1694168673042 1.2601155042648315 17
1694168674467 1.2475645542144775 18
1694168675892 1.2105340957641602 19
1694168677296 1.1860662698745728 20
1694168678699 1.1837619543075562 21
1694168680104 1.1083287000656128 22
1694168681497 1.0906617641448975 23
1694168682892 1.0426025390625 24
1694168684286 1.0277926921844482 25
1694168685713 0.9781666994094849 26
1694168687109 0.9860184192657471 27
1694168688508 0.9844609498977661 28
1694168689921 0.9149373769760132 29
1694168691314 0.8720014691352844 30
1694168692703 0.8939917683601379 31
1694168694192 0.846631646156311 32
1694168695614 0.8960771560668945 33
1694168697032 0.8321803212165833 34
1694168698441 0.7845001220703125 35
1694168699856 0.7835800051689148 36
1694168701272 0.7613766193389893 37
1694168702686 0.7744976282119751 38
1694168704079 0.7294855117797852 39
1694168705509 0.7345786094665527 40
1694168706921 0.7233963012695312 41
1694168708344 0.7269281148910522 42
1694168709756 0.7472450733184814 43
1694168711164 0.6990047693252563 44
1694168712695 0.7088471055030823 45
1694168714128 0.6603331565856934 46
1694168715534 0.685325026512146 47
1694168716959 0.6547951698303223 48
1694168718390 0.6387372612953186 49
1694168719805 0.6434829831123352 50
1694168721224 0.6341257095336914 51
1694168722640 0.6454123258590698 52
1694168724070 0.5958648920059204 53
1694168725482 0.6523441076278687 54
1694168726916 0.5872572064399719 55
1694168728383 0.5860570073127747 56
1694168729846 0.6066739559173584 57
1694168731293 0.6437404751777649 58
1694168732730 0.5840214490890503 59
1694168734158 0.5578976273536682 60
1694168735598 0.5584803819656372 61
1694168737079 0.5464880466461182 62
1694168738529 0.5487858653068542 63
1694168739982 0.5542347431182861 64
1694168741450 0.5590348243713379 65
1694168742881 0.5233222842216492 66
1694168744333 0.5108541250228882 67
1694168745769 0.5342185497283936 68
1694168747201 0.5168545842170715 69
1694168748656 0.519910454750061 70
1694168750101 0.523820698261261 71
1694168751543 0.4745752215385437 72
1694168752995 0.5039844512939453 73
1694168754459 0.5303341150283813 74
1694168755903 0.5384532809257507 75
1694168757373 0.5891396999359131 76
1694168758834 0.5117025971412659 77
1694168760285 0.43318718671798706 78
1694168761724 0.47559303045272827 79
1694168763407 0.4965607821941376 80
1694168765149 0.49486976861953735 81
1694168766735 0.472890168428421 82
1694168768167 0.4851967692375183 83
1694168769575 0.49322977662086487 84
1694168770982 0.4487094283103943 85
1694168772415 0.4874926805496216 86
1694168773944 0.43069711327552795 87
