1695125219766 2224.372314453125 0
1695125223874 2228.63623046875 1
1695125224066 2101.49560546875 2
1695125224260 2133.05712890625 3
1695125224437 2228.267822265625 4
1695125224623 2010.0518798828125 5
1695125224809 2087.36376953125 6
1695125225005 2113.775390625 7
1695125225195 2054.961669921875 8
1695125225389 2009.138671875 9
1695125225576 2026.2142333984375 10
1695125225751 1895.1785888671875 11
1695125225939 1934.1240234375 12
1695125226127 1925.03564453125 13
1695125226299 1870.783447265625 14
1695125226474 1904.84716796875 15
1695125226657 1763.10205078125 16
1695125226848 1841.2872314453125 17
1695125227022 1740.937255859375 18
1695125227200 1797.796875 19
1695125227381 1769.3154296875 20
1695125227578 1787.9169921875 21
1695125227756 1798.314453125 22
1695125227934 1694.72119140625 23
1695125228125 1712.621337890625 24
1695125228313 1685.1689453125 25
1695125228491 1718.91650390625 26
1695125228675 1702.216796875 27
1695125228861 1702.931396484375 28
1695125229043 1715.239501953125 29
1695125229229 1688.6016845703125 30
1695125229416 1668.61962890625 31
1695125229601 1655.9215087890625 32
1695125229787 1653.1419677734375 33
1695125229974 1489.43505859375 34
1695125230163 1655.39404296875 35
1695125230340 1582.909912109375 36
1695125230529 1556.406982421875 37
1695125230715 1557.158203125 38
1695125230890 1716.913330078125 39
1695125231064 1514.653076171875 40
1695125231244 1538.7271728515625 41
1695125231435 1528.9119873046875 42
1695125231618 1497.8948974609375 43
1695125231802 1615.646728515625 44
1695125231994 1434.3363037109375 45
1695125232184 1498.7960205078125 46
1695125232372 1417.53515625 47
1695125232549 1513.22021484375 48
1695125232738 1554.599609375 49
1695125232916 1384.01171875 50
1695125233093 1443.0899658203125 51
1695125233283 1467.45556640625 52
1695125233471 1399.205322265625 53
1695125233658 1393.6195068359375 54
1695125233839 1323.51611328125 55
1695125234026 1315.717041015625 56
1695125234200 1415.38525390625 57
1695125234377 1435.0994873046875 58
1695125234552 1377.152099609375 59
1695125234740 1362.115478515625 60
1695125234928 1367.961669921875 61
1695125235116 1374.086181640625 62
1695125235298 1297.8819580078125 63
1695125235470 1314.871826171875 64
1695125235643 1246.306396484375 65
1695125235818 1264.5244140625 66
1695125236004 1372.895751953125 67
1695125236191 1316.9605712890625 68
1695125236383 1209.8507080078125 69
1695125236572 1235.466552734375 70
1695125236761 1314.1142578125 71
1695125236956 1271.547607421875 72
1695125237148 1255.52880859375 73
1695125237341 1312.962890625 74
1695125237525 1281.094970703125 75
1695125237704 1280.3714599609375 76
1695125237891 1309.8106689453125 77
1695125238070 1278.63623046875 78
1695125238255 1215.185791015625 79
1695125238444 1293.9447021484375 80
1695125238619 1203.340576171875 81
1695125238798 1268.2628173828125 82
1695125238990 1211.685302734375 83
1695125239181 1346.0521240234375 84
1695125239362 1198.3681640625 85
1695125239535 1269.319580078125 86
1695125239708 1197.62353515625 87
1695125239881 1149.36279296875 88
1695125240054 1307.428466796875 89
1695125240228 1162.6787109375 90
1695125240402 1176.66796875 91
1695125240577 1231.436767578125 92
1695125240751 1178.6851806640625 93
1695125240929 1172.6279296875 94
1695125241102 1144.2244873046875 95
1695125241275 1152.07958984375 96
1695125241448 1206.580322265625 97
1695125241623 1218.56396484375 98
1695125241798 1219.4498291015625 99
1695125241971 1139.893310546875 100
1695125245782 1234.229248046875 101
1695125245957 1109.013916015625 102
1695125246131 1223.5130615234375 103
1695125246303 1129.258544921875 104
1695125246478 1170.000732421875 105
1695125246651 1116.5322265625 106
1695125246824 1059.332763671875 107
1695125247001 1217.9000244140625 108
1695125247188 1170.790283203125 109
1695125247367 1250.5823974609375 110
1695125247542 1139.17138671875 111
1695125247715 1207.05419921875 112
1695125247889 1111.5406494140625 113
1695125248062 1089.957275390625 114
1695125248236 1077.51025390625 115
1695125248409 1121.9599609375 116
1695125248584 1116.4473876953125 117
1695125248758 1137.930908203125 118
1695125248931 1106.2125244140625 119
1695125249104 1111.664306640625 120
1695125249277 1141.701171875 121
1695125249454 1108.0858154296875 122
1695125249626 1107.4664306640625 123
1695125249799 1119.33349609375 124
1695125249974 1047.173095703125 125
1695125250148 1051.96240234375 126
1695125250322 1031.1053466796875 127
1695125250497 1041.6781005859375 128
1695125250674 1108.173583984375 129
1695125250847 1026.407958984375 130
1695125251019 1057.888916015625 131
1695125251194 1037.29248046875 132
1695125251369 1028.7144775390625 133
1695125251542 1033.951416015625 134
1695125251721 1031.0289306640625 135
1695125251896 1028.126953125 136
1695125252069 998.72705078125 137
1695125252242 1027.0625 138
1695125252415 992.1616821289062 139
1695125252587 1090.927001953125 140
1695125252762 1026.37109375 141
1695125252936 1018.4671630859375 142
1695125253111 1055.572509765625 143
1695125253288 1042.628662109375 144
1695125253462 1050.27001953125 145
1695125253635 1000.9532470703125 146
1695125253807 998.8697509765625 147
1695125253982 1031.70361328125 148
1695125254156 1062.7890625 149
1695125254331 1071.9940185546875 150
1695125254505 978.7032470703125 151
1695125254678 1000.614013671875 152
1695125254853 1010.3663330078125 153
1695125255028 983.3771362304688 154
1695125255202 966.7046508789062 155
1695125255376 987.5262451171875 156
1695125255550 993.4659423828125 157
1695125255727 973.10205078125 158
1695125255900 993.2123413085938 159
1695125256073 994.9513549804688 160
1695125256249 1025.322509765625 161
1695125256423 1028.68017578125 162
1695125256596 979.6395874023438 163
1695125256770 944.410888671875 164
1695125256944 975.8878173828125 165
1695125257134 1034.68994140625 166
1695125257308 901.9671020507812 167
1695125257480 1005.039794921875 168
1695125257655 975.583984375 169
1695125257830 977.7565307617188 170
1695125258004 969.892578125 171
1695125258177 972.0037841796875 172
1695125258352 964.6517333984375 173
1695125258527 983.563232421875 174
1695125258699 976.016845703125 175
1695125258876 973.5272216796875 176
1695125259050 954.3988037109375 177
1695125259223 1028.2318115234375 178
1695125259397 954.4227294921875 179
1695125259572 899.6366577148438 180
1695125259747 906.56103515625 181
1695125259921 906.915771484375 182
1695125260095 995.754638671875 183
1695125260269 976.5532836914062 184
1695125260443 929.9517211914062 185
1695125260618 889.7113647460938 186
1695125260792 882.3175659179688 187
1695125260966 914.9248046875 188
1695125261140 944.5875854492188 189
1695125261319 905.8994140625 190
1695125261492 915.9359130859375 191
1695125261666 902.3284912109375 192
1695125261841 935.66015625 193
1695125262015 918.73486328125 194
1695125262189 961.291259765625 195
1695125262361 881.8448486328125 196
1695125262535 915.0751953125 197
1695125262707 976.532958984375 198
1695125262884 929.3580322265625 199
1695125263058 875.1910400390625 200
1695125266819 892.4737548828125 201
1695125266995 949.761962890625 202
1695125267178 928.053466796875 203
1695125267355 970.2822265625 204
1695125267529 892.23876953125 205
1695125267704 952.0999145507812 206
1695125267879 1018.2728271484375 207
1695125268054 881.6688842773438 208
1695125268228 867.1275634765625 209
1695125268403 910.00146484375 210
1695125268577 958.8385009765625 211
1695125268752 891.493408203125 212
1695125268927 875.06494140625 213
1695125269101 851.1300659179688 214
1695125269276 959.8397216796875 215
1695125269450 884.6531982421875 216
1695125269625 906.9075317382812 217
1695125269800 847.2871704101562 218
1695125269975 879.5816650390625 219
1695125270148 863.099853515625 220
1695125270323 900.2376708984375 221
1695125270496 909.884033203125 222
1695125270670 838.6001586914062 223
1695125270844 872.6688232421875 224
1695125271018 867.0706176757812 225
1695125271193 863.2149658203125 226
1695125271367 895.5802612304688 227
1695125271542 850.3694458007812 228
1695125271716 887.8370361328125 229
1695125271891 858.9403076171875 230
1695125272065 911.511474609375 231
1695125272241 870.539306640625 232
1695125272413 977.7557373046875 233
1695125272588 839.8767700195312 234
1695125272761 877.8177490234375 235
1695125272936 836.470703125 236
1695125273110 889.0620727539062 237
1695125273285 883.038818359375 238
1695125273459 862.1694946289062 239
1695125273634 887.21923828125 240
1695125273809 849.710693359375 241
1695125273982 903.8847045898438 242
1695125274157 831.5253295898438 243
1695125274330 864.1124267578125 244
1695125274504 867.9036865234375 245
1695125274679 870.92529296875 246
1695125274854 838.980224609375 247
1695125275029 916.39453125 248
1695125275202 839.518798828125 249
1695125275376 848.5873413085938 250
1695125275550 837.9520263671875 251
1695125275725 819.4130249023438 252
1695125275899 820.8544921875 253
1695125276074 868.8011474609375 254
1695125276247 861.0462036132812 255
1695125276421 894.638427734375 256
1695125276596 869.5923461914062 257
1695125276772 846.5447387695312 258
1695125276946 869.6344604492188 259
1695125277131 896.9601440429688 260
1695125277305 828.706787109375 261
1695125277479 846.3668823242188 262
1695125277654 836.931884765625 263
1695125277828 801.6581420898438 264
1695125278003 772.373291015625 265
1695125278177 793.1648559570312 266
1695125278351 841.8668212890625 267
1695125278526 773.955078125 268
1695125278701 828.8352661132812 269
1695125278876 806.8642578125 270
1695125279050 812.1375122070312 271
1695125279224 937.4404296875 272
1695125279397 800.3985595703125 273
1695125279572 870.794921875 274
1695125279747 874.4456176757812 275
1695125279921 796.3147583007812 276
1695125280095 823.4951171875 277
1695125280269 829.2628173828125 278
1695125280442 824.2489624023438 279
1695125280618 847.8255004882812 280
1695125280792 794.20361328125 281
1695125280967 829.31201171875 282
1695125281141 862.1686401367188 283
1695125281314 860.0858154296875 284
1695125281493 859.69287109375 285
1695125281666 781.0811157226562 286
1695125281843 805.490478515625 287
1695125282016 836.0518188476562 288
1695125282189 767.0272216796875 289
1695125282363 797.6749877929688 290
1695125282537 834.3614501953125 291
1695125282711 884.9627685546875 292
1695125282884 824.974853515625 293
1695125283059 825.1992797851562 294
1695125283233 781.2083740234375 295
1695125283406 768.8338623046875 296
1695125283581 881.9588623046875 297
1695125283755 762.5479736328125 298
1695125283928 751.8768310546875 299
1695125284103 816.6729736328125 300
1695125287784 788.4495849609375 301
1695125287961 845.3367919921875 302
1695125288135 785.085205078125 303
1695125288309 837.2314453125 304
1695125288483 783.1632080078125 305
1695125288657 776.58447265625 306
1695125288830 796.6094970703125 307
1695125289004 826.2726440429688 308
1695125289178 786.7182006835938 309
1695125289353 824.4576416015625 310
1695125289526 864.4913940429688 311
1695125289700 772.2928466796875 312
1695125289875 835.8004760742188 313
1695125290050 825.3245849609375 314
1695125290225 808.0145263671875 315
1695125290399 790.8658447265625 316
1695125290573 783.6668701171875 317
1695125290747 806.993896484375 318
1695125290921 779.8065185546875 319
1695125291095 781.1056518554688 320
1695125291271 761.5408325195312 321
1695125291446 842.428955078125 322
1695125291621 785.271484375 323
1695125291795 735.7252197265625 324
1695125291968 813.8584594726562 325
1695125292143 767.4409790039062 326
1695125292317 765.9066772460938 327
1695125292491 861.556640625 328
1695125292665 758.3524169921875 329
1695125292840 774.144287109375 330
1695125293015 745.391845703125 331
1695125293189 764.4085693359375 332
1695125293362 866.9926147460938 333
1695125293538 744.2134399414062 334
1695125293711 811.065673828125 335
1695125293885 816.8146362304688 336
1695125294061 834.7972412109375 337
1695125294236 758.1458740234375 338
1695125294411 703.5342407226562 339
1695125294586 786.0201416015625 340
1695125294759 777.77392578125 341
1695125294933 797.9421997070312 342
1695125295106 785.1175537109375 343
1695125295280 737.4862670898438 344
1695125295454 736.26416015625 345
1695125295629 810.4190673828125 346
1695125295803 809.5189819335938 347
1695125295977 911.4915161132812 348
1695125296152 747.1950073242188 349
1695125296326 759.923095703125 350
1695125296500 790.58544921875 351
1695125296676 780.3430786132812 352
1695125296849 743.8637084960938 353
1695125297028 728.6210327148438 354
1695125297207 741.8297119140625 355
1695125297381 783.9383544921875 356
1695125297554 839.5205688476562 357
1695125297726 749.0474853515625 358
1695125297903 748.4263916015625 359
1695125298077 758.9287109375 360
1695125298252 768.453125 361
1695125298426 780.960693359375 362
1695125298599 768.007568359375 363
1695125298774 774.6915283203125 364
1695125298946 745.7833862304688 365
1695125299119 755.73974609375 366
1695125299291 755.4337158203125 367
1695125299465 773.638427734375 368
1695125299638 718.9639892578125 369
1695125299811 800.3591918945312 370
1695125299986 822.198486328125 371
1695125300160 777.3255004882812 372
1695125300334 739.1737670898438 373
1695125300508 828.8206787109375 374
1695125300683 841.8160400390625 375
1695125300857 787.44970703125 376
1695125301030 784.7333984375 377
1695125301204 738.9498291015625 378
1695125301379 717.2117919921875 379
1695125301553 880.653564453125 380
1695125301727 758.984375 381
1695125301901 774.8026733398438 382
1695125302076 789.418701171875 383
1695125302250 691.3157348632812 384
1695125302423 731.80224609375 385
1695125302598 758.582763671875 386
1695125302773 801.58056640625 387
1695125302947 829.4810791015625 388
1695125303121 797.71044921875 389
1695125303296 760.8074951171875 390
1695125303469 752.6032104492188 391
1695125303644 791.873779296875 392
1695125303818 732.573974609375 393
1695125303991 778.3159790039062 394
1695125304166 773.468505859375 395
1695125304340 811.7493896484375 396
1695125304513 753.7839965820312 397
1695125304688 809.6927490234375 398
1695125304862 733.2603759765625 399
1695125305035 745.5459594726562 400
1695125308666 697.1392211914062 401
1695125308839 710.759765625 402
1695125309012 716.3357543945312 403
1695125309185 773.2447509765625 404
1695125309360 748.5888671875 405
1695125309533 754.9125366210938 406
1695125309706 733.4426879882812 407
1695125309879 728.1268310546875 408
1695125310053 734.832763671875 409
1695125310227 733.9718627929688 410
1695125310400 743.2749633789062 411
1695125310575 709.122802734375 412
1695125310749 699.2457275390625 413
1695125310925 777.5947875976562 414
1695125311100 758.7391357421875 415
1695125311274 742.427734375 416
1695125311447 700.62060546875 417
1695125311621 776.143798828125 418
1695125311795 722.1893920898438 419
1695125311970 701.7138061523438 420
1695125312143 691.947265625 421
1695125312317 743.437255859375 422
1695125312491 725.270751953125 423
1695125312665 720.536865234375 424
1695125312839 716.4593505859375 425
1695125313015 722.5587158203125 426
1695125313190 702.4185180664062 427
1695125313365 743.1680908203125 428
1695125313539 685.8583984375 429
1695125313713 759.7299194335938 430
1695125313888 723.4305419921875 431
1695125314062 745.9906616210938 432
1695125314236 726.0203857421875 433
1695125314409 805.6235961914062 434
1695125314584 778.8555908203125 435
1695125314759 708.874267578125 436
1695125314934 769.6041259765625 437
1695125315111 762.2115478515625 438
1695125315284 734.3807373046875 439
1695125315457 720.751708984375 440
1695125315632 700.218505859375 441
1695125315806 827.6629638671875 442
1695125315982 709.7706298828125 443
1695125316154 743.271484375 444
1695125316328 713.2646484375 445
1695125316502 735.771728515625 446
1695125316676 719.263916015625 447
1695125316855 732.9132080078125 448
1695125317036 716.490966796875 449
1695125317214 731.2625122070312 450
1695125317387 706.650146484375 451
1695125317561 630.5250244140625 452
1695125317734 745.9363403320312 453
1695125317908 747.2197265625 454
1695125318081 712.9623413085938 455
1695125318255 705.030517578125 456
1695125318431 740.08251953125 457
1695125318605 717.7454833984375 458
1695125318779 724.7850341796875 459
1695125318954 740.879150390625 460
1695125319128 717.9776611328125 461
1695125319302 642.8133544921875 462
1695125319478 707.2723388671875 463
1695125319652 827.2523193359375 464
1695125319827 728.59521484375 465
1695125320000 744.4976806640625 466
1695125320174 681.9132690429688 467
1695125320348 744.41650390625 468
1695125320522 718.8634643554688 469
1695125320695 760.6568603515625 470
1695125320869 700.0537109375 471
1695125321042 678.9599609375 472
1695125321216 749.7686767578125 473
1695125321390 696.7504272460938 474
1695125321564 734.4766845703125 475
1695125321736 699.5335693359375 476
1695125321908 731.578857421875 477
1695125322082 718.3226318359375 478
1695125322268 749.5035400390625 479
1695125322451 770.6480102539062 480
1695125322624 686.2612915039062 481
1695125322799 672.6223754882812 482
1695125322972 697.4693603515625 483
1695125323146 721.7667236328125 484
1695125323323 745.3955688476562 485
1695125323501 702.3269653320312 486
1695125323675 703.85595703125 487
1695125323851 702.8306884765625 488
1695125324026 625.2620239257812 489
1695125324204 697.280517578125 490
1695125324381 712.537353515625 491
1695125324556 704.6600341796875 492
1695125324730 682.7979125976562 493
1695125324913 668.9393920898438 494
1695125325101 743.6728515625 495
1695125325278 691.9730224609375 496
1695125325466 678.3016357421875 497
1695125325655 767.0877075195312 498
1695125325847 720.897705078125 499
1695125326032 659.72021484375 500
1695125329834 690.2314453125 501
1695125330022 683.181396484375 502
1695125330213 703.720458984375 503
1695125330387 690.9591674804688 504
1695125330561 689.346923828125 505
1695125330736 668.54638671875 506
1695125330910 729.058837890625 507
1695125331084 680.59521484375 508
1695125331258 659.0736694335938 509
1695125331432 686.3363647460938 510
1695125331606 657.5721435546875 511
1695125331781 689.3329467773438 512
1695125331954 658.44580078125 513
1695125332129 776.4144897460938 514
1695125332303 724.184326171875 515
1695125332477 709.51171875 516
1695125332652 703.900146484375 517
1695125332827 764.0176391601562 518
1695125333001 692.244873046875 519
1695125333176 726.99658203125 520
1695125333350 723.450927734375 521
1695125333524 707.9715576171875 522
1695125333698 707.072998046875 523
1695125333872 706.6246337890625 524
1695125334046 719.0693359375 525
1695125334221 639.1985473632812 526
1695125334396 675.2011108398438 527
1695125334570 668.2510375976562 528
1695125334745 716.1077270507812 529
1695125334918 708.3629150390625 530
1695125335092 698.98681640625 531
1695125335266 736.812744140625 532
1695125335440 667.077880859375 533
1695125335614 726.8784790039062 534
1695125335788 733.825927734375 535
1695125335961 730.4931640625 536
1695125336137 649.9718627929688 537
1695125336311 746.9363403320312 538
1695125336484 694.8397827148438 539
1695125336658 690.2946166992188 540
1695125336831 641.0692138671875 541
1695125337007 670.3919677734375 542
1695125337186 635.3416137695312 543
1695125337360 713.5023193359375 544
1695125337534 732.48828125 545
1695125337708 684.1063232421875 546
1695125337881 670.0486450195312 547
1695125338058 675.6676025390625 548
1695125338231 684.204833984375 549
1695125338404 735.7694091796875 550
1695125338580 753.1820678710938 551
1695125338754 656.8740234375 552
1695125338927 687.4667358398438 553
1695125339102 728.3406982421875 554
1695125339275 681.769775390625 555
1695125339449 661.197265625 556
1695125339623 680.8098754882812 557
1695125339797 665.6860961914062 558
1695125339971 743.5372314453125 559
1695125340145 721.3873291015625 560
1695125340319 646.793212890625 561
1695125340493 677.7265625 562
1695125340667 682.9056396484375 563
1695125340841 658.9681396484375 564
1695125341016 684.1976928710938 565
1695125341189 678.4711303710938 566
1695125341364 662.1799926757812 567
1695125341538 688.1064453125 568
1695125341713 619.1265258789062 569
1695125341891 698.2677001953125 570
1695125342064 648.583740234375 571
1695125342238 688.2449951171875 572
1695125342412 641.524169921875 573
1695125342586 681.5322265625 574
1695125342760 709.3394775390625 575
1695125342934 765.2303466796875 576
1695125343109 677.5867919921875 577
1695125343283 701.4300537109375 578
1695125343458 727.0070190429688 579
1695125343633 630.89404296875 580
1695125343807 693.786376953125 581
1695125343981 694.781494140625 582
1695125344155 718.5885620117188 583
1695125344329 764.1064453125 584
1695125344503 663.7027587890625 585
1695125344677 702.2727661132812 586
1695125344851 678.2154541015625 587
1695125345025 682.4854125976562 588
1695125345199 738.0294189453125 589
1695125345375 692.7437133789062 590
1695125345548 644.7391357421875 591
1695125345722 634.392578125 592
1695125345895 676.6883544921875 593
1695125346069 699.4987182617188 594
1695125346243 670.9169921875 595
1695125346417 709.49951171875 596
1695125346590 689.4370727539062 597
1695125346762 711.1573486328125 598
1695125346935 654.0916137695312 599
1695125347121 706.902099609375 600
1695125350746 683.8451538085938 601
1695125350922 692.8650512695312 602
1695125351097 654.4844970703125 603
1695125351271 700.5758666992188 604
1695125351447 671.0996704101562 605
1695125351621 662.1740112304688 606
1695125351798 607.1287231445312 607
1695125351971 658.3572387695312 608
1695125352145 700.9598999023438 609
1695125352319 601.7366943359375 610
1695125352492 659.2674560546875 611
1695125352672 685.14306640625 612
1695125352844 747.2688598632812 613
1695125353017 681.2425537109375 614
1695125353191 666.2804565429688 615
1695125353365 667.4407348632812 616
1695125353539 731.497802734375 617
1695125353714 701.821044921875 618
1695125353889 647.7435302734375 619
1695125354064 648.6744384765625 620
1695125354238 684.0279541015625 621
1695125354412 649.750732421875 622
1695125354587 659.071044921875 623
1695125354762 651.7352294921875 624
1695125354934 689.9146728515625 625
1695125355109 719.7415771484375 626
1695125355282 684.1834716796875 627
1695125355456 688.9902954101562 628
1695125355630 648.130126953125 629
1695125355805 623.5992431640625 630
1695125355979 668.2833251953125 631
1695125356154 758.5969848632812 632
1695125356328 710.765625 633
1695125356502 656.99609375 634
1695125356677 653.196533203125 635
1695125356852 694.8657836914062 636
1695125357032 661.296142578125 637
1695125357209 638.697021484375 638
1695125357382 647.8444213867188 639
1695125357555 634.721435546875 640
1695125357727 723.6488037109375 641
1695125357902 621.0264282226562 642
1695125358075 712.56640625 643
1695125358249 693.071533203125 644
1695125358424 631.2409057617188 645
1695125358600 655.8187255859375 646
1695125358773 650.7284545898438 647
1695125358947 697.857177734375 648
1695125359121 678.4520874023438 649
1695125359295 705.81396484375 650
1695125359469 685.8272705078125 651
1695125359643 676.388671875 652
1695125359817 644.7349853515625 653
1695125359993 677.7430419921875 654
1695125360167 658.0241088867188 655
1695125360340 681.975830078125 656
1695125360514 672.4920043945312 657
1695125360686 706.584716796875 658
1695125360859 677.1025390625 659
1695125361034 628.1928100585938 660
1695125361207 632.8972778320312 661
1695125361384 720.5406494140625 662
1695125361557 641.9593505859375 663
1695125361730 735.6361694335938 664
1695125361903 692.2762451171875 665
1695125362077 683.6786499023438 666
1695125362252 655.694091796875 667
1695125362425 602.6241455078125 668
1695125362600 692.158935546875 669
1695125362774 650.8079833984375 670
1695125362949 693.4085693359375 671
1695125363124 710.1571044921875 672
1695125363299 661.9193725585938 673
1695125363473 648.7537841796875 674
1695125363648 679.736083984375 675
1695125363823 636.839599609375 676
1695125363996 622.08203125 677
1695125364170 624.0662231445312 678
1695125364343 638.3602294921875 679
1695125364518 615.7100830078125 680
1695125364692 677.55517578125 681
1695125364866 638.8128662109375 682
1695125365040 675.7479858398438 683
1695125365215 601.248046875 684
1695125365390 602.9901123046875 685
1695125365564 726.4329833984375 686
1695125365737 669.1983642578125 687
1695125365911 698.0928955078125 688
1695125366085 701.589111328125 689
1695125366259 668.2655029296875 690
1695125366433 634.6632690429688 691
1695125366606 627.2531127929688 692
1695125366780 661.88330078125 693
1695125366954 704.90185546875 694
1695125367139 685.914306640625 695
1695125367312 624.184326171875 696
1695125367485 656.63818359375 697
1695125367659 625.1990966796875 698
1695125367835 703.1498413085938 699
1695125368008 608.4047241210938 700
1695125371623 634.4180908203125 701
1695125371801 698.8280639648438 702
1695125371974 655.8683471679688 703
1695125372147 653.287841796875 704
1695125372321 680.0904541015625 705
1695125372494 657.9421997070312 706
1695125372668 611.62255859375 707
1695125372841 609.61865234375 708
1695125373016 728.3077392578125 709
1695125373189 649.7425537109375 710
1695125373363 663.51025390625 711
1695125373537 684.3440551757812 712
1695125373711 637.9400024414062 713
1695125373885 670.63818359375 714
1695125374061 636.72216796875 715
1695125374235 623.1708984375 716
1695125374409 629.767578125 717
1695125374584 637.5335693359375 718
1695125374758 641.326416015625 719
1695125374932 711.5606689453125 720
1695125375109 652.2659912109375 721
1695125375283 628.6664428710938 722
1695125375456 687.6560668945312 723
1695125375630 650.1116333007812 724
1695125375804 608.3624267578125 725
1695125375978 616.921630859375 726
1695125376152 682.4170532226562 727
1695125376326 631.260009765625 728
1695125376500 706.836669921875 729
1695125376674 646.5065307617188 730
1695125376847 657.2244873046875 731
1695125377028 596.1256103515625 732
1695125377203 678.3735961914062 733
1695125377377 654.1263427734375 734
1695125377550 601.7111206054688 735
1695125377723 684.5301513671875 736
1695125377897 638.3934326171875 737
1695125378072 685.361328125 738
1695125378246 662.5858764648438 739
1695125378420 689.4393310546875 740
1695125378593 674.8980712890625 741
1695125378767 618.8030395507812 742
1695125378942 752.6161499023438 743
1695125379117 655.3143310546875 744
1695125379291 735.8009033203125 745
1695125379465 627.0070190429688 746
1695125379639 615.7418212890625 747
1695125379812 663.9202880859375 748
1695125379986 631.9568481445312 749
1695125380162 644.011962890625 750
1695125380335 692.6900024414062 751
1695125380509 588.8995361328125 752
1695125380683 648.7242431640625 753
1695125380856 664.0045166015625 754
1695125381029 675.584228515625 755
1695125381204 647.0247192382812 756
1695125381377 709.1416625976562 757
1695125381551 605.1365966796875 758
1695125381725 772.3114013671875 759
1695125381900 647.037841796875 760
1695125382075 623.263671875 761
1695125382249 672.6434326171875 762
1695125382429 653.5762939453125 763
1695125382602 636.5210571289062 764
1695125382775 635.4818725585938 765
1695125382951 640.8836059570312 766
1695125383125 636.5716552734375 767
1695125383300 611.92431640625 768
1695125383473 706.129638671875 769
1695125383647 603.2484741210938 770
1695125383825 619.281982421875 771
1695125383999 635.8773803710938 772
1695125384172 663.6128540039062 773
1695125384346 631.8234252929688 774
1695125384519 672.5413208007812 775
1695125384693 642.4827270507812 776
1695125384867 636.711181640625 777
1695125385041 683.2347412109375 778
1695125385215 698.13818359375 779
1695125385389 614.1368408203125 780
1695125385566 613.7694702148438 781
1695125385740 661.8910522460938 782
1695125385913 669.1849365234375 783
1695125386087 655.3798828125 784
1695125386262 638.087890625 785
1695125386436 690.03955078125 786
1695125386610 603.5877075195312 787
1695125386785 635.529296875 788
1695125386959 666.2850341796875 789
1695125387142 623.3394165039062 790
1695125387316 680.328125 791
1695125387489 624.0818481445312 792
1695125387662 663.5917358398438 793
1695125387836 680.5037231445312 794
1695125388009 720.9647216796875 795
1695125388183 617.5377807617188 796
1695125388357 617.8851928710938 797
1695125388530 611.9319458007812 798
1695125388705 684.2467041015625 799
1695125388879 620.9196166992188 800
1695125392539 615.2879638671875 801
1695125392713 633.9483642578125 802
1695125392886 594.7905883789062 803
1695125393062 676.7665405273438 804
1695125393235 618.8671264648438 805
1695125393408 638.1578369140625 806
1695125393580 677.1573486328125 807
1695125393754 591.8800048828125 808
1695125393928 688.40087890625 809
1695125394104 627.5413818359375 810
1695125394277 638.5542602539062 811
1695125394451 680.251953125 812
1695125394625 676.7406005859375 813
1695125394801 636.0042724609375 814
1695125394975 659.3916625976562 815
1695125395148 608.9049072265625 816
1695125395322 657.2596435546875 817
1695125395496 646.9036865234375 818
1695125395670 643.99609375 819
1695125395845 616.012451171875 820
1695125396020 638.4349365234375 821
1695125396194 655.4761352539062 822
1695125396370 653.6015014648438 823
1695125396545 596.4370727539062 824
1695125396717 709.252685546875 825
1695125396891 645.6817626953125 826
1695125397075 632.5050048828125 827
1695125397248 603.129638671875 828
1695125397421 605.1021118164062 829
1695125397593 646.0281982421875 830
1695125397767 661.245361328125 831
1695125397940 660.6971435546875 832
1695125398112 613.792236328125 833
1695125398286 606.4005126953125 834
1695125398460 615.114990234375 835
1695125398635 613.4519653320312 836
1695125398809 573.0980224609375 837
1695125398982 631.9571533203125 838
1695125399156 643.7763671875 839
1695125399330 611.0267333984375 840
1695125399505 678.7001953125 841
1695125399678 594.4617919921875 842
1695125399852 651.5760498046875 843
1695125400027 624.809326171875 844
1695125400203 642.58837890625 845
1695125400377 646.5769653320312 846
1695125400551 656.57373046875 847
1695125400726 656.306396484375 848
1695125400901 657.3483276367188 849
1695125401074 635.0357666015625 850
1695125401248 644.873046875 851
1695125401422 685.64404296875 852
1695125401595 641.3870239257812 853
1695125401769 598.817626953125 854
1695125401943 630.9779052734375 855
1695125402117 618.9871826171875 856
1695125402293 622.217041015625 857
1695125402466 601.5606689453125 858
1695125402640 631.3157348632812 859
1695125402814 636.6748657226562 860
1695125402989 602.0885009765625 861
1695125403163 664.81982421875 862
1695125403339 597.3184204101562 863
1695125403514 636.3093872070312 864
1695125403688 720.2548828125 865
1695125403862 634.0782470703125 866
1695125404036 654.4571533203125 867
1695125404211 656.9398803710938 868
1695125404385 672.4739990234375 869
1695125404558 711.9910278320312 870
1695125404732 607.1722412109375 871
1695125404906 608.1494750976562 872
1695125405080 601.2635498046875 873
1695125405254 594.4191284179688 874
1695125405430 616.8328247070312 875
1695125405605 650.83837890625 876
1695125405779 608.60302734375 877
1695125405953 601.0924072265625 878
1695125406128 615.4664916992188 879
1695125406301 665.2474365234375 880
1695125406474 652.8609619140625 881
1695125406648 604.02587890625 882
1695125406823 617.2356567382812 883
1695125407000 581.0834350585938 884
1695125407178 627.4146118164062 885
1695125407355 629.4585571289062 886
1695125407528 635.6595458984375 887
1695125407700 637.0997314453125 888
1695125407874 626.2847900390625 889
1695125408048 578.8455810546875 890
1695125408221 609.7298583984375 891
1695125408395 646.99755859375 892
1695125408567 579.9953002929688 893
1695125408742 593.4727783203125 894
1695125408916 637.505615234375 895
1695125409091 646.21923828125 896
1695125409265 675.9452514648438 897
1695125409438 623.757080078125 898
1695125409613 640.1119995117188 899
1695125409788 657.42529296875 900
1695125413320 617.8338012695312 901
1695125413492 600.78857421875 902
1695125413669 615.4105224609375 903
1695125413843 532.8607788085938 904
1695125414021 651.0426635742188 905
1695125414196 635.3125 906
1695125414370 640.3870849609375 907
1695125414544 608.4678955078125 908
1695125414719 600.22900390625 909
1695125414892 618.1260986328125 910
1695125415066 643.0157470703125 911
1695125415242 582.3770141601562 912
1695125415416 645.2985229492188 913
1695125415589 668.70703125 914
1695125415764 586.8247680664062 915
1695125415938 596.571044921875 916
1695125416114 578.7589111328125 917
1695125416288 667.1822509765625 918
1695125416463 601.7696533203125 919
1695125416639 582.8408813476562 920
1695125416813 642.4197998046875 921
1695125416991 616.0548095703125 922
1695125417170 657.651611328125 923
1695125417344 655.014404296875 924
1695125417518 597.554443359375 925
1695125417693 624.4739379882812 926
1695125417867 662.92578125 927
1695125418041 640.798095703125 928
1695125418215 612.78466796875 929
1695125418389 644.991455078125 930
1695125418564 604.2027587890625 931
1695125418737 571.3087158203125 932
1695125418912 632.9025268554688 933
1695125419087 606.4044799804688 934
1695125419260 642.5654296875 935
1695125419434 639.9007568359375 936
1695125419607 687.85986328125 937
1695125419782 645.5960083007812 938
1695125419955 618.740478515625 939
1695125420128 629.7219848632812 940
1695125420302 635.1692504882812 941
1695125420475 622.7390747070312 942
1695125420649 656.1376953125 943
1695125420823 633.9432373046875 944
1695125420996 615.07373046875 945
1695125421169 602.6148071289062 946
1695125421343 629.0333251953125 947
1695125421516 590.4154663085938 948
1695125421689 589.7261962890625 949
1695125421863 638.2452392578125 950
1695125422037 633.7899169921875 951
1695125422211 684.0789794921875 952
1695125422385 594.5799560546875 953
1695125422559 620.5087890625 954
1695125422734 603.670654296875 955
1695125422907 625.8966064453125 956
1695125423081 604.2637939453125 957
1695125423256 608.3928833007812 958
1695125423429 566.5818481445312 959
1695125423602 639.8673706054688 960
1695125423775 604.2960205078125 961
1695125423947 631.3974609375 962
1695125424121 598.181396484375 963
1695125424295 590.70947265625 964
1695125424467 576.3119506835938 965
1695125424641 637.7936401367188 966
1695125424815 663.8217163085938 967
1695125424988 588.0279541015625 968
1695125425161 608.2587890625 969
1695125425335 621.4127197265625 970
1695125425509 631.040283203125 971
1695125425683 559.9884643554688 972
1695125425858 578.9021606445312 973
1695125426031 606.6497192382812 974
1695125426205 635.7267456054688 975
1695125426380 595.87548828125 976
1695125426555 582.5405883789062 977
1695125426729 597.3338012695312 978
1695125426904 634.9652709960938 979
1695125427088 681.62255859375 980
1695125427262 672.3071899414062 981
1695125427437 646.132568359375 982
1695125427612 624.8038940429688 983
1695125427787 614.3513793945312 984
1695125427961 611.8862915039062 985
1695125428148 676.2981567382812 986
1695125428338 634.4819946289062 987
1695125428529 617.0078735351562 988
1695125428714 671.26806640625 989
1695125428888 558.3723754882812 990
1695125429067 621.3778076171875 991
1695125429264 610.54541015625 992
1695125429456 616.0865478515625 993
1695125429646 595.612548828125 994
1695125429836 614.4853515625 995
1695125430027 553.388916015625 996
1695125430217 618.33544921875 997
