1695149500832 1842.11669921875 0
1695149504895 1651.00341796875 1
1695149505388 1301.3564453125 2
1695149505872 1185.6964111328125 3
1695149506385 1071.39501953125 4
1695149506927 822.1243286132812 5
1695149507438 934.3978271484375 6
1695149507939 1116.93017578125 7
1695149508427 932.972900390625 8
1695149508909 914.3857421875 9
1695149509383 928.2919311523438 10
1695149509845 817.921875 11
1695149510309 809.07861328125 12
1695149510779 695.5927124023438 13
1695149511282 668.1500854492188 14
1695149511794 673.8837890625 15
1695149512267 810.8800048828125 16
1695149512763 670.415771484375 17
1695149513233 706.8563232421875 18
1695149513725 722.0205688476562 19
1695149514226 672.01025390625 20
1695149514718 631.0043334960938 21
1695149515211 611.5610961914062 22
1695149515685 617.2528686523438 23
1695149516156 708.2682495117188 24
1695149516650 654.54541015625 25
1695149517119 650.0459594726562 26
1695149517602 573.4520263671875 27
1695149518079 577.6974487304688 28
1695149518554 657.3953857421875 29
1695149519022 625.3314208984375 30
1695149519496 619.2477416992188 31
1695149520005 589.7117309570312 32
1695149520523 601.978515625 33
1695149521013 552.1481323242188 34
1695149521523 555.9032592773438 35
1695149522008 504.1990966796875 36
1695149522518 468.9139709472656 37
1695149523026 482.80828857421875 38
1695149523504 562.1268310546875 39
1695149523980 557.4171142578125 40
1695149524511 528.5684204101562 41
1695149524995 501.45574951171875 42
1695149525501 530.3316040039062 43
1695149525988 492.5073547363281 44
1695149526535 484.7912292480469 45
1695149527010 473.8767395019531 46
1695149527475 442.0589599609375 47
1695149527939 423.063232421875 48
1695149528404 409.7303771972656 49
1695149528869 457.2149658203125 50
1695149529333 447.29736328125 51
1695149529799 475.07415771484375 52
1695149530266 446.8441162109375 53
1695149530775 400.85699462890625 54
1695149531278 385.3179931640625 55
1695149531776 404.622314453125 56
1695149532284 395.87945556640625 57
1695149532778 375.4744567871094 58
1695149533286 377.6723937988281 59
1695149533783 385.0458679199219 60
1695149534287 359.4103088378906 61
1695149534788 346.3608703613281 62
1695149535297 430.7138366699219 63
1695149535808 357.23529052734375 64
1695149536311 352.50335693359375 65
1695149536819 348.0291748046875 66
1695149537329 344.6724853515625 67
1695149537834 363.87908935546875 68
1695149538341 360.9693603515625 69
1695149538852 346.6576232910156 70
1695149539342 351.8866882324219 71
1695149539823 338.7852783203125 72
1695149540295 330.922119140625 73
1695149540806 328.5914306640625 74
1695149541310 356.1474609375 75
1695149541814 327.1748046875 76
1695149542317 353.1433410644531 77
1695149542797 333.07879638671875 78
1695149543268 325.47918701171875 79
1695149543735 339.5321044921875 80
1695149544233 315.1067199707031 81
1695149544737 316.4549560546875 82
1695149545217 360.1163330078125 83
1695149545724 370.47723388671875 84
1695149546207 366.2701416015625 85
1695149546685 346.11639404296875 86
1695149547167 337.59686279296875 87
1695149547634 342.208984375 88
1695149548104 342.8280334472656 89
1695149548572 339.7050476074219 90
1695149549042 306.7091064453125 91
1695149549512 303.53240966796875 92
1695149549981 321.9727783203125 93
1695149550450 300.34100341796875 94
1695149550918 288.46380615234375 95
1695149551388 288.1219482421875 96
1695149551857 300.9632568359375 97
1695149552326 333.94049072265625 98
1695149552795 293.411865234375 99
1695149553264 304.37493896484375 100
1695149557245 304.2486267089844 101
1695149557728 303.581787109375 102
1695149558207 299.23486328125 103
1695149558678 297.1960754394531 104
1695149559148 283.8011779785156 105
1695149559630 309.8845520019531 106
1695149560112 289.18560791015625 107
1695149560583 281.2674560546875 108
1695149561087 294.7406005859375 109
1695149561605 295.5396728515625 110
1695149562076 324.91912841796875 111
1695149562545 288.072021484375 112
1695149563021 266.20880126953125 113
1695149563503 285.93060302734375 114
1695149564009 288.84075927734375 115
1695149564480 282.234375 116
1695149564984 282.65234375 117
1695149565509 278.309814453125 118
1695149565976 301.03912353515625 119
1695149566444 296.2601623535156 120
1695149566913 287.47216796875 121
1695149567381 275.77691650390625 122
1695149567851 275.9512023925781 123
1695149568319 279.8388671875 124
1695149568789 288.24700927734375 125
1695149569256 250.75582885742188 126
1695149569727 238.205810546875 127
1695149570196 248.93991088867188 128
1695149570665 252.8920135498047 129
1695149571158 271.42864990234375 130
1695149571632 253.01365661621094 131
1695149572099 258.888916015625 132
1695149572568 243.4113311767578 133
1695149573038 253.87957763671875 134
1695149573507 268.9892272949219 135
1695149573977 315.9894714355469 136
1695149574444 263.169921875 137
1695149574914 274.2909851074219 138
1695149575407 254.95237731933594 139
1695149575877 237.25732421875 140
1695149576347 272.57867431640625 141
1695149576816 235.78375244140625 142
1695149577288 244.0209503173828 143
1695149577755 288.0758056640625 144
1695149578225 258.587890625 145
1695149578695 251.9290771484375 146
1695149579164 246.587646484375 147
1695149579635 242.03846740722656 148
1695149580103 233.88339233398438 149
1695149580570 238.92208862304688 150
1695149581046 248.34234619140625 151
1695149581587 222.88729858398438 152
1695149582059 220.24777221679688 153
1695149582528 244.4677734375 154
1695149582998 255.7354736328125 155
1695149583467 254.64932250976562 156
1695149583939 243.51463317871094 157
1695149584406 250.60690307617188 158
1695149584875 259.9902038574219 159
1695149585342 255.91708374023438 160
1695149585812 231.26100158691406 161
1695149586282 240.0413055419922 162
1695149586752 227.01678466796875 163
1695149587220 234.04794311523438 164
1695149587690 238.7064208984375 165
1695149588160 227.64324951171875 166
1695149588631 237.7956085205078 167
1695149589098 226.60983276367188 168
1695149589565 231.585205078125 169
1695149590035 243.39134216308594 170
1695149590505 222.27194213867188 171
1695149590975 257.48663330078125 172
1695149591475 258.12054443359375 173
1695149591943 246.99916076660156 174
1695149592412 235.57809448242188 175
1695149592880 233.8214874267578 176
1695149593348 237.47035217285156 177
1695149593820 213.37596130371094 178
1695149594288 217.88272094726562 179
1695149594756 241.69468688964844 180
1695149595222 231.87124633789062 181
1695149595692 205.397216796875 182
1695149596162 208.25570678710938 183
1695149596630 237.778564453125 184
1695149597099 251.51242065429688 185
1695149597569 243.97669982910156 186
1695149598038 253.7939453125 187
1695149598509 245.7020263671875 188
1695149598977 214.26177978515625 189
1695149599445 204.11428833007812 190
1695149599914 203.25790405273438 191
1695149600384 217.35105895996094 192
1695149600855 211.49404907226562 193
1695149601355 217.08775329589844 194
1695149601822 215.35044860839844 195
1695149602293 210.5731658935547 196
1695149602760 209.59786987304688 197
1695149603227 211.17202758789062 198
1695149603694 216.36891174316406 199
1695149604164 212.02023315429688 200
1695149607968 210.38546752929688 201
1695149608441 215.5733184814453 202
1695149608913 207.7476348876953 203
1695149609381 205.76486206054688 204
1695149609849 234.81051635742188 205
1695149610319 217.97607421875 206
1695149610832 218.29061889648438 207
1695149611343 222.33253479003906 208
1695149611858 224.4962615966797 209
1695149612379 223.32333374023438 210
1695149612853 226.76278686523438 211
1695149613323 226.08197021484375 212
1695149613790 232.43539428710938 213
1695149614257 214.19412231445312 214
1695149614737 204.1945343017578 215
1695149615220 211.17481994628906 216
1695149615706 193.30076599121094 217
1695149616186 218.3329620361328 218
1695149616660 208.73452758789062 219
1695149617131 198.70068359375 220
1695149617604 210.4951934814453 221
1695149618073 200.81048583984375 222
1695149618575 206.4895477294922 223
1695149619064 193.40872192382812 224
1695149619551 198.4254150390625 225
1695149620030 214.6407012939453 226
1695149620509 210.5330047607422 227
1695149621002 219.5869140625 228
1695149621470 218.72476196289062 229
1695149621940 240.49234008789062 230
1695149622410 185.3596954345703 231
1695149622877 208.61395263671875 232
1695149623347 189.9092254638672 233
1695149623817 200.3358612060547 234
1695149624285 194.47988891601562 235
1695149624756 205.0647430419922 236
1695149625223 181.72268676757812 237
1695149625693 194.2446746826172 238
1695149626164 189.4757080078125 239
1695149626632 237.84861755371094 240
1695149627099 239.61444091796875 241
1695149627569 219.87876892089844 242
1695149628041 221.33282470703125 243
1695149628508 194.591796875 244
1695149628975 194.57810974121094 245
1695149629444 205.24893188476562 246
1695149629914 210.9268798828125 247
1695149630384 180.97486877441406 248
1695149630879 187.69638061523438 249
1695149631349 194.73245239257812 250
1695149631820 188.29074096679688 251
1695149632287 202.49961853027344 252
1695149632757 191.1934814453125 253
1695149633227 191.2029571533203 254
1695149633696 194.3564453125 255
1695149634166 205.38394165039062 256
1695149634634 191.99134826660156 257
1695149635105 191.02841186523438 258
1695149635574 198.59402465820312 259
1695149636041 198.40667724609375 260
1695149636510 190.4049072265625 261
1695149636980 191.4156036376953 262
1695149637450 184.0586700439453 263
1695149637921 194.5197296142578 264
1695149638388 178.86439514160156 265
1695149638855 185.2178955078125 266
1695149639324 181.59201049804688 267
1695149639794 189.3729705810547 268
1695149640265 185.43905639648438 269
1695149640747 193.12368774414062 270
1695149641219 178.88580322265625 271
1695149641687 189.82620239257812 272
1695149642155 181.2163848876953 273
1695149642622 189.36451721191406 274
1695149643092 189.4524688720703 275
1695149643562 184.6986083984375 276
1695149644032 185.85922241210938 277
1695149644499 180.03616333007812 278
1695149644969 194.86117553710938 279
1695149645439 188.15403747558594 280
1695149645908 188.37307739257812 281
1695149646376 188.54946899414062 282
1695149646853 189.81553649902344 283
1695149647321 185.4207305908203 284
1695149647816 188.5542755126953 285
