1695156348785 0.6968545317649841 0
1695156349153 0.417850524187088 1
1695156349517 0.2687620520591736 2
1695156349879 0.18114522099494934 3
1695156350241 0.19084937870502472 4
1695156350602 0.27437788248062134 5
1695156350967 0.29717373847961426 6
1695156351326 0.18027997016906738 7
1695156351687 0.226729616522789 8
1695156352048 0.1612859070301056 9
1695156352409 0.20223714411258698 10
1695156352772 0.12249302864074707 11
1695156353132 0.22909264266490936 12
1695156353493 0.17643232643604279 13
1695156353857 0.1332188993692398 14
1695156354219 0.11910514533519745 15
1695156354585 0.18998785316944122 16
1695156354947 0.20157498121261597 17
1695156355309 0.15059879422187805 18
1695156355669 0.1524917483329773 19
1695156356029 0.10369724035263062 20
1695156356390 0.1041797623038292 21
1695156356748 0.0880437046289444 22
1695156357106 0.12945806980133057 23
1695156357465 0.10436782985925674 24
1695156357827 0.09607616066932678 25
1695156358195 0.05352206528186798 26
1695156358557 0.23361563682556152 27
1695156358918 0.06458098441362381 28
1695156359284 0.07754284143447876 29
1695156359649 0.10126786679029465 30
1695156360015 0.1100890189409256 31
1695156360386 0.0994417741894722 32
1695156360746 0.19684474170207977 33
1695156361113 0.10517378896474838 34
1695156361488 0.08983113616704941 35
1695156361848 0.07590651512145996 36
1695156362222 0.1525462567806244 37
1695156362587 0.07972295582294464 38
1695156362947 0.12354912608861923 39
1695156363317 0.08242519199848175 40
1695156363680 0.06623896956443787 41
1695156364041 0.11398182809352875 42
1695156364413 0.08167095482349396 43
1695156364775 0.08498375862836838 44
1695156365135 0.09236273169517517 45
1695156365500 0.06367167085409164 46
1695156365865 0.07727445662021637 47
1695156366226 0.032417237758636475 48
1695156366592 0.0497710146009922 49
1695156366955 0.06525087356567383 50
1695156367314 0.06448357552289963 51
1695156367680 0.07314270734786987 52
1695156368050 0.06063119322061539 53
1695156368411 0.17249785363674164 54
1695156368776 0.05539620667695999 55
1695156369136 0.04261264204978943 56
1695156369499 0.11262855678796768 57
1695156369877 0.04034697264432907 58
1695156370237 0.06388390809297562 59
1695156370599 0.08610384911298752 60
1695156370969 0.05676902458071709 61
1695156371331 0.06052732467651367 62
1695156371693 0.06506545096635818 63
1695156372053 0.03226686269044876 64
1695156372414 0.10000599175691605 65
1695156372778 0.07494931668043137 66
1695156373147 0.089299775660038 67
1695156373503 0.09188437461853027 68
1695156373864 0.09182422608137131 69
1695156374226 0.053411372005939484 70
1695156374588 0.08960757404565811 71
1695156374949 0.0424068421125412 72
1695156375311 0.04902254417538643 73
1695156375671 0.0889909639954567 74
1695156376033 0.08210238814353943 75
1695156376394 0.07515661418437958 76
1695156376756 0.06982798129320145 77
1695156377120 0.05702454596757889 78
1695156377481 0.04284205287694931 79
1695156377847 0.05029408633708954 80
1695156378213 0.06958027929067612 81
1695156378573 0.08772838115692139 82
1695156378936 0.09999842196702957 83
1695156379302 0.08517096191644669 84
1695156379665 0.05509202927350998 85
1695156380029 0.09107581526041031 86
1695156380393 0.05456710606813431 87
1695156380751 0.07912974804639816 88
1695156381115 0.09728734195232391 89
1695156381478 0.0733349397778511 90
1695156381842 0.08603046089410782 91
1695156382209 0.08216352760791779 92
1695156382575 0.08162078261375427 93
1695156382937 0.09511429071426392 94
1695156383300 0.14104129374027252 95
1695156383661 0.06963685899972916 96
1695156384026 0.056323569267988205 97
1695156384387 0.08649788051843643 98
1695156384747 0.10605740547180176 99
1695156385118 0.061975643038749695 100
1695156385488 0.13017219305038452 101
1695156385854 0.0706091895699501 102
1695156386222 0.04992850124835968 103
1695156386587 0.052876994013786316 104
1695156386950 0.05853758752346039 105
1695156387317 0.07442118972539902 106
1695156387681 0.04864299297332764 107
1695156388045 0.05299448221921921 108
1695156388411 0.06601496040821075 109
1695156388775 0.045315466821193695 110
1695156389136 0.0689791738986969 111
1695156389499 0.09267120063304901 112
1695156389860 0.021199453622102737 113
1695156390222 0.11380722373723984 114
1695156390588 0.06304419040679932 115
1695156390953 0.03108939155936241 116
1695156391313 0.04249301552772522 117
1695156391678 0.04002521187067032 118
1695156392043 0.09182430803775787 119
1695156392405 0.09699796885251999 120
1695156392775 0.04789688438177109 121
1695156393139 0.056852784007787704 122
1695156393499 0.029932592064142227 123
1695156393866 0.05576417222619057 124
1695156394229 0.031041566282510757 125
1695156394588 0.0419924221932888 126
1695156394954 0.06623144447803497 127
1695156395318 0.037585414946079254 128
1695156395678 0.06619340181350708 129
1695156396043 0.03393002972006798 130
1695156396412 0.02543722279369831 131
1695156396773 0.06162479147315025 132
1695156397136 0.05317322909832001 133
1695156397498 0.06349580734968185 134
1695156397860 0.09540843218564987 135
1695156398224 0.03713460639119148 136
1695156398588 0.06742280721664429 137
1695156398949 0.07639271020889282 138
1695156399316 0.039774611592292786 139
1695156399679 0.013247469440102577 140
1695156400037 0.042002882808446884 141
1695156400401 0.11080236732959747 142
1695156400762 0.0869726911187172 143
1695156401127 0.08349920064210892 144
1695156401494 0.06943653523921967 145
1695156401855 0.08936649560928345 146
1695156402222 0.10105305910110474 147
1695156402590 0.032159801572561264 148
1695156402948 0.061598800122737885 149
1695156403321 0.03282594308257103 150
1695156403685 0.05845128744840622 151
1695156404045 0.0652146190404892 152
1695156404408 0.06389008462429047 153
1695156404775 0.0777740627527237 154
1695156405140 0.06518054008483887 155
1695156405507 0.08974569290876389 156
1695156405872 0.0679180771112442 157
1695156406232 0.07487168908119202 158
1695156406597 0.035927847027778625 159
1695156406960 0.03931890055537224 160
1695156407324 0.06665846705436707 161
1695156407689 0.03596412017941475 162
1695156408052 0.05152403935790062 163
1695156408414 0.07319777458906174 164
1695156408778 0.05394385755062103 165
1695156409142 0.09516274929046631 166
1695156409510 0.06672545522451401 167
1695156409879 0.06462608277797699 168
1695156410242 0.1473374366760254 169
1695156410608 0.028915051370859146 170
1695156410975 0.06819050759077072 171
1695156411336 0.08002070337533951 172
1695156411699 0.10642338544130325 173
1695156412068 0.07468302547931671 174
1695156412430 0.1163034439086914 175
1695156412797 0.043560754507780075 176
1695156413158 0.05846717953681946 177
1695156413514 0.06998128443956375 178
1695156413880 0.04703527316451073 179
1695156414244 0.06706000864505768 180
1695156414608 0.06480324268341064 181
1695156414973 0.06999026983976364 182
1695156415333 0.033630795776844025 183
1695156415695 0.058140210807323456 184
1695156416064 0.05876600742340088 185
1695156416424 0.03497375175356865 186
1695156416780 0.07927624881267548 187
1695156417146 0.04625397548079491 188
1695156417512 0.042659930884838104 189
1695156417874 0.05246000364422798 190
1695156418240 0.043787918984889984 191
1695156418601 0.03300543874502182 192
1695156418961 0.04295925796031952 193
1695156419327 0.07221723347902298 194
1695156419690 0.036455798894166946 195
1695156420054 0.03781050816178322 196
1695156420420 0.08253031969070435 197
1695156420781 0.04673389717936516 198
1695156421139 0.11184398084878922 199
1695156421497 0.0396609790623188 200
1695156421857 0.035479530692100525 201
1695156422236 0.05237562954425812 202
1695156422599 0.060888975858688354 203
1695156422960 0.09753919392824173 204
1695156423345 0.03894353285431862 205
1695156423707 0.07371676713228226 206
1695156424066 0.033024080097675323 207
1695156424429 0.06096680834889412 208
1695156424792 0.04911589249968529 209
1695156425154 0.0523795485496521 210
1695156425516 0.054354459047317505 211
1695156425876 0.04718128219246864 212
1695156426236 0.04783516004681587 213
1695156426599 0.03549741953611374 214
1695156426958 0.0744190514087677 215
1695156427322 0.04001254588365555 216
1695156427688 0.08027923107147217 217
1695156428051 0.052583541721105576 218
1695156428412 0.058041349053382874 219
1695156428771 0.05108589306473732 220
1695156429135 0.043347205966711044 221
1695156429495 0.02664863131940365 222
1695156429857 0.029719552025198936 223
1695156430221 0.04273921251296997 224
1695156430579 0.03870422765612602 225
1695156430939 0.12806135416030884 226
1695156431301 0.01335080899298191 227
1695156431665 0.047139886766672134 228
1695156432028 0.03823193907737732 229
1695156432397 0.06537826359272003 230
1695156432756 0.03764963522553444 231
1695156433115 0.10540150851011276 232
1695156433474 0.08142833411693573 233
1695156433834 0.08105528354644775 234
1695156434195 0.03929051011800766 235
1695156434558 0.13197286427021027 236
1695156434915 0.09054174274206161 237
1695156435278 0.036518216133117676 238
1695156435637 0.039638519287109375 239
1695156435992 0.13077402114868164 240
1695156436353 0.05487994849681854 241
1695156436715 0.05282232537865639 242
1695156437075 0.08907589316368103 243
1695156437436 0.053317636251449585 244
1695156437794 0.07736663520336151 245
1695156438152 0.034706346690654755 246
1695156438514 0.0626370906829834 247
1695156438876 0.05526339262723923 248
1695156439234 0.07842417061328888 249
1695156439597 0.07892760634422302 250
1695156439961 0.09359027445316315 251
1695156440316 0.03899053484201431 252
1695156440673 0.07664099335670471 253
1695156441030 0.06820186227560043 254
1695156441388 0.1007944867014885 255
1695156441751 0.035167403519153595 256
1695156442110 0.04234856367111206 257
1695156442470 0.03838731721043587 258
1695156442828 0.04538426920771599 259
1695156443193 0.05467860400676727 260
1695156443550 0.0721413716673851 261
1695156443910 0.03158286586403847 262
1695156444270 0.02555963583290577 263
1695156444633 0.022855335846543312 264
1695156444993 0.03342157229781151 265
1695156445352 0.038299303501844406 266
1695156445707 0.01762819103896618 267
1695156446064 0.054377757012844086 268
1695156446421 0.05915358290076256 269
1695156446778 0.056472957134246826 270
1695156447131 0.05639132112264633 271
1695156447491 0.016190074384212494 272
1695156447846 0.038520559668540955 273
1695156448205 0.08542368561029434 274
1695156448573 0.022279834374785423 275
1695156448928 0.07414742559194565 276
1695156449285 0.04822679981589317 277
1695156449644 0.04267588630318642 278
1695156449999 0.0631878450512886 279
1695156450360 0.05697735771536827 280
1695156450717 0.038438405841588974 281
1695156451071 0.023355484008789062 282
1695156451431 0.036151692271232605 283
1695156451790 0.07203864306211472 284
1695156452145 0.03469356894493103 285
1695156452506 0.09206394106149673 286
1695156452863 0.13169606029987335 287
1695156453221 0.05946609005331993 288
1695156453584 0.013438663445413113 289
1695156453945 0.03550805523991585 290
1695156454301 0.053627122193574905 291
1695156454663 0.06663037836551666 292
1695156455025 0.07389557361602783 293
1695156455383 0.039847783744335175 294
1695156455745 0.033296260982751846 295
1695156456106 0.031238848343491554 296
1695156456463 0.06509026885032654 297
1695156456819 0.042068421840667725 298
1695156457180 0.03656408190727234 299
1695156457545 0.028463033959269524 300
1695156457906 0.10092796385288239 301
1695156458281 0.07168422639369965 302
1695156458658 0.05073188990354538 303
1695156459041 0.05761004239320755 304
1695156459401 0.05509301647543907 305
1695156459760 0.131536602973938 306
1695156460123 0.0568147711455822 307
1695156460483 0.07076103985309601 308
1695156460847 0.06879261136054993 309
1695156461206 0.02682819962501526 310
1695156461563 0.03014860861003399 311
1695156461919 0.0390428863465786 312
1695156462275 0.048342376947402954 313
1695156462636 0.06917129456996918 314
1695156462996 0.04371696710586548 315
1695156463351 0.03224308043718338 316
1695156463711 0.07721547037363052 317
1695156464069 0.057200558483600616 318
1695156464430 0.046890199184417725 319
1695156464792 0.043356623500585556 320
1695156465152 0.04927627369761467 321
1695156465510 0.05677024647593498 322
1695156465872 0.02265399694442749 323
1695156466229 0.04614417627453804 324
1695156466590 0.028967546299099922 325
1695156466951 0.0488080158829689 326
1695156467309 0.04625707492232323 327
1695156467670 0.04601381719112396 328
1695156468029 0.0470808669924736 329
1695156468388 0.05213361606001854 330
1695156468749 0.05959365889430046 331
1695156469111 0.0564727708697319 332
1695156469468 0.030661769211292267 333
1695156469830 0.050045862793922424 334
1695156470190 0.016437171027064323 335
1695156470545 0.03785876929759979 336
1695156470906 0.036144085228443146 337
1695156471265 0.055373258888721466 338
1695156471619 0.047592248767614365 339
1695156471977 0.04403771087527275 340
1695156472335 0.0592576265335083 341
1695156472689 0.11838784068822861 342
1695156473052 0.13044194877147675 343
1695156473414 0.07530727237462997 344
1695156473769 0.03640107810497284 345
1695156474133 0.06860388070344925 346
1695156474493 0.07440922409296036 347
1695156474849 0.0518917478621006 348
1695156475213 0.03944471850991249 349
1695156475573 0.05575334280729294 350
1695156475930 0.03913290798664093 351
1695156476290 0.05702383071184158 352
1695156476720 0.032717399299144745 353
1695156477084 0.07257849723100662 354
1695156477445 0.07561351358890533 355
1695156477802 0.04834473505616188 356
1695156478164 0.047247741371393204 357
1695156478521 0.0742393285036087 358
1695156478889 0.07400750368833542 359
1695156479247 0.06310297548770905 360
1695156479606 0.059613220393657684 361
1695156479965 0.027042660862207413 362
1695156480333 0.09559930115938187 363
1695156480693 0.10228992998600006 364
1695156481054 0.018380261957645416 365
1695156481418 0.059197794646024704 366
1695156481776 0.07378339022397995 367
1695156482136 0.05141006037592888 368
1695156482498 0.0599575936794281 369
1695156482856 0.02181338332593441 370
1695156483217 0.08294151723384857 371
1695156483575 0.05464128404855728 372
1695156483930 0.05803217738866806 373
1695156484294 0.044777896255254745 374
1695156484653 0.0706256553530693 375
1695156485011 0.07423407584428787 376
1695156485378 0.07612428069114685 377
1695156485737 0.03405623883008957 378
1695156486096 0.032648149877786636 379
1695156486460 0.030958101153373718 380
1695156486819 0.0977201834321022 381
1695156487178 0.0136792603880167 382
1695156487541 0.0609859973192215 383
1695156487899 0.04140791296958923 384
1695156488255 0.04598349332809448 385
1695156488616 0.02515980415046215 386
1695156488979 0.058740951120853424 387
1695156489332 0.03818715363740921 388
1695156489694 0.03443562611937523 389
1695156490051 0.05396054685115814 390
1695156490426 0.04486897960305214 391
1695156490793 0.041042063385248184 392
1695156491151 0.028523609042167664 393
1695156491511 0.059402789920568466 394
1695156491873 0.09549253433942795 395
1695156492238 0.04209250211715698 396
1695156492595 0.030692532658576965 397
1695156492955 0.03971032053232193 398
1695156493314 0.025170883163809776 399
1695156493671 0.034020066261291504 400
1695156494031 0.06298787891864777 401
1695156494385 0.03581872954964638 402
1695156494747 0.045908279716968536 403
1695156495105 0.04687381163239479 404
1695156495460 0.02143973670899868 405
1695156495827 0.028572525829076767 406
1695156496184 0.0886065810918808 407
1695156496539 0.06266102194786072 408
1695156496903 0.03533390164375305 409
1695156497269 0.04219547286629677 410
1695156497628 0.029703635722398758 411
1695156497995 0.11473876982927322 412
1695156498357 0.05387930944561958 413
1695156498719 0.1117788553237915 414
1695156499082 0.03257910534739494 415
1695156499441 0.02206926792860031 416
1695156499801 0.026364779099822044 417
1695156500163 0.037010423839092255 418
1695156500521 0.1025913879275322 419
1695156500883 0.07361073046922684 420
1695156501245 0.03992277383804321 421
1695156501606 0.06649397313594818 422
1695156501967 0.03636840358376503 423
1695156502326 0.07427848875522614 424
1695156502683 0.017225932329893112 425
1695156503056 0.06430628150701523 426
1695156503420 0.044159140437841415 427
1695156503780 0.04154157638549805 428
1695156504142 0.09330020844936371 429
1695156504502 0.03531188890337944 430
1695156504862 0.04118763282895088 431
1695156505225 0.02895156852900982 432
1695156505588 0.033734750002622604 433
1695156505946 0.04357611760497093 434
1695156506303 0.03447093814611435 435
1695156506665 0.07642282545566559 436
1695156507025 0.010948213748633862 437
1695156507387 0.06123068183660507 438
1695156507749 0.037346452474594116 439
1695156508103 0.009517163038253784 440
1695156508467 0.03855103254318237 441
1695156508829 0.030908843502402306 442
1695156509189 0.03377300500869751 443
1695156509552 0.08779136836528778 444
1695156509911 0.029893234372138977 445
1695156510271 0.04515819624066353 446
1695156510631 0.0469893179833889 447
1695156510989 0.04110119119286537 448
1695156511346 0.019490614533424377 449
1695156511705 0.025571823120117188 450
1695156512066 0.08446935564279556 451
1695156512426 0.04119354486465454 452
1695156512789 0.025886373594403267 453
1695156513153 0.08434462547302246 454
1695156513511 0.06007436290383339 455
1695156513873 0.017043527215719223 456
1695156514233 0.06402572989463806 457
1695156514590 0.017885582521557808 458
1695156514954 0.048941731452941895 459
1695156515314 0.07356659322977066 460
1695156515674 0.029955007135868073 461
1695156516044 0.04642469435930252 462
1695156516412 0.13252657651901245 463
1695156516772 0.06370163708925247 464
1695156517135 0.04358278587460518 465
1695156517498 0.018116779625415802 466
1695156517855 0.028090734034776688 467
1695156518218 0.053908299654722214 468
1695156518577 0.012456429190933704 469
1695156518944 0.05952699854969978 470
1695156519305 0.05497121065855026 471
1695156519668 0.025974128395318985 472
1695156520032 0.017561092972755432 473
1695156520393 0.04700165614485741 474
1695156520757 0.04528151452541351 475
1695156521117 0.013032249175012112 476
1695156521478 0.05318557471036911 477
1695156521840 0.02689642459154129 478
1695156522203 0.01626170612871647 479
1695156522563 0.07004423439502716 480
1695156522925 0.050957776606082916 481
1695156523285 0.08955816179513931 482
1695156523646 0.06525073945522308 483
1695156524008 0.0423104390501976 484
1695156524371 0.062301330268383026 485
1695156524733 0.05635470151901245 486
1695156525095 0.06624238193035126 487
1695156525455 0.09003791213035583 488
1695156525817 0.11462946981191635 489
1695156526178 0.03618477284908295 490
1695156526542 0.04236598312854767 491
1695156526903 0.04023042693734169 492
1695156527275 0.015985513105988503 493
1695156527640 0.033567022532224655 494
1695156528000 0.026345396414399147 495
1695156528363 0.022953620180487633 496
1695156528722 0.05439383164048195 497
1695156529084 0.012803000397980213 498
1695156529443 0.027479982003569603 499
1695156529802 0.016349541023373604 500
1695156530161 0.1111922562122345 501
1695156530522 0.03951185196638107 502
1695156530884 0.04470735415816307 503
1695156531243 0.05293859913945198 504
1695156531605 0.07916367053985596 505
1695156531962 0.031176887452602386 506
1695156532320 0.0708601102232933 507
1695156532678 0.04543623700737953 508
1695156533045 0.1170777827501297 509
1695156533406 0.023609401658177376 510
1695156533769 0.08708133548498154 511
1695156534135 0.09046871215105057 512
1695156534496 0.03610242158174515 513
1695156534864 0.03705444931983948 514
1695156535229 0.07387494295835495 515
1695156535590 0.029672998934984207 516
1695156535960 0.04866871237754822 517
1695156536325 0.03350270912051201 518
1695156536685 0.07252427190542221 519
1695156537053 0.028648074716329575 520
1695156537413 0.05318789556622505 521
1695156537772 0.07063661515712738 522
1695156538134 0.05731554329395294 523
1695156538494 0.0365484245121479 524
1695156538853 0.05309672653675079 525
1695156539214 0.07374759018421173 526
1695156539577 0.04964395612478256 527
1695156539935 0.018748290836811066 528
1695156540307 0.03356122598052025 529
1695156540668 0.05790732800960541 530
1695156541029 0.04565967246890068 531
1695156541391 0.04214094579219818 532
1695156541760 0.0760243833065033 533
1695156542117 0.022345447912812233 534
1695156542480 0.025519154965877533 535
1695156542844 0.03751488775014877 536
1695156543205 0.13611680269241333 537
1695156543571 0.037127528339624405 538
1695156543934 0.032110780477523804 539
1695156544295 0.05453932657837868 540
1695156544662 0.05627460032701492 541
1695156545027 0.015932302922010422 542
1695156545387 0.022211752831935883 543
1695156545752 0.03961899131536484 544
1695156546113 0.0472179539501667 545
1695156546472 0.03185180202126503 546
1695156546838 0.049007680267095566 547
1695156547204 0.012945129536092281 548
1695156547564 0.0624445416033268 549
1695156547928 0.04321878403425217 550
1695156548290 0.038596902042627335 551
1695156548647 0.062046099454164505 552
1695156549007 0.04172710329294205 553
1695156549372 0.034405626356601715 554
1695156549731 0.03580634295940399 555
1695156550091 0.03381491079926491 556
1695156550448 0.051871493458747864 557
1695156550805 0.09890230000019073 558
1695156551165 0.012143361382186413 559
1695156551527 0.015629805624485016 560
1695156551886 0.10311000794172287 561
1695156552245 0.041979700326919556 562
1695156552608 0.04001476243138313 563
1695156552972 0.0152366878464818 564
1695156553335 0.03312385082244873 565
1695156553694 0.04857480525970459 566
1695156554052 0.0771038755774498 567
1695156554418 0.051606256514787674 568
1695156554781 0.017730120569467545 569
1695156555136 0.03656712546944618 570
1695156555497 0.08365974575281143 571
1695156555857 0.06737716495990753 572
1695156556215 0.05988743528723717 573
1695156556577 0.02651933953166008 574
1695156556937 0.022763293236494064 575
1695156557298 0.04349173977971077 576
1695156557661 0.05426010861992836 577
1695156558021 0.024796312674880028 578
1695156558380 0.018807535991072655 579
1695156558740 0.0178569033741951 580
1695156559099 0.04535588622093201 581
1695156559462 0.03462419658899307 582
1695156559825 0.01916372962296009 583
1695156560185 0.018552109599113464 584
1695156560551 0.03144165873527527 585
1695156560913 0.018731873482465744 586
1695156561271 0.035493236035108566 587
1695156561635 0.032788973301649094 588
1695156561997 0.022576354444026947 589
1695156562359 0.01104285940527916 590
1695156562722 0.03977903723716736 591
1695156563083 0.03190295398235321 592
1695156563450 0.042189791798591614 593
1695156563814 0.02661874145269394 594
1695156564180 0.045866698026657104 595
1695156564541 0.030853761360049248 596
1695156564898 0.025775380432605743 597
1695156565260 0.036674611270427704 598
1695156565622 0.05578996241092682 599
1695156565983 0.01681222952902317 600
1695156566347 0.034117694944143295 601
1695156566708 0.027130747213959694 602
1695156567066 0.015202876180410385 603
1695156567432 0.03878060728311539 604
1695156567794 0.07754871994256973 605
1695156568161 0.05183862894773483 606
1695156568522 0.009685992263257504 607
1695156568880 0.03961198031902313 608
1695156569244 0.04191071540117264 609
1695156569604 0.05282454565167427 610
1695156569960 0.01876126416027546 611
1695156570324 0.03451690822839737 612
1695156570688 0.04054660722613335 613
1695156571047 0.07074657827615738 614
1695156571413 0.06311335414648056 615
1695156571773 0.06833052635192871 616
1695156572131 0.05427298694849014 617
1695156572489 0.06293629109859467 618
1695156572844 0.08864128589630127 619
1695156573208 0.041040465235710144 620
1695156573567 0.016447003930807114 621
1695156573924 0.028399422764778137 622
1695156574292 0.04407770559191704 623
1695156574655 0.022735266014933586 624
1695156575016 0.022043341770768166 625
1695156575382 0.030333571135997772 626
1695156575745 0.044595867395401 627
1695156576105 0.06564021110534668 628
1695156576470 0.05226201191544533 629
1695156576833 0.04934729263186455 630
1695156577196 0.0390465222299099 631
1695156577567 0.02597128413617611 632
1695156577932 0.046584900468587875 633
1695156578297 0.06927448511123657 634
1695156578663 0.021281510591506958 635
1695156579023 0.028471689671278 636
1695156579383 0.04879307001829147 637
1695156579748 0.05771806836128235 638
1695156580111 0.05490165576338768 639
1695156580472 0.06252941489219666 640
1695156580831 0.07494431734085083 641
1695156581188 0.013735061511397362 642
1695156581557 0.037018436938524246 643
1695156581920 0.017814192920923233 644
1695156582283 0.0338619239628315 645
1695156582647 0.024702705442905426 646
1695156583010 0.028360487893223763 647
1695156583371 0.05053834617137909 648
1695156583733 0.022825544700026512 649
1695156584098 0.04303621128201485 650
1695156584457 0.07557237148284912 651
1695156584819 0.01777668669819832 652
1695156585182 0.04254918172955513 653
1695156585542 0.06284508109092712 654
1695156585908 0.07455785572528839 655
1695156586270 0.039156049489974976 656
1695156586631 0.02949916385114193 657
1695156586997 0.04008769989013672 658
1695156587359 0.06721509993076324 659
1695156587717 0.03428270295262337 660
1695156588079 0.036445703357458115 661
1695156588439 0.03400542214512825 662
1695156588797 0.0435088574886322 663
1695156589158 0.03922780975699425 664
1695156589517 0.06877897679805756 665
1695156589875 0.017234399914741516 666
1695156590237 0.04573185369372368 667
1695156590599 0.04910188913345337 668
1695156590959 0.0326567068696022 669
1695156591321 0.060436081141233444 670
1695156591684 0.018943101167678833 671
1695156592045 0.05000603199005127 672
1695156592413 0.022428153082728386 673
1695156592776 0.05603346228599548 674
1695156593136 0.022546982392668724 675
1695156593502 0.04576493054628372 676
1695156593865 0.06161762773990631 677
1695156594224 0.022165575996041298 678
1695156594589 0.008597351610660553 679
1695156594952 0.018212491646409035 680
1695156595312 0.03350144252181053 681
1695156595679 0.041195087134838104 682
1695156596041 0.05677424743771553 683
1695156596399 0.05393608286976814 684
1695156596762 0.02261338382959366 685
1695156597121 0.011790240183472633 686
1695156597479 0.02490924671292305 687
1695156597843 0.019025197252631187 688
1695156598204 0.017537914216518402 689
1695156598561 0.01848442479968071 690
1695156598926 0.04270634055137634 691
1695156599286 0.04647292569279671 692
1695156599643 0.06036530062556267 693
1695156600005 0.012825249694287777 694
1695156600379 0.012255493551492691 695
1695156600736 0.020619530230760574 696
1695156601101 0.029080349951982498 697
1695156601462 0.025301961228251457 698
1695156601820 0.014554751105606556 699
1695156602184 0.0867977887392044 700
1695156602545 0.05111519619822502 701
1695156602903 0.08378592133522034 702
1695156603274 0.07784102112054825 703
1695156603630 0.045830804854631424 704
1695156603991 0.07101903855800629 705
1695156604352 0.035619113594293594 706
1695156604710 0.02319738082587719 707
1695156605071 0.02703661099076271 708
1695156605431 0.019425341859459877 709
1695156605791 0.015194837003946304 710
1695156606153 0.08106482028961182 711
1695156606514 0.05797427147626877 712
1695156606871 0.10699091106653214 713
1695156607236 0.04400024563074112 714
1695156607595 0.028661346063017845 715
1695156607953 0.055889155715703964 716
1695156608313 0.056032657623291016 717
1695156608675 0.05487098544836044 718
1695156609033 0.07037560641765594 719
1695156609398 0.04047920182347298 720
1695156609757 0.03632035851478577 721
1695156610116 0.03581482172012329 722
1695156610477 0.052983324974775314 723
1695156610837 0.02445158362388611 724
1695156611198 0.050157442688941956 725
1695156611563 0.037248339504003525 726
1695156611927 0.026100046932697296 727
1695156612289 0.0305751021951437 728
1695156612652 0.02380567044019699 729
1695156613016 0.04617522656917572 730
1695156613378 0.03798999264836311 731
1695156613743 0.03421308100223541 732
1695156614106 0.036074019968509674 733
1695156614466 0.08555913716554642 734
1695156614830 0.025410257279872894 735
1695156615195 0.02426631562411785 736
1695156615554 0.03372375667095184 737
1695156615921 0.0219340231269598 738
1695156616284 0.05084073543548584 739
1695156616644 0.02501782216131687 740
1695156617006 0.05512210354208946 741
1695156617367 0.048354584723711014 742
1695156617727 0.04499487951397896 743
1695156618092 0.036228571087121964 744
1695156618455 0.02742816135287285 745
1695156618812 0.048925552517175674 746
1695156619176 0.03647007793188095 747
1695156619539 0.035586703568696976 748
1695156619898 0.05101964995265007 749
1695156620266 0.03380915895104408 750
1695156620627 0.01665225252509117 751
1695156620986 0.0112965302541852 752
1695156621351 0.02109028585255146 753
1695156621713 0.032700251787900925 754
1695156622073 0.03289712592959404 755
1695156622436 0.04236401617527008 756
1695156622796 0.013897591270506382 757
1695156623155 0.018978992477059364 758
1695156623521 0.03213302791118622 759
1695156623882 0.037031594663858414 760
1695156624240 0.00710586691275239 761
1695156624613 0.019085614010691643 762
1695156624971 0.025488201528787613 763
1695156625330 0.019054720178246498 764
1695156625692 0.046025827527046204 765
1695156626048 0.04762014374136925 766
1695156626412 0.0833263099193573 767
1695156626776 0.03216046094894409 768
1695156627132 0.032441288232803345 769
1695156627497 0.03748485445976257 770
1695156627862 0.06531782448291779 771
1695156628220 0.019260937348008156 772
1695156628586 0.03277335315942764 773
1695156628948 0.08609015494585037 774
1695156629305 0.03726498782634735 775
1695156629668 0.0167009849101305 776
1695156630032 0.027960043400526047 777
1695156630390 0.02842658758163452 778
1695156630750 0.027667410671710968 779
1695156631107 0.03934801369905472 780
1695156631469 0.06358242779970169 781
1695156631830 0.05669942870736122 782
1695156632189 0.04776262119412422 783
1695156632552 0.0217887070029974 784
1695156632916 0.018369577825069427 785
1695156633276 0.01063545886427164 786
1695156633640 0.011787962168455124 787
1695156633998 0.02745039388537407 788
1695156634359 0.00941102672368288 789
1695156634719 0.060778889805078506 790
1695156635084 0.04178676754236221 791
1695156635450 0.04392031207680702 792
1695156635812 0.019127432256937027 793
1695156636171 0.0660688728094101 794
1695156636533 0.05377703532576561 795
1695156636895 0.05482214689254761 796
1695156637253 0.014293646439909935 797
1695156637615 0.05998287722468376 798
1695156637978 0.0340350866317749 799
1695156638336 0.05688350275158882 800
1695156638699 0.011915345676243305 801
1695156639072 0.026914825662970543 802
1695156639442 0.03648853674530983 803
1695156639806 0.07203938812017441 804
1695156640170 0.03380255028605461 805
1695156640529 0.040276285260915756 806
1695156640893 0.030795572325587273 807
1695156641253 0.012956973165273666 808
1695156641612 0.05464186519384384 809
1695156641975 0.029141578823328018 810
1695156642339 0.03423883765935898 811
1695156642695 0.01302504725754261 812
1695156643062 0.03171756491065025 813
1695156643424 0.030176205560564995 814
1695156643785 0.03794587403535843 815
1695156644145 0.05650630220770836 816
1695156644509 0.048072103410959244 817
1695156644867 0.052721817046403885 818
1695156645230 0.03205086663365364 819
1695156645591 0.0647139772772789 820
1695156645949 0.013016419485211372 821
1695156646311 0.03308401256799698 822
1695156646673 0.05042407289147377 823
1695156647031 0.00896749272942543 824
1695156647391 0.013167536817491055 825
1695156647752 0.04220016300678253 826
1695156648112 0.017585519701242447 827
1695156648481 0.052165936678647995 828
1695156648841 0.06928416341543198 829
1695156649201 0.04715428501367569 830
1695156649565 0.0551825687289238 831
1695156649929 0.013463584706187248 832
1695156650287 0.05186418071389198 833
1695156650647 0.01334613747894764 834
1695156651010 0.015945499762892723 835
1695156651370 0.031409721821546555 836
1695156651733 0.035932108759880066 837
1695156652096 0.06315373629331589 838
1695156652454 0.028963210061192513 839
1695156652814 0.0434204563498497 840
1695156653177 0.011544379405677319 841
1695156653537 0.04156939312815666 842
1695156653899 0.026001673191785812 843
1695156654262 0.07287347316741943 844
1695156654620 0.06726189702749252 845
1695156654982 0.05336776748299599 846
1695156655344 0.020422056317329407 847
1695156655702 0.015312569215893745 848
1695156656071 0.027626683935523033 849
1695156656430 0.0279291570186615 850
1695156656788 0.046631135046482086 851
1695156657148 0.018369095399975777 852
1695156657507 0.03730352222919464 853
1695156657865 0.01947828195989132 854
1695156658231 0.05347449332475662 855
1695156658587 0.026660660281777382 856
1695156658945 0.028498034924268723 857
1695156659304 0.035596005618572235 858
1695156659660 0.03842604532837868 859
1695156660023 0.01967092603445053 860
1695156660387 0.04176239296793938 861
1695156660742 0.032670315355062485 862
1695156661103 0.03388538211584091 863
1695156661464 0.005288535729050636 864
1695156661820 0.033899642527103424 865
1695156662180 0.05683581158518791 866
1695156662542 0.034339871257543564 867
1695156662899 0.028364941477775574 868
1695156663260 0.051840826869010925 869
1695156663620 0.03233467414975166 870
1695156663977 0.04946431517601013 871
1695156664337 0.028255024924874306 872
1695156664695 0.050630610436201096 873
1695156665051 0.06819121539592743 874
1695156665410 0.025973152369260788 875
1695156665770 0.053840093314647675 876
1695156666128 0.035979047417640686 877
1695156666491 0.017700379714369774 878
1695156666854 0.08462110906839371 879
1695156667215 0.014914315193891525 880
1695156667578 0.042702723294496536 881
1695156667940 0.0644524097442627 882
1695156668300 0.036816615611314774 883
1695156668659 0.07033498585224152 884
1695156669019 0.018297839909791946 885
1695156669377 0.026864690706133842 886
1695156669736 0.08333417773246765 887
1695156670095 0.02604120410978794 888
1695156670455 0.02824309654533863 889
1695156670814 0.020206624642014503 890
1695156671174 0.030161254107952118 891
1695156671532 0.03599881753325462 892
1695156671890 0.010373476892709732 893
1695156672249 0.04658010974526405 894
1695156672609 0.034663546830415726 895
1695156672967 0.019816167652606964 896
1695156673328 0.028180154040455818 897
1695156673689 0.04619423672556877 898
1695156674051 0.01580657809972763 899
1695156674411 0.01593734510242939 900
1695156674777 0.03849970921874046 901
1695156675141 0.012385896407067776 902
1695156675500 0.007498343009501696 903
1695156675865 0.007985134609043598 904
1695156676227 0.008473634719848633 905
1695156676591 0.02190423384308815 906
1695156676952 0.05512358248233795 907
1695156677317 0.03569810837507248 908
1695156677675 0.018085932359099388 909
1695156678037 0.041902944445610046 910
1695156678399 0.016702838242053986 911
1695156678758 0.007198522798717022 912
1695156679117 0.015353194437921047 913
1695156679481 0.06405574828386307 914
1695156679841 0.07291872054338455 915
1695156680203 0.021389631554484367 916
1695156680564 0.005522056948393583 917
1695156680924 0.0052616773173213005 918
1695156681286 0.04217139631509781 919
1695156681645 0.042440980672836304 920
1695156682003 0.00709577277302742 921
1695156682372 0.04411287233233452 922
1695156682732 0.0049224295653402805 923
1695156683088 0.11252590268850327 924
1695156683448 0.028042079880833626 925
1695156683809 0.01810305565595627 926
1695156684172 0.022543029859662056 927
1695156684535 0.03928796201944351 928
1695156684895 0.05002583563327789 929
1695156685261 0.03101412020623684 930
1695156685624 0.04993772134184837 931
1695156685980 0.06880463659763336 932
1695156686338 0.04265221208333969 933
1695156686694 0.03743182122707367 934
1695156687049 0.012903374619781971 935
1695156687411 0.04048873856663704 936
1695156687770 0.05577563866972923 937
1695156688125 0.019365539774298668 938
1695156688490 0.013959444127976894 939
1695156688850 0.05946621298789978 940
1695156689207 0.025100676342844963 941
1695156689564 0.022267039865255356 942
1695156689924 0.012626872397959232 943
1695156690281 0.012273014523088932 944
1695156690641 0.010163964703679085 945
1695156690999 0.0403679758310318 946
1695156691355 0.02607373520731926 947
1695156691716 0.006975839845836163 948
1695156692073 0.009987566620111465 949
1695156692427 0.05614371597766876 950
1695156692781 0.04305614158511162 951
1695156693139 0.021700555458664894 952
1695156693493 0.05510373041033745 953
1695156693859 0.02513052150607109 954
1695156694218 0.06853639334440231 955
1695156694573 0.059481605887413025 956
1695156694935 0.047669824212789536 957
1695156695295 0.03126666694879532 958
1695156695652 0.011948222294449806 959
1695156696013 0.007981973700225353 960
1695156696373 0.040025897324085236 961
1695156696731 0.035621944814920425 962
1695156697094 0.008638469502329826 963
1695156697455 0.02231481671333313 964
1695156697813 0.03852396830916405 965
1695156698178 0.05486706271767616 966
1695156698539 0.05822542682290077 967
1695156698897 0.01164379995316267 968
1695156699259 0.07292970269918442 969
1695156699621 0.037813909351825714 970
1695156699981 0.036750514060258865 971
1695156700346 0.04343920946121216 972
1695156700708 0.02817651629447937 973
1695156701067 0.024826278910040855 974
1695156701431 0.03711432218551636 975
1695156701792 0.01402259711176157 976
1695156702153 0.028549451380968094 977
1695156702517 0.056100547313690186 978
1695156702877 0.0691104307770729 979
1695156703235 0.04994889348745346 980
1695156703596 0.07562553137540817 981
1695156703958 0.015145525336265564 982
1695156704317 0.04710237681865692 983
1695156704677 0.005933056585490704 984
1695156705039 0.034160662442445755 985
1695156705399 0.0549127459526062 986
1695156705766 0.01640445739030838 987
1695156706124 0.036043424159288406 988
1695156706480 0.044357381761074066 989
1695156706838 0.051787685602903366 990
1695156707194 0.08330480754375458 991
1695156707553 0.04349958896636963 992
1695156707912 0.017040040343999863 993
1695156708267 0.0739808976650238 994
1695156708629 0.05826745182275772 995
1695156708990 0.014729782938957214 996
1695156709347 0.026282625272870064 997
1695156709708 0.04342862218618393 998
1695156710069 0.05124980956315994 999
1695156710424 0.04693033918738365 1000
1695156710784 0.019354013726115227 1001
1695156711150 0.00997892115265131 1002
1695156711505 0.010329094715416431 1003
1695156711868 0.034841135144233704 1004
1695156712226 0.055240776389837265 1005
1695156712580 0.039154328405857086 1006
1695156712940 0.027824927121400833 1007
1695156713299 0.01981476880609989 1008
1695156713655 0.041107434779405594 1009
1695156714015 0.010226367972791195 1010
1695156714374 0.05235729739069939 1011
1695156714728 0.04296477138996124 1012
1695156715091 0.021596241742372513 1013
1695156715449 0.07499583065509796 1014
1695156715804 0.03585127741098404 1015
1695156716163 0.05038801208138466 1016
1695156716519 0.06387597322463989 1017
1695156716875 0.05333948880434036 1018
1695156717235 0.011419585905969143 1019
1695156717595 0.02620805613696575 1020
1695156717952 0.017830196768045425 1021
1695156718313 0.026653863489627838 1022
1695156718671 0.00916119385510683 1023
1695156719025 0.006142968311905861 1024
1695156719385 0.05390675365924835 1025
1695156719743 0.03601604700088501 1026
1695156720103 0.03672915697097778 1027
1695156720463 0.02730461210012436 1028
1695156720822 0.05807825177907944 1029
1695156721179 0.06305039674043655 1030
1695156721537 0.04575667157769203 1031
1695156721892 0.011988888494670391 1032
1695156722250 0.01791064813733101 1033
1695156722612 0.07755490392446518 1034
1695156722971 0.02888667955994606 1035
1695156723339 0.041649624705314636 1036
1695156723700 0.03075220249593258 1037
1695156724060 0.032438695430755615 1038
1695156724416 0.02639690600335598 1039
1695156724778 0.013603450730443 1040
1695156725138 0.0600288100540638 1041
1695156725495 0.004693916998803616 1042
1695156725853 0.01267438754439354 1043
1695156726217 0.01180856954306364 1044
1695156726577 0.06933136284351349 1045
1695156726943 0.08573788404464722 1046
1695156727307 0.014276620000600815 1047
1695156727664 0.01910027489066124 1048
1695156728032 0.05449238419532776 1049
1695156728393 0.034731730818748474 1050
1695156728753 0.018335256725549698 1051
1695156729116 0.004450432024896145 1052
1695156729478 0.03675726801156998 1053
1695156729843 0.06848641484975815 1054
1695156730210 0.04426809400320053 1055
1695156730572 0.019398272037506104 1056
1695156730930 0.03513025492429733 1057
1695156731293 0.05677519366145134 1058
1695156731654 0.04504750296473503 1059
1695156732012 0.027623921632766724 1060
1695156732379 0.04792026802897453 1061
1695156732742 0.006133069284260273 1062
1695156733104 0.038514237850904465 1063
1695156733470 0.021251481026411057 1064
1695156733833 0.0462789386510849 1065
1695156734192 0.007675992324948311 1066
1695156734555 0.01832462102174759 1067
1695156734917 0.01572767272591591 1068
1695156735274 0.009947811253368855 1069
1695156735638 0.041693735867738724 1070
1695156735998 0.013858914375305176 1071
1695156736354 0.02350543811917305 1072
1695156736717 0.044916946440935135 1073
1695156737076 0.06467075645923615 1074
1695156737434 0.018415087834000587 1075
1695156737795 0.009843784384429455 1076
1695156738155 0.02756715752184391 1077
1695156738514 0.025522960349917412 1078
1695156738875 0.04278809577226639 1079
1695156739234 0.027563966810703278 1080
1695156739590 0.06675633788108826 1081
1695156739949 0.05028769001364708 1082
1695156740308 0.051412276923656464 1083
1695156740663 0.010074506513774395 1084
1695156741030 0.010449584573507309 1085
1695156741393 0.016041090711951256 1086
1695156741752 0.010888895951211452 1087
1695156742115 0.039731282740831375 1088
1695156742477 0.03351221978664398 1089
1695156742835 0.06057029590010643 1090
1695156743202 0.03605802357196808 1091
1695156743565 0.02453991398215294 1092
1695156743926 0.0389612577855587 1093
1695156744284 0.026682209223508835 1094
1695156744642 0.059651847928762436 1095
1695156745004 0.04968135431408882 1096
1695156745363 0.021900024265050888 1097
1695156745722 0.05380652844905853 1098
1695156746081 0.016929131001234055 1099
1695156746437 0.016997255384922028 1100
1695156746794 0.061988215893507004 1101
1695156747149 0.07755116373300552 1102
1695156747520 0.03289470076560974 1103
1695156747873 0.027200035750865936 1104
1695156748231 0.008598582819104195 1105
1695156748585 0.0224533062428236 1106
1695156748939 0.03096446953713894 1107
1695156749290 0.028849851340055466 1108
1695156749644 0.037065327167510986 1109
1695156749998 0.04385371506214142 1110
1695156750359 0.051058802753686905 1111
1695156750713 0.08128650486469269 1112
1695156751078 0.04701114073395729 1113
1695156751433 0.015677543357014656 1114
1695156751790 0.05944522097706795 1115
1695156752153 0.06021152809262276 1116
1695156752511 0.02301306650042534 1117
1695156752867 0.0432019904255867 1118
1695156753222 0.025358323007822037 1119
1695156753584 0.05885373800992966 1120
1695156753944 0.06527640670537949 1121
1695156754303 0.03327229991555214 1122
1695156754660 0.025507016107439995 1123
1695156755016 0.030647750943899155 1124
1695156755374 0.0472278855741024 1125
1695156755731 0.0504181869328022 1126
1695156756090 0.015724461525678635 1127
1695156756447 0.007763353642076254 1128
1695156756806 0.028929762542247772 1129
1695156757160 0.027205726131796837 1130
1695156757513 0.012533500790596008 1131
1695156757873 0.05301985144615173 1132
1695156758231 0.025863945484161377 1133
1695156758584 0.01712953858077526 1134
1695156758946 0.056790053844451904 1135
1695156759303 0.02849113754928112 1136
1695156759656 0.05066077783703804 1137
1695156760013 0.035659629851579666 1138
1695156760373 0.04867496341466904 1139
1695156760731 0.02797582559287548 1140
1695156761093 0.051159895956516266 1141
1695156761450 0.027476858347654343 1142
1695156761810 0.041502367705106735 1143
1695156762174 0.02644021436572075 1144
1695156762534 0.059936296194791794 1145
1695156762891 0.02452239580452442 1146
1695156763248 0.04977504163980484 1147
1695156763604 0.021815186366438866 1148
1695156763968 0.02830667234957218 1149
1695156764325 0.027097579091787338 1150
1695156764683 0.009057985618710518 1151
1695156765043 0.01163144689053297 1152
1695156765409 0.025489099323749542 1153
1695156765771 0.03713822364807129 1154
1695156766131 0.0185449980199337 1155
1695156766495 0.007604964543133974 1156
1695156766856 0.03949004411697388 1157
1695156767211 0.02259167470037937 1158
1695156767574 0.03192894905805588 1159
1695156767936 0.01859590969979763 1160
1695156768293 0.044928599148988724 1161
1695156768654 0.025053691118955612 1162
1695156769013 0.09499146789312363 1163
1695156769369 0.02036857232451439 1164
1695156769733 0.01658490113914013 1165
1695156770087 0.05774261802434921 1166
1695156770440 0.051635559648275375 1167
1695156770798 0.011711545288562775 1168
1695156771155 0.010485942475497723 1169
1695156771516 0.009504835121333599 1170
1695156771874 0.042499855160713196 1171
1695156772239 0.01050693541765213 1172
1695156772601 0.01588444970548153 1173
1695156772959 0.02153453417122364 1174
1695156773323 0.037038497626781464 1175
1695156773689 0.09768608957529068 1176
1695156774048 0.01562665030360222 1177
1695156774406 0.026212332770228386 1178
1695156774762 0.026007620617747307 1179
1695156775120 0.05707815662026405 1180
1695156775480 0.043496400117874146 1181
1695156775838 0.016744112595915794 1182
1695156776202 0.019484486430883408 1183
1695156776561 0.006498626433312893 1184
1695156776919 0.0077806743793189526 1185
1695156777287 0.027750473469495773 1186
1695156777649 0.046976860612630844 1187
1695156778006 0.03734684735536575 1188
1695156778367 0.042625971138477325 1189
1695156778731 0.012069107964634895 1190
1695156779088 0.006675709504634142 1191
1695156779451 0.01704048365354538 1192
1695156779812 0.02266189455986023 1193
1695156780172 0.06512947380542755 1194
1695156780528 0.07410062849521637 1195
1695156780886 0.045363035053014755 1196
1695156781255 0.011808433569967747 1197
1695156781613 0.01033033337444067 1198
1695156781970 0.04887384548783302 1199
1695156782324 0.018688678741455078 1200
1695156782691 0.04702101647853851 1201
1695156783048 0.02142571657896042 1202
1695156783404 0.04393957182765007 1203
1695156783766 0.01766384206712246 1204
1695156784134 0.006521444767713547 1205
1695156784492 0.06036905571818352 1206
1695156784850 0.02113419957458973 1207
1695156785214 0.04694199934601784 1208
1695156785568 0.0246738251298666 1209
1695156785930 0.09188709408044815 1210
1695156786290 0.01753557100892067 1211
1695156786645 0.005749047733843327 1212
1695156787003 0.019547734409570694 1213
1695156787365 0.009183752350509167 1214
1695156787729 0.018561046570539474 1215
1695156788092 0.022018104791641235 1216
1695156788447 0.020567012950778008 1217
1695156788882 0.027424367144703865 1218
1695156789255 0.025747254490852356 1219
1695156789611 0.01910679042339325 1220
1695156789973 0.006264905910938978 1221
1695156790332 0.04284775257110596 1222
1695156790688 0.0108560835942626 1223
1695156791050 0.04779548570513725 1224
1695156791409 0.033644869923591614 1225
1695156791761 0.02675558067858219 1226
1695156792118 0.031112708151340485 1227
1695156792477 0.017897706478834152 1228
1695156792833 0.015814553946256638 1229
1695156793191 0.04786045104265213 1230
1695156793549 0.060234542936086655 1231
1695156793905 0.015141959302127361 1232
1695156794263 0.03794329613447189 1233
1695156794625 0.03575020655989647 1234
1695156794980 0.056228164583444595 1235
1695156795339 0.05089635029435158 1236
1695156795699 0.034321378916502 1237
1695156796054 0.007989472709596157 1238
1695156796417 0.024029238149523735 1239
1695156796780 0.008239485323429108 1240
1695156797135 0.03650503233075142 1241
1695156797501 0.01933102309703827 1242
1695156797860 0.02004089392721653 1243
1695156798214 0.019518116489052773 1244
1695156798573 0.024150092154741287 1245
1695156798933 0.011404111981391907 1246
1695156799293 0.04471531882882118 1247
1695156799650 0.030165404081344604 1248
1695156800008 0.01135827973484993 1249
1695156800367 0.010227945633232594 1250
1695156800724 0.00956729892641306 1251
1695156801080 0.005641913507133722 1252
1695156801437 0.02506987564265728 1253
1695156801795 0.04743307828903198 1254
1695156802151 0.012742072343826294 1255
1695156802509 0.04555487260222435 1256
1695156802865 0.01084586139768362 1257
1695156803222 0.023512495681643486 1258
1695156803580 0.018082164227962494 1259
1695156803935 0.015712903812527657 1260
1695156804293 0.010337526910007 1261
1695156804653 0.053299807012081146 1262
1695156805009 0.07880403101444244 1263
1695156805367 0.06295541673898697 1264
1695156805720 0.009207508526742458 1265
1695156806081 0.00975317507982254 1266
1695156806440 0.025225922465324402 1267
1695156806796 0.012232624925673008 1268
1695156807156 0.005534748081117868 1269
1695156807517 0.037252236157655716 1270
1695156807873 0.05055563896894455 1271
1695156808235 0.011314536444842815 1272
1695156808599 0.0553465373814106 1273
1695156808957 0.00958154909312725 1274
1695156809322 0.011610560119152069 1275
1695156809681 0.0771966502070427 1276
1695156810040 0.009766794741153717 1277
1695156810404 0.04327773675322533 1278
1695156810762 0.029262114316225052 1279
1695156811124 0.023590251803398132 1280
1695156811484 0.01911873184144497 1281
1695156811838 0.05919269472360611 1282
1695156812203 0.015633419156074524 1283
1695156812562 0.05740231275558472 1284
1695156812917 0.02597656100988388 1285
1695156813275 0.016823677346110344 1286
1695156813631 0.04162796586751938 1287
1695156813994 0.04313464090228081 1288
1695156814351 0.045411840081214905 1289
1695156814707 0.06602150946855545 1290
1695156815069 0.01414504274725914 1291
1695156815426 0.02266118675470352 1292
1695156815783 0.030504005029797554 1293
1695156816140 0.016551390290260315 1294
1695156816493 0.03751680999994278 1295
1695156816857 0.02671811543405056 1296
1695156817220 0.03245243430137634 1297
1695156817575 0.03422262519598007 1298
1695156817937 0.008911380544304848 1299
1695156818297 0.022058790549635887 1300
1695156818652 0.05821215733885765 1301
1695156819012 0.05887722223997116 1302
1695156819377 0.011349424719810486 1303
1695156819768 0.019896257668733597 1304
1695156820149 0.0147118354216218 1305
1695156820512 0.02431912161409855 1306
1695156820869 0.035475414246320724 1307
1695156821231 0.05033756420016289 1308
1695156821594 0.03931364044547081 1309
1695156821949 0.011670684441924095 1310
1695156822314 0.022482696920633316 1311
1695156822673 0.06316793709993362 1312
1695156823030 0.01650247909128666 1313
1695156823394 0.013372455723583698 1314
1695156823754 0.038397837430238724 1315
1695156824111 0.030672717839479446 1316
1695156824477 0.026069464161992073 1317
1695156824839 0.018308822065591812 1318
1695156825195 0.03272170573472977 1319
1695156825559 0.053223252296447754 1320
1695156825919 0.010835569351911545 1321
1695156826281 0.023235110566020012 1322
1695156826650 0.029697196558117867 1323
1695156827009 0.019665872678160667 1324
1695156827372 0.03694407641887665 1325
1695156827734 0.0493866503238678 1326
1695156828098 0.01956479623913765 1327
1695156828455 0.04938701540231705 1328
1695156828810 0.022107776254415512 1329
1695156829175 0.06452600657939911 1330
1695156829536 0.05418683961033821 1331
1695156829892 0.007730436976999044 1332
1695156830254 0.01897190324962139 1333
1695156830609 0.013502755202353 1334
1695156830967 0.07539916038513184 1335
1695156831326 0.02271871641278267 1336
1695156831683 0.02042868174612522 1337
1695156832046 0.015145357698202133 1338
1695156832404 0.02865304797887802 1339
1695156832760 0.034398797899484634 1340
1695156833122 0.027352770790457726 1341
1695156833480 0.02687288075685501 1342
1695156833841 0.014706389047205448 1343
1695156834201 0.012681479565799236 1344
1695156834558 0.02248387597501278 1345
1695156834911 0.010620983317494392 1346
1695156835267 0.03242035210132599 1347
1695156835623 0.02593330293893814 1348
1695156835979 0.06426093727350235 1349
1695156836339 0.05288968235254288 1350
1695156836703 0.023776624351739883 1351
1695156837057 0.03460096940398216 1352
1695156837416 0.02113080397248268 1353
1695156837773 0.020455719903111458 1354
1695156838131 0.03372726961970329 1355
1695156838492 0.011558011174201965 1356
1695156838852 0.02821326069533825 1357
1695156839210 0.03134630247950554 1358
1695156839572 0.03268079832196236 1359
1695156839933 0.022375838831067085 1360
1695156840297 0.02604672871530056 1361
1695156840660 0.025281056761741638 1362
1695156841016 0.028292957693338394 1363
1695156841373 0.04160453751683235 1364
1695156841729 0.10273133963346481 1365
1695156842084 0.017474951222538948 1366
1695156842445 0.044563017785549164 1367
1695156842803 0.03570619225502014 1368
1695156843166 0.027377532795071602 1369
1695156843529 0.03998588025569916 1370
1695156843886 0.01679050922393799 1371
1695156844248 0.013431262224912643 1372
1695156844607 0.022466998547315598 1373
1695156844966 0.04607571288943291 1374
1695156845323 0.03263755887746811 1375
1695156845684 0.006734712515026331 1376
1695156846047 0.013643131591379642 1377
1695156846405 0.015533287078142166 1378
1695156846760 0.05305882915854454 1379
1695156847120 0.01625082828104496 1380
1695156847479 0.011953030712902546 1381
1695156847849 0.016245216131210327 1382
1695156848209 0.018003348261117935 1383
1695156848570 0.027611033990979195 1384
1695156848924 0.05837097764015198 1385
1695156849282 0.04018959030508995 1386
1695156849639 0.017954783514142036 1387
1695156849994 0.012661952525377274 1388
1695156850352 0.05282660573720932 1389
1695156850716 0.04750131815671921 1390
1695156851072 0.02933073788881302 1391
1695156851426 0.016845226287841797 1392
1695156851779 0.02816116064786911 1393
1695156852138 0.025189494714140892 1394
1695156852498 0.050005290657281876 1395
1695156852854 0.012026164680719376 1396
1695156853214 0.0730876550078392 1397
1695156853570 0.01813092641532421 1398
1695156853928 0.06140989437699318 1399
1695156854287 0.008003395050764084 1400
1695156854649 0.00739955622702837 1401
1695156855006 0.020946118980646133 1402
1695156855366 0.006987471599131823 1403
1695156855721 0.018523188307881355 1404
1695156856084 0.024955032393336296 1405
1695156856445 0.013698975555598736 1406
1695156856805 0.015363032929599285 1407
1695156857163 0.03554096817970276 1408
1695156857523 0.02528359368443489 1409
1695156857878 0.006057907361537218 1410
1695156858238 0.016621606424450874 1411
1695156858595 0.060307517647743225 1412
1695156858956 0.020691372454166412 1413
1695156859317 0.054729312658309937 1414
1695156859675 0.043951574712991714 1415
1695156860035 0.03629818931221962 1416
1695156860399 0.07323677837848663 1417
1695156860756 0.027317406609654427 1418
1695156861117 0.012154306285083294 1419
1695156861476 0.016667652875185013 1420
1695156861831 0.04975053668022156 1421
1695156862194 0.009655681438744068 1422
1695156862552 0.04878305643796921 1423
1695156862910 0.05491036921739578 1424
1695156863275 0.025964422151446342 1425
1695156863641 0.007729316130280495 1426
1695156863996 0.03534536436200142 1427
1695156864360 0.03039095737040043 1428
1695156864714 0.031157361343503 1429
1695156865066 0.02214697375893593 1430
1695156865432 0.02548794448375702 1431
1695156865790 0.01262399461120367 1432
1695156866147 0.0198682714253664 1433
1695156866508 0.01711444929242134 1434
1695156866866 0.017886975780129433 1435
1695156867231 0.11899059265851974 1436
1695156867593 0.02198708988726139 1437
1695156867953 0.020517274737358093 1438
1695156868311 0.027545103803277016 1439
