1694168815772 0.9781607985496521 0
1694168817235 1.1483911275863647 1
1694168818860 0.8238570094108582 2
1694168820324 0.7796260714530945 3
1694168821893 0.6213322281837463 4
1694168823409 0.5364691615104675 5
1694168824961 0.5226143598556519 6
1694168826599 0.4937942922115326 7
1694168828307 0.5055744647979736 8
1694168829917 0.4763636291027069 9
1694168831377 0.4385366141796112 10
1694168832836 0.4415416717529297 11
1694168834409 0.4145555794239044 12
1694168835894 0.39121556282043457 13
1694168837686 0.42595165967941284 14
1694168839136 0.4405180513858795 15
1694168840591 0.39262476563453674 16
1694168842217 0.41489100456237793 17
1694168843720 0.39737382531166077 18
1694168845173 0.3746134340763092 19
1694168846590 0.3976190984249115 20
1694168848026 0.3699348270893097 21
1694168849447 0.3621218800544739 22
1694168850864 0.35271623730659485 23
1694168852305 0.34233230352401733 24
1694168853714 0.3505266010761261 25
1694168855139 0.3178189992904663 26
1694168856564 0.3310723602771759 27
1694168858024 0.31448689103126526 28
1694168859440 0.312671959400177 29
1694168860871 0.291316419839859 30
1694168862287 0.32866930961608887 31
1694168863799 0.30520254373550415 32
1694168865220 0.3553486168384552 33
1694168866636 0.333956241607666 34
1694168868105 0.2936401069164276 35
1694168869510 0.2799307405948639 36
1694168870912 0.2719043791294098 37
1694168872329 0.28401362895965576 38
1694168873744 0.27663546800613403 39
1694168875163 0.2778950035572052 40
1694168876585 0.25178423523902893 41
1694168878027 0.28890421986579895 42
1694168879448 0.31387078762054443 43
1694168880868 0.28222644329071045 44
1694168882293 0.2982766032218933 45
1694168883708 0.264212429523468 46
1694168885121 0.2831767797470093 47
1694168886536 0.2684932053089142 48
1694168887975 0.2545228600502014 49
1694168889399 0.27832838892936707 50
1694168890830 0.2775720953941345 51
1694168892242 0.28850266337394714 52
1694168893661 0.24853971600532532 53
1694168895076 0.2888011634349823 54
1694168896498 0.24336832761764526 55
1694168897942 0.23558388650417328 56
1694168899361 0.24751608073711395 57
1694168900777 0.2560385763645172 58
1694168902192 0.2250886857509613 59
1694168903646 0.22153185307979584 60
1694168905137 0.2463366687297821 61
1694168906551 0.2159605771303177 62
1694168907983 0.21745656430721283 63
1694168909401 0.24162939190864563 64
1694168910818 0.2650606632232666 65
1694168912231 0.24920912086963654 66
1694168913655 0.22081291675567627 67
1694168915074 0.2209216058254242 68
1694168916500 0.20753830671310425 69
1694168917952 0.203064426779747 70
1694168919377 0.23620480298995972 71
1694168920799 0.2166401892900467 72
1694168922221 0.24219928681850433 73
1694168923643 0.24035786092281342 74
1694168925064 0.20912712812423706 75
1694168926486 0.2329859733581543 76
1694168927928 0.23270589113235474 77
1694168929348 0.18494625389575958 78
1694168930769 0.21422700583934784 79
1694168932187 0.23328424990177155 80
1694168933607 0.2273551970720291 81
1694168935022 0.22134749591350555 82
1694168936442 0.23557661473751068 83
1694168937890 0.25562718510627747 84
1694168939305 0.20910796523094177 85
1694168940724 0.22746770083904266 86
1694168942141 0.20079657435417175 87
1694168943571 0.23188723623752594 88
1694168944990 0.22797337174415588 89
1694168946502 0.21479201316833496 90
1694168947949 0.22997720539569855 91
1694168949366 0.22732682526111603 92
1694168950781 0.2050168663263321 93
1694168952195 0.2296658456325531 94
1694168953612 0.20696566998958588 95
1694168955029 0.1884877234697342 96
1694168956446 0.21828368306159973 97
1694168957877 0.17979958653450012 98
1694168959291 0.21405614912509918 99
1694168960709 0.21492984890937805 100
1694168962126 0.23092330992221832 101
1694168963543 0.24264568090438843 102
1694168964960 0.2031303197145462 103
1694168966375 0.20614537596702576 104
1694168967824 0.20858047902584076 105
1694168969237 0.21644948422908783 106
1694168970651 0.21556104719638824 107
1694168972066 0.20628413558006287 108
1694168973486 0.24063099920749664 109
1694168974915 0.23771683871746063 110
1694168976330 0.21401095390319824 111
1694168977821 0.2179158627986908 112
1694168979236 0.1895633488893509 113
1694168980649 0.20419110357761383 114
1694168982059 0.20272758603096008 115
1694168983480 0.18244236707687378 116
1694168984903 0.22137892246246338 117
1694168986310 0.1990460455417633 118
1694168987820 0.1940651834011078 119
1694168989230 0.19680988788604736 120
1694168990643 0.1577923595905304 121
1694168992053 0.1946409046649933 122
1694168993462 0.18561595678329468 123
1694168994883 0.2083290070295334 124
1694168996301 0.18681783974170685 125
1694168997832 0.18495915830135345 126
1694168999244 0.21301190555095673 127
1694169000660 0.19070352613925934 128
1694169002075 0.1537458896636963 129
1694169003486 0.17764800786972046 130
1694169004917 0.1872463822364807 131
1694169006340 0.1890595406293869 132
1694169007820 0.18954476714134216 133
1694169009240 0.17212773859500885 134
1694169010672 0.17441049218177795 135
1694169012090 0.1895814687013626 136
1694169013520 0.18512944877147675 137
1694169014954 0.21303363144397736 138
1694169016403 0.20813754200935364 139
1694169017850 0.18188689649105072 140
1694169019366 0.17967431247234344 141
1694169020871 0.19345684349536896 142
1694169022327 0.1845402866601944 143
1694169023766 0.1695377677679062 144
1694169025256 0.17354951798915863 145
1694169026689 0.22522132098674774 146
1694169028123 0.14527136087417603 147
1694169029599 0.1899445652961731 148
1694169031051 0.18653954565525055 149
1694169032492 0.18883691728115082 150
1694169033932 0.17953619360923767 151
1694169035450 0.18431247770786285 152
1694169036950 0.17063704133033752 153
1694169038406 0.1684093177318573 154
1694169039827 0.16124887764453888 155
1694169041261 0.1726648509502411 156
1694169042702 0.16646915674209595 157
1694169044134 0.15355044603347778 158
1694169045552 0.18771618604660034 159
1694169046986 0.18292927742004395 160
1694169048413 0.17851273715496063 161
1694169049868 0.16912424564361572 162
1694169051347 0.17930661141872406 163
1694169052784 0.20090016722679138 164
1694169054210 0.18370340764522552 165
1694169055628 0.19152186810970306 166
1694169057230 0.19482019543647766 167
1694169058803 0.2099428027868271 168
1694169060306 0.1971782147884369 169
1694169061800 0.18179067969322205 170
1694169063269 0.1837022602558136 171
1694169064687 0.19470548629760742 172
1694169066179 0.16634906828403473 173
1694169067617 0.20380976796150208 174
1694169069054 0.20030884444713593 175
1694169070496 0.1894150972366333 176
1694169071939 0.16927415132522583 177
1694169073455 0.1796145886182785 178
1694169074885 0.1828242391347885 179
1694169076313 0.15846659243106842 180
1694169077748 0.17185848951339722 181
1694169079179 0.23246337473392487 182
1694169080601 0.15141312777996063 183
1694169082033 0.16865557432174683 184
1694169083467 0.17854714393615723 185
1694169084886 0.18359975516796112 186
1694169086312 0.18215979635715485 187
1694169087744 0.18535088002681732 188
1694169089169 0.17599743604660034 189
1694169090598 0.20273847877979279 190
1694169092038 0.19684714078903198 191
1694169093460 0.18722842633724213 192
1694169094893 0.1836281716823578 193
1694169096327 0.17799606919288635 194
1694169097764 0.12922526895999908 195
1694169099190 0.1824352890253067 196
1694169100611 0.19114950299263 197
1694169102060 0.18265902996063232 198
1694169103496 0.1803293079137802 199
1694169104938 0.18228590488433838 200
1694169106357 0.17598113417625427 201
1694169107808 0.16859906911849976 202
1694169109230 0.14779773354530334 203
1694169110698 0.16922655701637268 204
1694169112135 0.17328427731990814 205
1694169113788 0.19699811935424805 206
1694169115519 0.18515855073928833 207
1694169117144 0.15901656448841095 208
1694169118839 0.1772339642047882 209
1694169120276 0.18611903488636017 210
1694169121701 0.14995834231376648 211
1694169123131 0.17268241941928864 212
1694169124575 0.1453324407339096 213
1694169126265 0.1622105985879898 214
1694169127682 0.1737193763256073 215
1694169129090 0.19101670384407043 216
1694169130506 0.17205941677093506 217
1694169131933 0.1666349172592163 218
1694169133348 0.19042375683784485 219
1694169134772 0.16387997567653656 220
1694169136372 0.16193555295467377 221
1694169137807 0.18338623642921448 222
1694169139232 0.14993925392627716 223
1694169140983 0.1604565978050232 224
1694169142447 0.21241524815559387 225
1694169144038 0.19099894165992737 226
1694169145584 0.15517161786556244 227
1694169147017 0.14366276562213898 228
1694169148433 0.14686161279678345 229
1694169149878 0.14846135675907135 230
1694169151301 0.16306127607822418 231
1694169152760 0.16181206703186035 232
1694169154178 0.1731676608324051 233
1694169155646 0.1508503258228302 234
1694169157062 0.15091291069984436 235
1694169158478 0.1592608243227005 236
1694169159903 0.14540217816829681 237
1694169161332 0.12732933461666107 238
1694169162748 0.16761824488639832 239
1694169164161 0.1747020184993744 240
1694169165609 0.1368398219347 241
1694169167038 0.14380522072315216 242
1694169168466 0.13755659759044647 243
1694169169895 0.15531791746616364 244
1694169171329 0.16425220668315887 245
1694169172752 0.14945808053016663 246
1694169174176 0.1401434689760208 247
1694169175625 0.15633483231067657 248
1694169177056 0.157728910446167 249
1694169178480 0.16691207885742188 250
1694169179921 0.15654928982257843 251
1694169181352 0.12967292964458466 252
1694169182784 0.16389624774456024 253
1694169184207 0.16390947997570038 254
1694169185648 0.16695290803909302 255
1694169187063 0.18670110404491425 256
1694169188479 0.15793178975582123 257
