1694168815774 1.6765042543411255 0
1694168817236 1.2296228408813477 1
1694168818862 1.1685758829116821 2
1694168820325 1.1371502876281738 3
1694168821894 1.09792160987854 4
1694168823410 1.0845664739608765 5
1694168824962 1.0611306428909302 6
1694168826600 1.0365538597106934 7
1694168828308 1.0247430801391602 8
1694168829918 0.9985038638114929 9
1694168831379 0.9869764447212219 10
1694168832838 0.9725939631462097 11
1694168834410 0.951252818107605 12
1694168835895 0.9450822472572327 13
1694168837687 0.9329900741577148 14
1694168839138 0.8996186852455139 15
1694168840592 0.8803976774215698 16
1694168842218 0.862474262714386 17
1694168843722 0.8502282500267029 18
1694168845175 0.8169816136360168 19
1694168846591 0.7853721380233765 20
1694168848027 0.7651823163032532 21
1694168849448 0.7405009269714355 22
1694168850865 0.716364860534668 23
1694168852306 0.691963255405426 24
1694168853716 0.6634321212768555 25
1694168855141 0.643163800239563 26
1694168856565 0.6241574287414551 27
1694168858025 0.5998483896255493 28
1694168859441 0.5723730325698853 29
1694168860872 0.5675686001777649 30
1694168862288 0.5463986396789551 31
1694168863800 0.5279709696769714 32
1694168865221 0.5331891179084778 33
1694168866637 0.5154094099998474 34
1694168868106 0.4799160361289978 35
1694168869511 0.48349785804748535 36
1694168870913 0.46941131353378296 37
1694168872330 0.4649396240711212 38
1694168873746 0.4330712556838989 39
1694168875164 0.4275156259536743 40
1694168876586 0.4194544851779938 41
1694168878029 0.42866241931915283 42
1694168879450 0.43493345379829407 43
1694168880870 0.40586331486701965 44
1694168882294 0.41298019886016846 45
1694168883709 0.3915133774280548 46
1694168885122 0.37566709518432617 47
1694168886537 0.36606281995773315 48
1694168887977 0.38109496235847473 49
1694168889401 0.380946546792984 50
1694168890831 0.3620385527610779 51
1694168892244 0.3418435752391815 52
1694168893662 0.33618685603141785 53
1694168895077 0.3586498498916626 54
1694168896499 0.34422627091407776 55
1694168897943 0.3402966260910034 56
1694168899362 0.31403085589408875 57
1694168900778 0.3290751278400421 58
1694168902193 0.32264479994773865 59
1694168903647 0.3049611449241638 60
1694168905138 0.3049681782722473 61
1694168906552 0.3069593608379364 62
1694168907984 0.29952099919319153 63
1694168909403 0.28720563650131226 64
1694168910819 0.2990708649158478 65
1694168912233 0.2965303659439087 66
1694168913656 0.26237383484840393 67
1694168915075 0.2744082808494568 68
1694168916503 0.27477791905403137 69
1694168917953 0.29916617274284363 70
1694168919378 0.2640371322631836 71
1694168920800 0.2538616955280304 72
1694168922222 0.26469942927360535 73
1694168923644 0.2637960910797119 74
1694168925065 0.2628755569458008 75
1694168926488 0.2544398605823517 76
1694168927929 0.2648777663707733 77
1694168929349 0.25772160291671753 78
1694168930770 0.2602786123752594 79
1694168932189 0.251870334148407 80
1694168933608 0.25395098328590393 81
1694168935023 0.24474996328353882 82
1694168936443 0.2502017021179199 83
1694168937891 0.2617426812648773 84
1694168939306 0.23892496526241302 85
1694168940725 0.24388915300369263 86
1694168942142 0.22811831533908844 87
1694168943572 0.2332712858915329 88
1694168944992 0.21733492612838745 89
1694168946503 0.24479052424430847 90
1694168947950 0.2514062225818634 91
1694168949367 0.22225487232208252 92
1694168950782 0.2407565414905548 93
1694168952196 0.24487419426441193 94
1694168953613 0.21687845885753632 95
1694168955030 0.2416951209306717 96
1694168956447 0.22451946139335632 97
1694168957878 0.22212117910385132 98
1694168959293 0.20719221234321594 99
1694168960710 0.20988260209560394 100
1694168962128 0.22493429481983185 101
1694168963544 0.22637999057769775 102
1694168964962 0.21978186070919037 103
1694168966376 0.24331800639629364 104
1694168967825 0.20711824297904968 105
1694168969238 0.2214786857366562 106
1694168970652 0.23135994374752045 107
1694168972067 0.24303315579891205 108
1694168973487 0.24692906439304352 109
1694168974916 0.23922617733478546 110
1694168976331 0.2362312525510788 111
1694168977822 0.22325468063354492 112
1694168979237 0.21072347462177277 113
1694168980650 0.2221364825963974 114
1694168982060 0.21370379626750946 115
1694168983482 0.206271693110466 116
1694168984905 0.21182645857334137 117
1694168986311 0.20002718269824982 118
1694168987821 0.2421678602695465 119
1694168989231 0.22040042281150818 120
1694168990645 0.22427381575107574 121
1694168992054 0.20426909625530243 122
1694168993463 0.22886772453784943 123
1694168994884 0.2161678671836853 124
1694168996303 0.20606331527233124 125
1694168997833 0.2328297644853592 126
1694168999246 0.21039646863937378 127
1694169000661 0.18533195555210114 128
1694169002076 0.22184047102928162 129
1694169003487 0.2209942489862442 130
1694169004918 0.20281019806861877 131
1694169006341 0.21896463632583618 132
1694169007821 0.18939799070358276 133
1694169009241 0.20734365284442902 134
1694169010673 0.18468476831912994 135
1694169012091 0.19084852933883667 136
1694169013522 0.18062013387680054 137
1694169014956 0.19632183015346527 138
1694169016405 0.18534813821315765 139
1694169017851 0.21304044127464294 140
1694169019367 0.1914757788181305 141
1694169020872 0.19479510188102722 142
1694169022329 0.18994282186031342 143
1694169023767 0.16938301920890808 144
1694169025257 0.1903158724308014 145
1694169026690 0.21091124415397644 146
1694169028124 0.2057051658630371 147
1694169029600 0.18652714788913727 148
1694169031052 0.19683820009231567 149
1694169032493 0.18224893510341644 150
1694169033933 0.1652473360300064 151
1694169035452 0.16157400608062744 152
1694169036951 0.17821939289569855 153
1694169038407 0.16875062882900238 154
1694169039828 0.16967256367206573 155
1694169041262 0.19082318246364594 156
1694169042703 0.19881565868854523 157
1694169044135 0.1865171194076538 158
1694169045554 0.18028990924358368 159
1694169046987 0.19081850349903107 160
1694169048414 0.2137058526277542 161
1694169049869 0.18206870555877686 162
1694169051349 0.19726501405239105 163
1694169052786 0.18184730410575867 164
1694169054211 0.20926545560359955 165
1694169055629 0.19565169513225555 166
1694169057231 0.18364010751247406 167
1694169058804 0.16780322790145874 168
1694169060307 0.16613253951072693 169
1694169061801 0.17867623269557953 170
1694169063270 0.1786707490682602 171
1694169064688 0.17041219770908356 172
1694169066180 0.1692514419555664 173
1694169067619 0.18930089473724365 174
1694169069055 0.18874657154083252 175
1694169070497 0.17244553565979004 176
1694169071941 0.19943572580814362 177
1694169073456 0.15953566133975983 178
1694169074886 0.16214744746685028 179
1694169076314 0.16702555119991302 180
1694169077750 0.22232840955257416 181
1694169079180 0.17461974918842316 182
1694169080602 0.17959903180599213 183
1694169082034 0.18889570236206055 184
1694169083468 0.15835531055927277 185
1694169084887 0.15802717208862305 186
1694169086313 0.18697047233581543 187
1694169087745 0.1625741720199585 188
1694169089170 0.20578636229038239 189
1694169090599 0.20018287003040314 190
1694169092039 0.19754493236541748 191
1694169093461 0.16677874326705933 192
1694169094895 0.16692177951335907 193
1694169096328 0.15112288296222687 194
1694169097765 0.16449293494224548 195
1694169099192 0.16237379610538483 196
1694169100612 0.16335803270339966 197
1694169102061 0.15970197319984436 198
1694169103497 0.12742139399051666 199
1694169104939 0.16823510825634003 200
1694169106358 0.1541549414396286 201
1694169107809 0.14512866735458374 202
1694169109231 0.1613370031118393 203
1694169110700 0.14275416731834412 204
1694169112136 0.14282889664173126 205
1694169113789 0.15692812204360962 206
1694169115521 0.12951289117336273 207
1694169117145 0.15579380095005035 208
1694169118840 0.16505330801010132 209
1694169120277 0.1504168063402176 210
1694169121703 0.1337636262178421 211
1694169123133 0.14993323385715485 212
1694169124576 0.1521434485912323 213
1694169126267 0.1451040506362915 214
1694169127683 0.14746829867362976 215
1694169129091 0.16134554147720337 216
1694169130507 0.16570496559143066 217
1694169131934 0.13228434324264526 218
1694169133350 0.14151982963085175 219
1694169134773 0.14588414132595062 220
1694169136373 0.14218130707740784 221
1694169137810 0.18125607073307037 222
1694169139235 0.14278243482112885 223
1694169140985 0.17768020927906036 224
1694169142448 0.21028079092502594 225
1694169144040 0.20958150923252106 226
1694169145586 0.14752919971942902 227
1694169147019 0.1197044849395752 228
1694169148435 0.14666032791137695 229
1694169149880 0.14711028337478638 230
1694169151302 0.13667820394039154 231
1694169152761 0.13791319727897644 232
1694169154180 0.1486196666955948 233
1694169155647 0.1376013159751892 234
1694169157063 0.13723570108413696 235
1694169158480 0.13238927721977234 236
1694169159904 0.11148632317781448 237
1694169161333 0.13828399777412415 238
1694169162749 0.12257234007120132 239
1694169164162 0.1347377449274063 240
1694169165610 0.13015156984329224 241
1694169167040 0.1102772131562233 242
1694169168467 0.12853863835334778 243
1694169169896 0.1168798953294754 244
1694169171330 0.12386490404605865 245
1694169172753 0.21013818681240082 246
1694169174177 0.1680600345134735 247
1694169175627 0.16779585182666779 248
1694169177057 0.12671558558940887 249
1694169178481 0.13273608684539795 250
1694169179922 0.13119596242904663 251
1694169181353 0.12093304842710495 252
1694169182785 0.11003069579601288 253
1694169184208 0.11719806492328644 254
1694169185649 0.12413113564252853 255
1694169187064 0.16414177417755127 256
1694169188481 0.15012100338935852 257
