1694168815775 2.654664993286133 0
1694168817237 2.378014087677002 1
1694168818863 1.9924328327178955 2
1694168820327 1.916776418685913 3
1694168821896 1.7192537784576416 4
1694168823411 1.6210355758666992 5
1694168824963 1.583745002746582 6
1694168826601 1.5303481817245483 7
1694168828309 1.5303175449371338 8
1694168829919 1.4748674631118774 9
1694168831380 1.4255130290985107 10
1694168832839 1.4141356945037842 11
1694168834411 1.365808367729187 12
1694168835896 1.3362977504730225 13
1694168837688 1.3589417934417725 14
1694168839139 1.3401367664337158 15
1694168840594 1.2730224132537842 16
1694168842219 1.2773652076721191 17
1694168843723 1.247602105140686 18
1694168845176 1.1915950775146484 19
1694168846592 1.1829912662506104 20
1694168848029 1.1351171731948853 21
1694168849449 1.1026227474212646 22
1694168850866 1.0690810680389404 23
1694168852307 1.0342955589294434 24
1694168853719 1.0139586925506592 25
1694168855142 0.9609827995300293 26
1694168856566 0.9552297592163086 27
1694168858026 0.9143352508544922 28
1694168859448 0.8850449919700623 29
1694168860873 0.8588850498199463 30
1694168862289 0.875067949295044 31
1694168863801 0.8331735134124756 32
1694168865222 0.8885377645492554 33
1694168866638 0.8493656516075134 34
1694168868107 0.773556113243103 35
1694168869512 0.7634285688400269 36
1694168870914 0.7413157224655151 37
1694168872331 0.7489532232284546 38
1694168873747 0.709706723690033 39
1694168875165 0.7054105997085571 40
1694168876587 0.6712387204170227 41
1694168878031 0.7175666093826294 42
1694168879451 0.7488042116165161 43
1694168880871 0.6880897283554077 44
1694168882295 0.7112568020820618 45
1694168883710 0.6557258367538452 46
1694168885123 0.6588438749313354 47
1694168886538 0.6345560550689697 48
1694168887978 0.6356178522109985 49
1694168889402 0.6592749357223511 50
1694168890832 0.6396106481552124 51
1694168892245 0.6303462386131287 52
1694168893663 0.5847265720367432 53
1694168895084 0.6474510431289673 54
1694168896500 0.5875946283340454 55
1694168897944 0.5758805274963379 56
1694168899363 0.5615469217300415 57
1694168900779 0.5851137042045593 58
1694168902195 0.5477334856987 59
1694168903648 0.5264930129051208 60
1694168905139 0.551304817199707 61
1694168906553 0.5229199528694153 62
1694168907985 0.5169775485992432 63
1694168909404 0.5288350582122803 64
1694168910820 0.564131498336792 65
1694168912234 0.545739471912384 66
1694168913657 0.4831867516040802 67
1694168915082 0.495329886674881 68
1694168916505 0.4823162257671356 69
1694168917954 0.5022305846214294 70
1694168919380 0.5002419352531433 71
1694168920801 0.4705018997192383 72
1694168922223 0.5068987011909485 73
1694168923645 0.5041539669036865 74
1694168925066 0.47200268507003784 75
1694168926489 0.487425833940506 76
1694168927930 0.49758365750312805 77
1694168929350 0.4426678419113159 78
1694168930771 0.47450560331344604 79
1694168932191 0.48515456914901733 80
1694168933609 0.48130619525909424 81
1694168935024 0.46609747409820557 82
1694168936444 0.4857783317565918 83
1694168937892 0.5173698663711548 84
1694168939308 0.4480329155921936 85
1694168940726 0.4713568687438965 86
1694168942143 0.4289149045944214 87
1694168943573 0.46515852212905884 88
1694168944998 0.44530829787254333 89
1694168946504 0.45958253741264343 90
1694168947951 0.48138344287872314 91
1694168949368 0.44958168268203735 92
1694168950783 0.4457734227180481 93
1694168952197 0.4745400547981262 94
1694168953614 0.4238441288471222 95
1694168955031 0.4301828444004059 96
1694168956448 0.44280314445495605 97
1694168957879 0.40192076563835144 98
1694168959294 0.4212483763694763 99
1694168960711 0.4248124361038208 100
1694168962129 0.45585760474205017 101
1694168963545 0.4690256714820862 102
1694168964963 0.4229121804237366 103
1694168966377 0.4494633674621582 104
1694168967826 0.41569870710372925 105
1694168969239 0.437928169965744 106
1694168970653 0.4469209909439087 107
1694168972068 0.4493172764778137 108
1694168973488 0.48756006360054016 109
1694168974917 0.4769430160522461 110
1694168976332 0.45024222135543823 111
1694168977823 0.4411705434322357 112
1694168979238 0.40028682351112366 113
1694168980651 0.42632758617401123 114
1694168982061 0.41643136739730835 115
1694168983483 0.388714075088501 116
1694168984906 0.43320536613464355 117
1694168986312 0.3990732431411743 118
1694168987822 0.4362330436706543 119
1694168989232 0.41721031069755554 120
1694168990646 0.38206619024276733 121
1694168992055 0.3989099860191345 122
1694168993464 0.4144836664199829 123
1694168994885 0.4244968891143799 124
1694168996304 0.3928811550140381 125
1694168997834 0.41778892278671265 126
1694168999247 0.4234083890914917 127
1694169000662 0.3760354816913605 128
1694169002077 0.3755863606929779 129
1694169003488 0.39864224195480347 130
1694169004919 0.3900565803050995 131
1694169006342 0.4080241918563843 132
1694169007822 0.3789427578449249 133
1694169009248 0.37947139143943787 134
1694169010674 0.3590952754020691 135
1694169012092 0.3804299831390381 136
1694169013523 0.3657495975494385 137
1694169014957 0.4093554615974426 138
1694169016406 0.3934856653213501 139
1694169017852 0.39492732286453247 140
1694169019368 0.37115007638931274 141
1694169020873 0.3882519602775574 142
1694169022330 0.3744831085205078 143
1694169023768 0.3389207720756531 144
1694169025258 0.36386537551879883 145
1694169026691 0.436132550239563 146
1694169028125 0.35097652673721313 147
1694169029601 0.37647169828414917 148
1694169031053 0.38337773084640503 149
1694169032494 0.37108585238456726 150
1694169033934 0.3447835445404053 151
1694169035454 0.3458864688873291 152
1694169036952 0.34885644912719727 153
1694169038408 0.3371599316596985 154
1694169039829 0.3309214413166046 155
1694169041263 0.36348801851272583 156
1694169042704 0.36528480052948 157
1694169044136 0.3400675654411316 158
1694169045555 0.3680061101913452 159
1694169046988 0.3737477660179138 160
1694169048415 0.39221858978271484 161
1694169049870 0.3511929512023926 162
1694169051350 0.3765716254711151 163
1694169052787 0.38274747133255005 164
1694169054212 0.3929688632488251 165
1694169055630 0.3871735632419586 166
1694169057232 0.3784602880477905 167
1694169058805 0.377746045589447 168
1694169060309 0.3633107542991638 169
1694169061802 0.3604668974876404 170
1694169063271 0.3623729944229126 171
1694169064689 0.3651176691055298 172
1694169066181 0.33560049533843994 173
1694169067620 0.3931106626987457 174
1694169069056 0.38905543088912964 175
1694169070498 0.36186063289642334 176
1694169071942 0.36870986223220825 177
1694169073457 0.33915024995803833 178
1694169074887 0.3449716866016388 179
1694169076315 0.32549214363098145 180
1694169077751 0.39418691396713257 181
1694169079181 0.407083123922348 182
1694169080603 0.33101215958595276 183
1694169082035 0.3575512766838074 184
1694169083469 0.3369024395942688 185
1694169084888 0.34162694215774536 186
1694169086314 0.3691302537918091 187
1694169087746 0.347925066947937 188
1694169089171 0.38178378343582153 189
1694169090600 0.4029213488101959 190
1694169092040 0.39439207315444946 191
1694169093462 0.35400718450546265 192
1694169094896 0.35054993629455566 193
1694169096329 0.3291189670562744 194
1694169097767 0.29371821880340576 195
1694169099193 0.34480908513069153 196
1694169100613 0.35450753569602966 197
1694169102062 0.3423610031604767 198
1694169103498 0.3077507019042969 199
1694169104940 0.3505210280418396 200
1694169106359 0.3301360607147217 201
1694169107810 0.3137277364730835 202
1694169109238 0.30913472175598145 203
1694169110701 0.3119807243347168 204
1694169112137 0.3161131739616394 205
1694169113790 0.35392624139785767 206
1694169115522 0.31467145681381226 207
1694169117146 0.3148103654384613 208
1694169118841 0.3422872722148895 209
1694169120279 0.33653584122657776 210
1694169121704 0.2837219834327698 211
1694169123135 0.3226156532764435 212
1694169124577 0.2974758744239807 213
1694169126268 0.3073146343231201 214
1694169127684 0.32118767499923706 215
1694169129092 0.3523622453212738 216
1694169130508 0.3377643823623657 217
1694169131935 0.2989192605018616 218
1694169133351 0.3319435715675354 219
1694169134775 0.3097641170024872 220
1694169136374 0.3041168451309204 221
1694169137812 0.36464232206344604 222
1694169139237 0.292721688747406 223
1694169140986 0.33813679218292236 224
1694169142449 0.422696053981781 225
1694169144041 0.4005804657936096 226
1694169145587 0.30270081758499146 227
1694169147020 0.263367235660553 228
1694169148436 0.2935219407081604 229
1694169149881 0.29557162523269653 230
1694169151303 0.2997394800186157 231
1694169152762 0.2997252643108368 232
1694169154181 0.3217873275279999 233
1694169155648 0.2884516417980194 234
1694169157065 0.2881486117839813 235
1694169158481 0.29165011644363403 236
1694169159905 0.2568885087966919 237
1694169161334 0.265613317489624 238
1694169162750 0.29019057750701904 239
1694169164163 0.3094397783279419 240
1694169165611 0.26699137687683105 241
1694169167041 0.25408244132995605 242
1694169168468 0.26609522104263306 243
1694169169897 0.27219781279563904 244
1694169171331 0.28811711072921753 245
1694169172754 0.35959625244140625 246
1694169174179 0.3082035183906555 247
1694169175628 0.32413068413734436 248
1694169177058 0.28444451093673706 249
1694169178488 0.2996481657028198 250
1694169179923 0.28774523735046387 251
1694169181354 0.250605970621109 252
1694169182786 0.2739269435405731 253
1694169184209 0.2811075448989868 254
1694169185650 0.29108405113220215 255
1694169187065 0.3508428931236267 256
1694169188482 0.30805277824401855 257
