1695119389778 5253.91796875 0
1695119393502 5234.6513671875 1
1695119393686 5313.3896484375 2
1695119393879 5196.0146484375 3
1695119394068 5218.5888671875 4
1695119394254 5280.626953125 5
1695119394429 5268.30419921875 6
1695119394605 5351.189453125 7
1695119394778 5248.783203125 8
1695119394951 5131.7529296875 9
1695119395124 5197.2978515625 10
1695119395310 5316.515625 11
1695119395495 5250.11474609375 12
1695119395676 5189.2861328125 13
1695119395860 5298.814453125 14
1695119396045 5190.46337890625 15
1695119396232 5209.9453125 16
1695119396423 5131.765625 17
1695119396606 5141.58203125 18
1695119396796 5122.4853515625 19
1695119396985 5214.05224609375 20
1695119397173 5264.4873046875 21
1695119397361 5158.9677734375 22
1695119397534 5164.931640625 23
1695119397710 5203.669921875 24
1695119397885 5115.12646484375 25
1695119398061 5177.478515625 26
1695119398234 5168.8671875 27
1695119398409 5127.45947265625 28
1695119398583 5243.59423828125 29
1695119398762 5206.62841796875 30
1695119398934 5201.1494140625 31
1695119399110 5221.0703125 32
1695119399301 5131.205078125 33
1695119399488 5131.962890625 34
1695119399662 5162.85107421875 35
1695119399836 5075.05859375 36
1695119400008 5141.3603515625 37
1695119400183 5137.88916015625 38
1695119400361 5196.6669921875 39
1695119400535 5122.6884765625 40
1695119400725 5130.0166015625 41
1695119400917 5062.984375 42
1695119401105 5094.85009765625 43
1695119401292 5071.587890625 44
1695119401463 5126.796875 45
1695119401638 5075.59326171875 46
1695119401816 5109.29345703125 47
1695119402014 5169.79052734375 48
1695119402201 5041.24853515625 49
1695119402388 5046.8544921875 50
1695119402576 5128.3447265625 51
1695119402763 5172.619140625 52
1695119402949 5027.90087890625 53
1695119403125 5110.466796875 54
1695119403302 5146.798828125 55
1695119403487 5119.65771484375 56
1695119403664 5037.603515625 57
1695119403841 5114.0322265625 58
1695119404013 5140.3193359375 59
1695119404189 5094.41259765625 60
1695119404376 5168.58642578125 61
1695119404562 5088.6826171875 62
1695119404748 5032.16259765625 63
1695119404926 5073.46484375 64
1695119405105 4980.8369140625 65
1695119405292 5048.74658203125 66
1695119405473 5028.59375 67
1695119405663 5193.6865234375 68
1695119405849 5148.4189453125 69
1695119406027 5053.6962890625 70
1695119406210 5065.6611328125 71
1695119406396 5073.73095703125 72
1695119406583 4925.3837890625 73
1695119406774 5109.61962890625 74
1695119406960 5164.6806640625 75
1695119407148 5004.7822265625 76
1695119407330 5011.8505859375 77
1695119407508 4976.96875 78
1695119407682 5101.0537109375 79
1695119407859 5015.60302734375 80
1695119408041 5029.9873046875 81
1695119408229 5159.986328125 82
1695119408403 5185.0771484375 83
1695119408592 5040.87890625 84
1695119408779 5130.25732421875 85
1695119408972 5004.20654296875 86
1695119409168 4990.01806640625 87
1695119409347 5083.201171875 88
1695119409527 5062.21142578125 89
1695119409713 5012.423828125 90
1695119409891 5052.814453125 91
1695119410065 5127.8369140625 92
1695119410239 4974.5107421875 93
1695119410412 4966.26611328125 94
1695119410584 4921.3115234375 95
1695119410755 4869.650390625 96
1695119410928 5039.138671875 97
1695119411103 4929.08984375 98
1695119411277 5096.244140625 99
1695119411451 5068.64892578125 100
1695119415531 5007.447265625 101
1695119415718 5131.236328125 102
1695119415900 5112.2568359375 103
1695119416079 4974.7529296875 104
1695119416264 5008.3251953125 105
1695119416450 4988.716796875 106
1695119416627 4891.623046875 107
1695119416808 5090.2392578125 108
1695119416998 4987.71484375 109
1695119417178 5008.974609375 110
1695119417370 4937.17626953125 111
1695119417570 4993.78515625 112
1695119417760 5013.2880859375 113
1695119417940 4896.79638671875 114
1695119418128 5112.31396484375 115
1695119418314 4968.11328125 116
1695119418502 5083.51953125 117
1695119418687 4858.7734375 118
1695119418867 4974.6748046875 119
1695119419051 4920.8994140625 120
1695119419247 5075.8017578125 121
1695119419425 4929.52294921875 122
1695119419604 4970.98974609375 123
1695119419777 4985.20166015625 124
1695119419952 4998.662109375 125
1695119420129 5000.92822265625 126
1695119420314 4994.04052734375 127
1695119420499 5029.94873046875 128
1695119420685 4977.18115234375 129
1695119420872 4884.9140625 130
1695119421053 4894.404296875 131
1695119421225 5001.0986328125 132
1695119421404 5081.9794921875 133
1695119421580 5010.4560546875 134
1695119421775 5078.091796875 135
1695119421969 5080.7685546875 136
1695119422162 5145.826171875 137
1695119422345 5054.037109375 138
1695119422520 5030.2890625 139
1695119422695 5001.060546875 140
1695119422869 4956.80859375 141
1695119423043 4973.87158203125 142
1695119423217 4873.6943359375 143
1695119423391 4965.41015625 144
1695119423566 5118.3828125 145
1695119423743 4974.4169921875 146
1695119423929 4930.333984375 147
1695119424111 5065.45166015625 148
1695119424297 4993.97998046875 149
1695119424486 5023.408203125 150
1695119424665 4994.73193359375 151
1695119424857 5083.47802734375 152
1695119425045 5127.26025390625 153
1695119425234 4908.3515625 154
1695119425420 5049.7001953125 155
1695119425607 4943.7578125 156
1695119425791 4964.056640625 157
1695119425976 5071.259765625 158
1695119426164 4887.8291015625 159
1695119426350 4900.96044921875 160
1695119426528 5007.205078125 161
1695119426702 5035.7568359375 162
1695119426885 4963.0009765625 163
1695119427065 4887.74951171875 164
1695119427238 5029.16064453125 165
1695119427413 5213.046875 166
1695119427592 5012.43896484375 167
1695119427773 5100.7314453125 168
1695119427947 4965.1845703125 169
1695119428121 4822.44140625 170
1695119428294 4826.68408203125 171
1695119428468 5001.4208984375 172
1695119428640 4947.125 173
1695119428812 5149.5234375 174
1695119428986 4823.7001953125 175
1695119429169 4943.767578125 176
1695119429346 4963.3037109375 177
1695119429522 4923.4072265625 178
1695119429696 5034.52978515625 179
1695119429874 4972.9833984375 180
1695119430050 4915.71435546875 181
1695119430232 4885.28759765625 182
1695119430418 4867.66015625 183
1695119430608 4718.654296875 184
1695119430807 4735.6298828125 185
1695119430997 4988.02294921875 186
1695119431191 4788.92138671875 187
1695119431385 4731.4306640625 188
1695119431583 5013.4541015625 189
1695119431778 4748.28271484375 190
1695119431964 4946.23388671875 191
1695119432143 5158.00537109375 192
1695119432316 5055.10546875 193
1695119432489 4877.2041015625 194
1695119432675 5015.6650390625 195
1695119432860 4994.24267578125 196
1695119433046 5049.24755859375 197
1695119433230 4782.751953125 198
1695119433416 4955.1923828125 199
1695119433601 4948.4404296875 200
1695119437511 4940.4521484375 201
1695119437685 5132.34765625 202
1695119437861 4891.322265625 203
1695119438034 4860.18359375 204
1695119438217 4922.92333984375 205
1695119438396 4939.51611328125 206
1695119438582 5271.67138671875 207
1695119438769 5098.71923828125 208
1695119438947 5023.46484375 209
1695119439122 4979.59716796875 210
1695119439295 4724.8603515625 211
1695119439470 5004.4580078125 212
1695119439642 5054.47998046875 213
1695119439816 4902.3623046875 214
1695119439991 4838.2666015625 215
1695119440179 4999.67236328125 216
1695119440362 4936.1494140625 217
1695119440537 4945.98388671875 218
1695119440712 5018.8876953125 219
1695119440888 4765.94921875 220
1695119441064 5139.89111328125 221
1695119441241 4774.720703125 222
1695119441424 4812.69921875 223
1695119441613 4938.51953125 224
1695119441789 4770.93212890625 225
1695119441963 4934.9560546875 226
1695119442142 4845.8759765625 227
1695119442328 4789.82861328125 228
1695119442505 4990.62353515625 229
1695119442680 5074.126953125 230
1695119442857 4959.9111328125 231
1695119443037 4683.1708984375 232
1695119443209 5018.1904296875 233
1695119443385 5048.556640625 234
1695119443557 4619.833984375 235
1695119443732 5001.728515625 236
1695119443907 5346.9072265625 237
1695119444081 5233.2109375 238
1695119444258 4818.59716796875 239
1695119444434 4818.1591796875 240
1695119444607 4888.841796875 241
1695119444780 5047.37060546875 242
1695119444953 4941.837890625 243
1695119445125 4906.30908203125 244
1695119445299 4814.048828125 245
1695119445474 5012.23876953125 246
1695119445650 4938.87939453125 247
1695119445822 5010.837890625 248
1695119445996 4951.53271484375 249
1695119446172 4872.69921875 250
1695119446347 4914.728515625 251
1695119446519 5454.69482421875 252
1695119446701 4758.78466796875 253
1695119446890 4912.6494140625 254
1695119447078 4746.95849609375 255
1695119447263 4928.421875 256
1695119447449 4745.69970703125 257
1695119447629 5081.9521484375 258
1695119447824 4943.4775390625 259
1695119448019 5049.283203125 260
1695119448208 4762.16796875 261
1695119448401 5041.6083984375 262
1695119448595 5034.521484375 263
1695119448788 5252.2724609375 264
1695119448960 4913.58154296875 265
1695119449135 5171.330078125 266
1695119449314 4779.119140625 267
1695119449488 5155.2421875 268
1695119449661 4795.4560546875 269
1695119449834 5022.26611328125 270
1695119450009 4683.19384765625 271
1695119450183 5138.1884765625 272
1695119450360 4896.84033203125 273
1695119450534 5095.38525390625 274
1695119450710 4794.2998046875 275
1695119450884 4768.97509765625 276
1695119451061 4982.666015625 277
1695119451252 4888.708984375 278
1695119451432 5260.6494140625 279
1695119451610 4873.1162109375 280
1695119451789 4886.4033203125 281
1695119451965 4979.3994140625 282
1695119452141 5005.86376953125 283
1695119452315 4975.83154296875 284
1695119452492 5000.775390625 285
1695119452667 5115.0439453125 286
1695119452841 5155.27587890625 287
1695119453018 5012.951171875 288
1695119453196 5043.00634765625 289
1695119453371 5022.05126953125 290
1695119453545 4816.5361328125 291
1695119453720 4808.33203125 292
1695119453894 4969.13671875 293
1695119454068 4994.28125 294
1695119454244 4933.16064453125 295
1695119454418 4757.95703125 296
1695119454594 5075.79345703125 297
1695119454771 4986.333984375 298
1695119454947 4960.125 299
1695119455126 5085.583984375 300
1695119459002 4618.84521484375 301
1695119459185 5046.8466796875 302
1695119459361 4768.41455078125 303
1695119459537 4565.6650390625 304
1695119459712 5482.15234375 305
1695119459885 4755.8623046875 306
1695119460071 4853.8974609375 307
1695119460257 5061.93701171875 308
1695119460447 5165.5556640625 309
1695119460639 5047.9404296875 310
1695119460828 4835.27392578125 311
1695119461015 4601.0869140625 312
1695119461204 5130.15625 313
1695119461398 4938.9921875 314
1695119461574 5028.82421875 315
1695119461758 4912.041015625 316
1695119461944 4855.8037109375 317
1695119462117 4919.1982421875 318
1695119462297 4877.74755859375 319
1695119462483 5132.30419921875 320
1695119462659 5525.89794921875 321
1695119462832 4842.2978515625 322
1695119463008 4834.5927734375 323
1695119463184 4960.59814453125 324
1695119463359 4706.60009765625 325
1695119463531 4996.86572265625 326
1695119463707 4594.44921875 327
1695119463881 5121.142578125 328
1695119464053 4597.5869140625 329
1695119464227 4921.53466796875 330
1695119464400 6022.74609375 331
1695119464575 4929.3974609375 332
1695119464748 4500.1865234375 333
1695119464921 5692.107421875 334
1695119465095 5909.1787109375 335
1695119465273 5314.1025390625 336
1695119465447 4611.1357421875 337
1695119465620 4856.59765625 338
1695119465792 5162.796875 339
1695119465972 5213.27880859375 340
1695119466156 5503.2626953125 341
1695119466332 4998.7197265625 342
1695119466515 4958.60595703125 343
1695119466703 4690.5234375 344
1695119466891 4927.326171875 345
1695119467091 5138.72998046875 346
1695119467282 4803.4267578125 347
1695119467474 5105.3056640625 348
1695119467661 4911.7431640625 349
1695119467858 4685.87353515625 350
1695119468039 5097.55908203125 351
1695119468211 5075.8818359375 352
1695119468388 4547.2392578125 353
1695119468561 5434.4658203125 354
1695119468733 4794.421875 355
1695119468911 4979.64990234375 356
1695119469095 4681.2021484375 357
1695119469280 5490.3896484375 358
1695119469456 5487.56201171875 359
1695119469630 4735.7275390625 360
1695119469803 5070.505859375 361
1695119469977 5071.8349609375 362
1695119470151 4834.6787109375 363
1695119470324 5434.357421875 364
1695119470497 5003.83154296875 365
1695119470670 4621.9345703125 366
1695119470843 5468.11328125 367
1695119471016 5288.7998046875 368
1695119471189 4741.982421875 369
1695119471362 5115.03662109375 370
1695119471535 4870.4609375 371
1695119471708 5310.384765625 372
1695119471882 4934.287109375 373
1695119472056 4842.7724609375 374
1695119472229 5141.84033203125 375
1695119472405 5135.384765625 376
1695119472579 5085.96728515625 377
1695119472756 5751.00634765625 378
1695119472929 4917.9677734375 379
1695119473101 4922.9208984375 380
1695119473287 5172.0234375 381
1695119473472 4653.03271484375 382
1695119473657 6671.091796875 383
1695119473858 5096.2998046875 384
1695119474050 4961.3984375 385
1695119474239 5361.732421875 386
1695119474429 4960.17236328125 387
1695119474622 5532.85400390625 388
1695119474808 4866.96630859375 389
1695119474981 5213.515625 390
1695119475154 4927.81640625 391
1695119475332 4880.5791015625 392
1695119475522 4887.8916015625 393
1695119475712 5075.3466796875 394
1695119475899 5038.7734375 395
1695119476077 5401.90625 396
1695119476250 5048.38671875 397
1695119476426 5153.8642578125 398
1695119476605 4797.0341796875 399
1695119476781 5381.52099609375 400
1695119480789 5382.6416015625 401
1695119480965 5194.44287109375 402
1695119481143 5205.40625 403
1695119481331 4947.1796875 404
1695119481528 5262.96826171875 405
1695119481719 4917.068359375 406
1695119481911 5003.36279296875 407
1695119482103 4845.99951171875 408
1695119482281 4987.779296875 409
1695119482459 4949.13037109375 410
1695119482635 4845.888671875 411
1695119482811 5063.1640625 412
1695119482987 5019.361328125 413
1695119483162 5210.5380859375 414
1695119483338 5508.51806640625 415
1695119483514 4877.22314453125 416
1695119483691 4834.634765625 417
1695119483866 5217.81298828125 418
1695119484043 5192.32177734375 419
1695119484218 5026.830078125 420
1695119484394 4908.19677734375 421
1695119484569 4632.72705078125 422
1695119484748 4929.494140625 423
1695119484925 4963.5810546875 424
1695119485113 4951.03466796875 425
1695119485312 5028.123046875 426
1695119485505 5170.8095703125 427
1695119485688 4818.6376953125 428
1695119485870 4967.85595703125 429
1695119486044 5122.8681640625 430
1695119486220 4818.751953125 431
1695119486394 5105.0 432
1695119486568 5110.47998046875 433
1695119486741 4878.5380859375 434
1695119486913 4915.0634765625 435
1695119487084 5092.615234375 436
1695119487258 4860.580078125 437
1695119487432 5138.6220703125 438
1695119487623 4915.546875 439
1695119487795 4987.744140625 440
1695119487968 4988.55810546875 441
1695119488142 4783.025390625 442
1695119488315 4913.85888671875 443
1695119488489 4883.5234375 444
1695119488662 4959.5830078125 445
1695119488836 4798.8095703125 446
1695119489014 4699.19287109375 447
1695119489201 4972.32177734375 448
1695119489388 4826.0380859375 449
1695119489576 4685.9140625 450
1695119489763 5189.05517578125 451
1695119489955 5208.70166015625 452
1695119490144 5142.86328125 453
1695119490335 4892.9970703125 454
1695119490521 5253.2529296875 455
1695119490719 5542.4384765625 456
1695119490900 4942.66650390625 457
1695119491075 4739.3583984375 458
1695119491251 5208.42138671875 459
1695119491425 5073.2021484375 460
1695119491598 5312.3232421875 461
1695119491772 4862.97802734375 462
1695119491951 5073.56298828125 463
1695119492137 4883.3544921875 464
1695119492311 5215.21923828125 465
1695119492504 4672.52978515625 466
1695119492696 6097.82177734375 467
1695119492887 4654.4306640625 468
1695119493075 5391.72802734375 469
1695119493268 4726.3603515625 470
1695119493445 4769.22998046875 471
1695119493618 4827.68017578125 472
1695119493794 5068.19189453125 473
1695119493971 4953.306640625 474
1695119494145 4725.169921875 475
1695119494320 4967.97216796875 476
1695119494506 5373.34814453125 477
1695119494689 4927.0087890625 478
1695119494869 4902.83056640625 479
1695119495055 4579.9697265625 480
1695119495241 4503.02783203125 481
1695119495435 4978.2373046875 482
1695119495636 5360.45166015625 483
1695119495826 4381.1171875 484
1695119496013 4898.525390625 485
1695119496201 5030.79443359375 486
1695119496403 5235.4072265625 487
1695119496581 5073.65966796875 488
1695119496770 4590.24072265625 489
1695119496954 4771.57373046875 490
1695119497139 4932.828125 491
1695119497319 4620.45458984375 492
1695119497495 4814.4814453125 493
1695119497670 4366.0009765625 494
1695119497843 4764.13720703125 495
1695119498019 4354.2060546875 496
1695119498193 5598.3212890625 497
1695119498366 5146.93701171875 498
1695119498539 4967.20947265625 499
1695119498711 6098.6142578125 500
1695119502658 6796.423828125 501
1695119502833 4611.5908203125 502
1695119503007 4900.46630859375 503
1695119503184 5437.3310546875 504
1695119503357 4430.6123046875 505
1695119503532 5151.85546875 506
1695119503708 7222.3115234375 507
1695119503899 4787.12890625 508
1695119504080 5060.61865234375 509
1695119504259 5263.0751953125 510
1695119504435 4102.376953125 511
1695119504610 4995.16845703125 512
1695119504785 7248.2236328125 513
1695119504974 4968.58203125 514
1695119505166 5314.826171875 515
1695119505352 5261.8740234375 516
1695119505533 4693.48095703125 517
1695119505729 4680.4296875 518
1695119505921 6378.373046875 519
1695119506106 4687.611328125 520
1695119506292 5494.0576171875 521
1695119506488 5242.83740234375 522
1695119506681 5017.51806640625 523
1695119506874 5049.36181640625 524
1695119507064 4871.63427734375 525
1695119507263 5020.3544921875 526
1695119507442 4816.0166015625 527
1695119507617 5531.71435546875 528
1695119507794 5821.65380859375 529
1695119507969 4693.96875 530
1695119508142 5132.89892578125 531
1695119508315 5040.7392578125 532
1695119508495 5039.4345703125 533
1695119508680 4992.67138671875 534
1695119508862 5252.74072265625 535
1695119509055 4858.8125 536
1695119509244 5294.48828125 537
1695119509434 6121.994140625 538
1695119509628 5316.259765625 539
1695119509813 5114.78759765625 540
1695119509986 4811.5126953125 541
1695119510160 5733.837890625 542
1695119510336 5394.3388671875 543
1695119510511 4891.11865234375 544
1695119510685 4474.19140625 545
1695119510860 5435.294921875 546
1695119511047 5245.138671875 547
1695119511239 4421.630859375 548
1695119511428 5245.2236328125 549
1695119511603 5126.4208984375 550
1695119511778 5788.5791015625 551
1695119511952 4857.6708984375 552
1695119512127 5240.5205078125 553
1695119512300 4465.89208984375 554
1695119512472 4914.888671875 555
1695119512649 4997.6669921875 556
1695119512823 5133.6416015625 557
1695119512998 5203.13671875 558
1695119513173 5004.857421875 559
1695119513348 5137.04931640625 560
1695119513524 4791.685546875 561
1695119513700 5208.0595703125 562
1695119513875 5121.23046875 563
1695119514052 4547.22998046875 564
1695119514228 5091.01953125 565
1695119514405 4683.427734375 566
1695119514579 4892.251953125 567
1695119514753 4622.357421875 568
1695119514928 5166.1484375 569
1695119515100 4557.8505859375 570
1695119515276 5446.869140625 571
1695119515450 6167.04052734375 572
1695119515625 4468.298828125 573
1695119515799 4183.48876953125 574
1695119515984 4855.20703125 575
1695119516161 5175.86669921875 576
1695119516345 5279.17529296875 577
1695119516520 4745.115234375 578
1695119516697 4761.548828125 579
1695119516872 4447.63037109375 580
1695119517060 5156.572265625 581
1695119517237 4816.61083984375 582
1695119517412 4960.880859375 583
1695119517592 4736.14599609375 584
1695119517769 5227.462890625 585
1695119517943 4237.83935546875 586
1695119518121 5388.0703125 587
1695119518307 5107.013671875 588
1695119518489 5912.220703125 589
1695119518666 5110.67578125 590
1695119518855 4168.4853515625 591
1695119519030 5828.2333984375 592
1695119519207 7251.42822265625 593
1695119519383 4615.8232421875 594
1695119519560 4609.6083984375 595
1695119519737 4792.7470703125 596
1695119519913 4876.15869140625 597
1695119520089 4593.2099609375 598
1695119520276 5859.4541015625 599
1695119520453 4842.7529296875 600
1695119524305 4565.9228515625 601
1695119524487 6085.01220703125 602
1695119524666 5385.7333984375 603
1695119524844 6532.28515625 604
1695119525023 5061.68701171875 605
1695119525203 4634.037109375 606
1695119525381 5927.857421875 607
1695119525557 4869.36669921875 608
1695119525732 4719.52783203125 609
1695119525906 5979.94677734375 610
1695119526080 5849.3193359375 611
1695119526260 4891.2919921875 612
1695119526436 4674.49609375 613
1695119526612 5173.2236328125 614
1695119526793 5011.6806640625 615
1695119526969 6819.98291015625 616
1695119527145 4997.79638671875 617
1695119527320 4600.1435546875 618
1695119527496 4217.87353515625 619
1695119527671 4986.7763671875 620
1695119527846 4253.0927734375 621
1695119528023 6236.39404296875 622
1695119528198 4138.3642578125 623
1695119528374 3883.30712890625 624
1695119528550 5987.86767578125 625
1695119528728 5253.3916015625 626
1695119528912 9698.919921875 627
1695119529102 4961.04931640625 628
1695119529295 5523.775390625 629
1695119529484 4399.6513671875 630
1695119529674 4800.8447265625 631
1695119529851 4263.9208984375 632
1695119530027 5827.287109375 633
1695119530210 4665.6064453125 634
1695119530389 5212.490234375 635
1695119530568 4669.046875 636
1695119530745 4523.83935546875 637
1695119530919 5397.345703125 638
1695119531106 6047.7255859375 639
1695119531294 4650.61083984375 640
1695119531483 6623.71337890625 641
1695119531671 6494.1962890625 642
1695119531856 4400.17333984375 643
1695119532034 5796.1572265625 644
1695119532211 6616.35546875 645
1695119532388 6726.744140625 646
1695119532566 5982.6435546875 647
1695119532746 4653.3916015625 648
1695119532926 7999.3447265625 649
1695119533107 5360.8447265625 650
1695119533284 4463.11376953125 651
1695119533461 5178.98779296875 652
1695119533655 5183.6328125 653
1695119533839 6181.013671875 654
1695119534020 5876.3994140625 655
1695119534202 5731.52294921875 656
1695119534375 5005.8017578125 657
1695119534561 5052.052734375 658
1695119534738 5486.83056640625 659
1695119534915 5509.2939453125 660
1695119535093 5130.109375 661
1695119535270 5254.34912109375 662
