1695119699568 3252.708984375 0
1695119703410 3234.13818359375 1
1695119703587 3229.79931640625 2
1695119703764 3216.89599609375 3
1695119703940 3207.24462890625 4
1695119704116 3260.436767578125 5
1695119704291 3255.93017578125 6
1695119704466 3217.0166015625 7
1695119704642 3217.2509765625 8
1695119704819 3236.1455078125 9
1695119704995 3227.28857421875 10
1695119705172 3235.61865234375 11
1695119705347 3237.0439453125 12
1695119705523 3291.093994140625 13
1695119705700 3206.99267578125 14
1695119705876 3213.1552734375 15
1695119706052 3255.9921875 16
1695119706228 3231.92431640625 17
1695119706405 3255.837646484375 18
1695119706578 3254.97216796875 19
1695119706752 3202.7880859375 20
1695119706929 3265.96728515625 21
1695119707104 3215.245849609375 22
1695119707280 3192.271484375 23
1695119707455 3270.9326171875 24
1695119707631 3275.2763671875 25
1695119707807 3243.04931640625 26
1695119707984 3249.359375 27
1695119708161 3189.6279296875 28
1695119708335 3230.00341796875 29
1695119708509 3273.15478515625 30
1695119708684 3218.44189453125 31
1695119708859 3205.8564453125 32
1695119709033 3186.46630859375 33
1695119709208 3167.30517578125 34
1695119709383 3108.1142578125 35
1695119709559 3171.267578125 36
1695119709734 3248.771484375 37
1695119709909 3271.34423828125 38
1695119710086 3237.84912109375 39
1695119710262 3225.681640625 40
1695119710437 3170.731201171875 41
1695119710614 3164.37451171875 42
1695119710788 3223.0908203125 43
1695119710963 3111.416015625 44
1695119711138 3178.4892578125 45
1695119711312 3195.73583984375 46
1695119711489 3204.9931640625 47
1695119711666 3169.86328125 48
1695119711842 3184.40234375 49
1695119712018 3198.5234375 50
1695119712194 3233.2900390625 51
1695119712370 3194.93359375 52
1695119712544 3280.0830078125 53
1695119712719 3266.321044921875 54
1695119712893 3193.13330078125 55
1695119713067 3136.84033203125 56
1695119713256 3199.177734375 57
1695119713430 3165.27587890625 58
1695119713605 3174.79736328125 59
1695119713781 3255.0966796875 60
1695119713958 3182.64404296875 61
1695119714135 3208.2734375 62
1695119714313 3182.125 63
1695119714489 3215.56201171875 64
1695119714665 3189.23779296875 65
1695119714846 3213.4052734375 66
1695119715023 3158.336669921875 67
1695119715200 3167.49267578125 68
1695119715376 3195.72021484375 69
1695119715553 3138.169921875 70
1695119715730 3161.20556640625 71
1695119715909 3194.769287109375 72
1695119716085 3133.199462890625 73
1695119716263 3148.751953125 74
1695119716440 3155.66015625 75
1695119716617 3186.96630859375 76
1695119716795 3163.182861328125 77
1695119716970 3141.77880859375 78
1695119717146 3218.46484375 79
1695119717322 3206.44287109375 80
1695119717500 3057.591064453125 81
1695119717678 3225.3564453125 82
1695119717853 3119.563232421875 83
1695119718029 3146.837646484375 84
1695119718205 3171.2509765625 85
1695119718381 3189.91162109375 86
1695119718558 3182.296142578125 87
1695119718735 3199.341064453125 88
1695119718912 3164.33203125 89
1695119719087 3148.67724609375 90
1695119719265 3193.2939453125 91
1695119719443 3173.955810546875 92
1695119719620 3144.3505859375 93
1695119719797 3196.64306640625 94
1695119719974 3149.87158203125 95
1695119720149 3208.79736328125 96
1695119720325 3174.361083984375 97
1695119720502 3222.949951171875 98
1695119720687 3112.14501953125 99
1695119720868 3171.56201171875 100
1695119724910 3199.463134765625 101
1695119725092 3113.87646484375 102
1695119725271 3096.410400390625 103
1695119725462 3163.53955078125 104
1695119725637 3116.17236328125 105
1695119725813 3093.65625 106
1695119725989 3145.6708984375 107
1695119726163 3133.19775390625 108
1695119726338 3102.79443359375 109
1695119726512 3074.742919921875 110
1695119726687 3161.52978515625 111
1695119726860 3111.375 112
1695119727035 3048.17529296875 113
1695119727222 3146.177734375 114
1695119727416 3127.0263671875 115
1695119727604 3116.759033203125 116
1695119727802 3043.8466796875 117
1695119727990 3150.455078125 118
1695119728172 3148.1796875 119
1695119728348 3131.33154296875 120
1695119728522 3177.734619140625 121
1695119728696 3177.533203125 122
1695119728871 3050.9033203125 123
1695119729045 3162.836181640625 124
1695119729237 3160.329833984375 125
1695119729434 3145.5498046875 126
1695119729624 3149.422607421875 127
1695119729804 3153.454833984375 128
1695119729985 3088.22802734375 129
1695119730172 3101.2900390625 130
1695119730359 3129.93701171875 131
1695119730546 3137.37255859375 132
1695119730732 3114.857177734375 133
1695119730911 3071.248046875 134
1695119731095 3110.52734375 135
1695119731270 3024.6005859375 136
1695119731446 3115.591064453125 137
1695119731620 3151.177734375 138
1695119731794 3140.71044921875 139
1695119731974 3083.73291015625 140
1695119732164 3169.5537109375 141
1695119732352 3119.292236328125 142
1695119732538 3161.33447265625 143
1695119732721 3166.28271484375 144
1695119732908 3182.19970703125 145
1695119733090 3074.941650390625 146
1695119733286 3057.826904296875 147
1695119733483 3013.650146484375 148
1695119733671 3128.1142578125 149
1695119733850 2998.279296875 150
1695119734031 3114.261962890625 151
1695119734206 3069.206787109375 152
1695119734388 3109.6728515625 153
1695119734577 3071.65625 154
1695119734766 3014.1064453125 155
1695119734953 3113.91259765625 156
1695119735143 3068.88232421875 157
1695119735329 3066.0126953125 158
1695119735505 3150.06298828125 159
1695119735678 3067.48681640625 160
1695119735866 3036.900390625 161
1695119736050 3042.4228515625 162
1695119736238 3011.07421875 163
1695119736428 3098.95458984375 164
1695119736620 3121.9931640625 165
1695119736811 3067.064697265625 166
1695119737003 3053.16064453125 167
1695119737196 3110.698974609375 168
1695119737389 3167.742431640625 169
1695119737583 3090.18896484375 170
1695119737774 3076.16748046875 171
1695119737962 3093.21630859375 172
1695119738145 3048.5810546875 173
1695119738320 3157.3662109375 174
1695119738499 3117.931640625 175
1695119738684 3090.19580078125 176
1695119738859 3097.765625 177
1695119739033 3051.942138671875 178
1695119739210 3054.06103515625 179
1695119739397 3151.113037109375 180
1695119739599 3061.10205078125 181
1695119739788 3085.2841796875 182
1695119739965 3009.59423828125 183
1695119740143 3108.51806640625 184
1695119740322 3014.815185546875 185
1695119740499 3085.148681640625 186
1695119740683 3067.15673828125 187
1695119740870 3027.6181640625 188
1695119741045 3026.150390625 189
1695119741221 3075.905029296875 190
1695119741411 3068.586181640625 191
1695119741586 3153.762939453125 192
1695119741765 3113.726806640625 193
1695119741940 3079.14697265625 194
1695119742117 3075.76513671875 195
1695119742290 3099.965087890625 196
1695119742463 3126.29296875 197
1695119742648 3058.814453125 198
1695119742835 3039.947265625 199
1695119743020 3123.2109375 200
1695119747008 3088.52587890625 201
1695119747182 3090.61083984375 202
1695119747356 3027.5390625 203
1695119747529 3083.72216796875 204
1695119747702 3083.41455078125 205
1695119747876 3046.098388671875 206
1695119748052 3033.960693359375 207
1695119748225 3050.92138671875 208
1695119748399 3036.910888671875 209
1695119748577 3004.93408203125 210
1695119748749 3096.3681640625 211
1695119748922 2983.59375 212
1695119749096 2987.607421875 213
1695119749279 2976.6953125 214
1695119749464 3048.2724609375 215
1695119749640 3076.14892578125 216
1695119749813 3035.0205078125 217
1695119749994 3035.384033203125 218
1695119750180 3037.07421875 219
1695119750367 3017.67529296875 220
1695119750541 3066.57373046875 221
1695119750717 3088.423828125 222
1695119750895 2988.15185546875 223
1695119751068 3055.2763671875 224
1695119751242 3038.912109375 225
1695119751416 2983.076416015625 226
1695119751590 2999.993896484375 227
1695119751776 3062.54248046875 228
1695119751971 3070.030517578125 229
1695119752160 3070.4404296875 230
1695119752351 3103.374755859375 231
1695119752545 2965.547119140625 232
1695119752738 3009.3095703125 233
1695119752911 3048.3056640625 234
1695119753088 3036.92236328125 235
1695119753276 3066.12158203125 236
1695119753458 3064.28271484375 237
1695119753632 3097.37841796875 238
1695119753817 3096.681640625 239
1695119753997 2945.408935546875 240
1695119754172 3010.34619140625 241
1695119754350 3047.4990234375 242
1695119754524 3127.39453125 243
1695119754698 2975.45751953125 244
1695119754872 2963.1826171875 245
1695119755048 2994.6572265625 246
1695119755221 3055.793701171875 247
1695119755395 3059.103515625 248
1695119755572 3060.8857421875 249
1695119755749 3027.665283203125 250
1695119755925 3023.59716796875 251
1695119756097 3039.4892578125 252
1695119756272 2938.702880859375 253
1695119756446 2987.88525390625 254
1695119756618 2987.87744140625 255
1695119756791 3033.49267578125 256
1695119756964 3041.16943359375 257
1695119757141 3074.15478515625 258
1695119757315 3077.12451171875 259
1695119757491 3063.4482421875 260
1695119757668 3039.7041015625 261
1695119757845 3056.692626953125 262
1695119758020 3000.428955078125 263
1695119758216 3061.00732421875 264
1695119758406 3033.9716796875 265
1695119758588 3037.9853515625 266
1695119758777 3050.533447265625 267
1695119758953 2987.10546875 268
1695119759139 3066.85888671875 269
1695119759329 3046.86328125 270
1695119759518 3054.64111328125 271
1695119759706 3010.190673828125 272
1695119759890 3018.041259765625 273
1695119760066 3016.927490234375 274
1695119760242 3061.8125 275
1695119760431 3067.24755859375 276
1695119760616 3083.560546875 277
1695119760797 3014.00830078125 278
1695119760981 3126.18896484375 279
1695119761160 3017.969482421875 280
1695119761334 3040.6513671875 281
1695119761514 3053.426513671875 282
1695119761701 2983.017578125 283
1695119761880 2983.572998046875 284
1695119762069 2980.259765625 285
1695119762262 3053.2607421875 286
1695119762455 3033.868896484375 287
1695119762649 3036.467041015625 288
1695119762839 3050.7783203125 289
1695119763029 3032.1220703125 290
1695119763215 2918.6552734375 291
1695119763406 3028.673828125 292
1695119763602 2976.0634765625 293
1695119763791 2964.966796875 294
1695119763978 2978.1875 295
1695119764155 2967.8720703125 296
1695119764343 2980.179931640625 297
1695119764535 3026.92529296875 298
1695119764725 3003.923828125 299
1695119764916 3018.31884765625 300
1695119768861 2890.2001953125 301
1695119769047 2950.34716796875 302
1695119769221 3071.31591796875 303
1695119769396 3014.298095703125 304
1695119769571 3096.27880859375 305
1695119769746 2982.90771484375 306
1695119769921 3045.22607421875 307
1695119770097 3026.3779296875 308
1695119770273 2986.366943359375 309
1695119770468 3056.67431640625 310
1695119770656 3005.9228515625 311
1695119770838 2914.818359375 312
1695119771033 3067.602294921875 313
1695119771227 2952.2626953125 314
1695119771415 2937.7109375 315
1695119771602 2990.4384765625 316
1695119771790 3056.101318359375 317
1695119771985 2989.7109375 318
1695119772175 2979.97900390625 319
1695119772370 3021.03125 320
1695119772566 2932.1591796875 321
1695119772749 2956.999755859375 322
1695119772932 2909.472900390625 323
1695119773116 2975.81884765625 324
1695119773292 2989.26904296875 325
1695119773469 2931.225830078125 326
1695119773642 2942.107666015625 327
1695119773817 3001.59130859375 328
1695119773993 2959.10302734375 329
1695119774166 2958.56884765625 330
1695119774340 3051.45947265625 331
1695119774515 2986.06787109375 332
1695119774687 2994.725341796875 333
1695119774860 2914.818603515625 334
1695119775034 2980.873046875 335
1695119775219 2992.47265625 336
1695119775405 2986.44189453125 337
1695119775578 3007.224853515625 338
1695119775750 3068.908203125 339
1695119775928 2996.45263671875 340
1695119776114 2935.966796875 341
1695119776292 2992.89697265625 342
1695119776482 2923.06640625 343
1695119776672 2915.7314453125 344
1695119776862 2950.60302734375 345
1695119777049 3002.38427734375 346
1695119777236 2953.45654296875 347
1695119777437 2954.551513671875 348
1695119777631 2970.408203125 349
1695119777820 2986.854248046875 350
1695119778018 2979.591796875 351
1695119778215 2914.472900390625 352
1695119778404 2909.9677734375 353
1695119778593 2929.448974609375 354
1695119778781 2942.00390625 355
1695119778968 2976.11376953125 356
1695119779142 2941.7919921875 357
1695119779316 2856.593017578125 358
1695119779489 2913.28857421875 359
1695119779661 2909.5908203125 360
1695119779834 2901.3251953125 361
1695119780007 2999.25390625 362
1695119780181 2855.9404296875 363
1695119780356 2975.642822265625 364
1695119780531 2885.375732421875 365
1695119780704 2898.493896484375 366
1695119780878 3026.0625 367
1695119781052 2941.224609375 368
1695119781227 2926.854248046875 369
1695119781402 3010.980224609375 370
1695119781577 2972.722900390625 371
1695119781750 3026.3134765625 372
1695119781926 2920.95166015625 373
1695119782100 2945.955322265625 374
1695119782273 2963.110595703125 375
1695119782450 2995.751708984375 376
1695119782624 2933.013671875 377
1695119782797 3049.85302734375 378
1695119782970 2897.7490234375 379
1695119783144 2872.54150390625 380
1695119783318 2998.663818359375 381
1695119783491 2973.2080078125 382
1695119783665 2946.1591796875 383
1695119783839 2969.4140625 384
1695119784014 2958.6240234375 385
1695119784187 2919.2255859375 386
1695119784362 2933.5361328125 387
1695119784536 2807.9404296875 388
1695119784711 2991.70751953125 389
1695119784885 3011.2919921875 390
1695119785059 2981.9267578125 391
1695119785233 2919.81591796875 392
1695119785407 2907.830810546875 393
1695119785582 2879.251953125 394
1695119785767 2895.8701171875 395
1695119785955 2864.02099609375 396
1695119786132 3007.6689453125 397
1695119786320 2894.0517578125 398
1695119786504 2935.10107421875 399
1695119786678 2940.64794921875 400
1695119790765 2928.9404296875 401
1695119790960 2953.53662109375 402
1695119791172 2912.84326171875 403
1695119791362 2887.19384765625 404
1695119791535 2843.255126953125 405
1695119791715 2845.734375 406
1695119791903 2961.091796875 407
1695119792091 2937.85595703125 408
1695119792264 2927.706298828125 409
1695119792438 2917.85546875 410
1695119792612 2871.685546875 411
1695119792788 2783.12158203125 412
1695119792961 2939.62158203125 413
1695119793135 2952.497802734375 414
1695119793309 2822.41162109375 415
1695119793481 2900.027099609375 416
1695119793655 2943.49365234375 417
1695119793828 2873.1240234375 418
1695119794004 2856.3955078125 419
1695119794178 2837.634765625 420
1695119794352 2874.818115234375 421
1695119794526 2917.02783203125 422
1695119794700 2910.0087890625 423
1695119794873 2847.6962890625 424
1695119795047 2835.67529296875 425
1695119795220 2897.353271484375 426
1695119795395 2871.27685546875 427
1695119795570 2854.515380859375 428
1695119795744 2821.390625 429
1695119795920 2870.236328125 430
1695119796094 2847.52197265625 431
1695119796269 2931.43017578125 432
1695119796442 2843.9716796875 433
1695119796615 2899.95263671875 434
1695119796790 2867.76416015625 435
1695119796964 2851.3916015625 436
1695119797138 2904.634765625 437
1695119797312 2860.718017578125 438
1695119797486 2813.972900390625 439
1695119797659 2900.10009765625 440
1695119797832 2875.702880859375 441
1695119798005 2862.4794921875 442
1695119798177 2888.329345703125 443
1695119798350 2910.3017578125 444
1695119798522 2818.97265625 445
1695119798697 3000.801513671875 446
1695119798870 2937.262939453125 447
1695119799043 2781.236572265625 448
1695119799218 2938.474365234375 449
1695119799391 2945.578857421875 450
1695119799565 2869.848876953125 451
1695119799739 2905.398681640625 452
1695119799913 2891.9921875 453
1695119800087 2898.710205078125 454
1695119800261 2828.80224609375 455
1695119800434 2903.83154296875 456
1695119800610 2928.347900390625 457
1695119800794 2864.94775390625 458
1695119800970 2895.69140625 459
1695119801143 2826.120849609375 460
1695119801316 2773.447265625 461
1695119801488 2875.665771484375 462
1695119801662 2838.2890625 463
1695119801834 2892.6279296875 464
1695119802012 2832.0546875 465
1695119802195 2836.54052734375 466
1695119802381 2850.536376953125 467
1695119802571 2879.73193359375 468
1695119802765 2886.524169921875 469
1695119802955 2870.54150390625 470
1695119803148 2778.60205078125 471
1695119803345 2988.809326171875 472
1695119803529 2835.839599609375 473
1695119803703 2876.80712890625 474
1695119803878 2872.577392578125 475
1695119804063 2906.89794921875 476
1695119804254 2820.28271484375 477
1695119804441 2937.46435546875 478
1695119804625 2888.4677734375 479
1695119804799 2880.9697265625 480
1695119804973 2770.26513671875 481
1695119805147 2859.673095703125 482
1695119805321 2839.425048828125 483
1695119805495 2782.4912109375 484
1695119805668 2856.93310546875 485
1695119805841 2871.618408203125 486
1695119806018 2795.85498046875 487
1695119806190 2929.726806640625 488
1695119806363 2888.98046875 489
1695119806536 2740.18798828125 490
1695119806712 2880.9794921875 491
1695119806888 2883.4609375 492
1695119807074 2779.58544921875 493
1695119807261 2854.32568359375 494
1695119807446 2830.93701171875 495
1695119807625 2750.820068359375 496
1695119807799 2885.955078125 497
1695119807979 2848.70361328125 498
1695119808166 2818.47412109375 499
1695119808357 2794.18701171875 500
1695119812126 2772.882568359375 501
1695119812301 2734.13623046875 502
1695119812486 2863.65625 503
1695119812683 2766.927978515625 504
1695119812866 2869.98291015625 505
1695119813041 2799.05029296875 506
1695119813215 2870.957763671875 507
1695119813389 2885.46484375 508
1695119813568 2825.610107421875 509
1695119813743 2756.99853515625 510
1695119813919 2857.83984375 511
1695119814116 2780.81103515625 512
1695119814307 2869.689208984375 513
1695119814487 2756.9609375 514
1695119814664 2793.635498046875 515
1695119814841 2885.5908203125 516
1695119815018 2920.16064453125 517
1695119815194 2901.3486328125 518
1695119815370 2868.01318359375 519
1695119815546 2793.339111328125 520
1695119815724 2726.614990234375 521
1695119815900 2854.95263671875 522
1695119816078 2791.03125 523
1695119816255 2890.083984375 524
1695119816431 2837.5693359375 525
1695119816607 2849.10400390625 526
1695119816782 2762.81640625 527
1695119816956 2789.65576171875 528
1695119817134 2907.441650390625 529
1695119817321 2860.56103515625 530
1695119817497 2820.149169921875 531
1695119817673 2820.947265625 532
1695119817850 2908.998779296875 533
1695119818025 2868.20751953125 534
1695119818202 2861.3076171875 535
1695119818378 2812.92431640625 536
1695119818567 2835.274169921875 537
1695119818759 2772.67041015625 538
1695119818949 2835.73388671875 539
1695119819140 2851.3154296875 540
1695119819326 2765.6708984375 541
1695119819505 2824.053466796875 542
1695119819683 2863.13671875 543
1695119819865 2892.9794921875 544
1695119820048 2773.81884765625 545
1695119820230 2775.53955078125 546
1695119820409 2793.81103515625 547
1695119820585 2687.65234375 548
1695119820761 2781.18310546875 549
1695119820948 2775.834228515625 550
1695119821145 2897.9609375 551
1695119821342 2839.1103515625 552
1695119821521 2811.6142578125 553
1695119821703 2852.830322265625 554
1695119821881 2854.46240234375 555
1695119822075 2837.170654296875 556
1695119822256 2749.3056640625 557
1695119822432 2855.72412109375 558
1695119822610 2827.76904296875 559
1695119822785 2876.36279296875 560
1695119822975 2764.80029296875 561
1695119823169 2785.69091796875 562
1695119823362 2807.823974609375 563
1695119823556 2858.4296875 564
1695119823737 2864.41259765625 565
1695119823921 2877.0859375 566
1695119824109 2753.62109375 567
1695119824285 2764.98388671875 568
1695119824488 2861.064697265625 569
1695119824679 2834.924560546875 570
1695119824869 2744.79296875 571
1695119825062 2812.890625 572
1695119825258 2800.3232421875 573
1695119825449 2857.4208984375 574
1695119825624 2781.650634765625 575
1695119825801 2769.420654296875 576
1695119825981 2796.122314453125 577
1695119826159 2728.842041015625 578
1695119826338 2769.443359375 579
1695119826513 2802.77587890625 580
1695119826686 2839.581298828125 581
1695119826859 2789.9365234375 582
1695119827033 2731.2041015625 583
1695119827207 2793.044189453125 584
1695119827381 2875.24267578125 585
1695119827556 2815.15771484375 586
1695119827730 2809.41748046875 587
1695119827905 2797.90380859375 588
1695119828083 2770.145263671875 589
1695119828271 2819.63232421875 590
1695119828451 2820.61572265625 591
1695119828639 2630.773193359375 592
1695119828828 2765.71240234375 593
1695119829016 2766.5302734375 594
1695119829192 2794.97314453125 595
1695119829366 2763.2080078125 596
1695119829546 2794.1103515625 597
1695119829735 2785.49462890625 598
1695119829926 2797.078857421875 599
1695119830114 2829.86962890625 600
1695119833865 2810.44287109375 601
1695119834041 2737.19921875 602
1695119834215 2806.75341796875 603
1695119834390 2842.58740234375 604
1695119834565 2769.0791015625 605
1695119834740 2774.3486328125 606
1695119834914 2810.37109375 607
1695119835088 2724.7822265625 608
1695119835262 2804.580078125 609
1695119835435 2798.2421875 610
1695119835611 2731.706298828125 611
1695119835793 2774.349609375 612
1695119835985 2753.298095703125 613
1695119836168 2784.6826171875 614
1695119836347 2756.20751953125 615
1695119836532 2870.015625 616
1695119836724 2792.47314453125 617
1695119836917 2724.234375 618
1695119837104 2763.40234375 619
1695119837284 2762.091796875 620
1695119837459 2779.7666015625 621
1695119837633 2794.09033203125 622
1695119837826 2664.3994140625 623
1695119838017 2778.326171875 624
1695119838194 2808.177734375 625
1695119838372 2648.86328125 626
1695119838549 2841.8203125 627
1695119838724 2805.873291015625 628
1695119838903 2688.649658203125 629
1695119839081 2862.62646484375 630
1695119839258 2761.32470703125 631
1695119839434 2791.9072265625 632
1695119839614 2737.81884765625 633
1695119839792 2806.1357421875 634
1695119839967 2846.249267578125 635
1695119840143 2788.35888671875 636
1695119840322 2765.40380859375 637
1695119840508 2764.2490234375 638
1695119840700 2788.654296875 639
1695119840907 2737.324462890625 640
1695119841097 2781.64404296875 641
1695119841289 2812.188232421875 642
1695119841479 2769.431640625 643
1695119841666 2828.31005859375 644
1695119841859 2744.4208984375 645
1695119842052 2855.30126953125 646
1695119842241 2781.363037109375 647
1695119842430 2840.05615234375 648
1695119842626 2765.648193359375 649
1695119842807 2617.1259765625 650
1695119842981 2782.6474609375 651
1695119843157 2713.52197265625 652
1695119843334 2778.13232421875 653
1695119843508 2738.212890625 654
1695119843681 2796.123046875 655
1695119843860 2829.08740234375 656
1695119844047 2750.47900390625 657
1695119844220 2893.95458984375 658
1695119844394 2772.13134765625 659
1695119844568 2759.26904296875 660
1695119844741 2825.05029296875 661
1695119844914 2733.053955078125 662
1695119845095 2893.64892578125 663
1695119845282 2818.671875 664
1695119845472 2832.05810546875 665
1695119845647 2772.627197265625 666
1695119845820 2739.0810546875 667
1695119845994 2727.154296875 668
1695119846167 2734.240966796875 669
1695119846341 2707.1083984375 670
1695119846513 2751.657470703125 671
1695119846685 2724.953125 672
1695119846859 2734.01806640625 673
1695119847034 2829.99365234375 674
1695119847207 2718.21240234375 675
1695119847381 2711.29931640625 676
1695119847554 2759.610107421875 677
1695119847730 2710.3642578125 678
1695119847905 2828.875 679
1695119848079 2769.575439453125 680
1695119848253 2808.2333984375 681
1695119848427 2657.6015625 682
1695119848601 2816.30517578125 683
1695119848775 2683.080322265625 684
1695119848948 2753.1875 685
1695119849123 2758.1982421875 686
1695119849297 2732.725341796875 687
1695119849471 2802.86376953125 688
1695119849645 2732.180419921875 689
1695119849819 2745.995849609375 690
1695119849992 2770.36376953125 691
1695119850166 2678.625 692
1695119850340 2764.875 693
1695119850513 2632.39892578125 694
1695119850686 2758.4619140625 695
1695119850861 2763.439453125 696
1695119851033 2724.612060546875 697
1695119851206 2697.251953125 698
1695119851381 2697.02099609375 699
1695119851555 2740.787841796875 700
1695119855759 2724.87646484375 701
1695119855950 2722.783203125 702
1695119856142 2733.9521484375 703
1695119856328 2692.586181640625 704
1695119856503 2655.76806640625 705
1695119856677 2745.8037109375 706
1695119856850 2725.60595703125 707
1695119857023 2667.599609375 708
1695119857196 2726.37060546875 709
1695119857372 2769.062255859375 710
1695119857544 2689.766357421875 711
1695119857717 2750.98583984375 712
1695119857898 2636.10791015625 713
1695119858086 2775.072265625 714
1695119858271 2662.4482421875 715
1695119858459 2684.62548828125 716
1695119858645 2639.016357421875 717
1695119858834 2753.19384765625 718
1695119859023 2752.65185546875 719
1695119859211 2692.016357421875 720
1695119859409 2728.8505859375 721
1695119859600 2785.8876953125 722
1695119859791 2724.96044921875 723
1695119859981 2716.2587890625 724
1695119860179 2733.451171875 725
1695119860363 2681.270263671875 726
1695119860538 2776.03759765625 727
1695119860712 2677.251220703125 728
1695119860886 2657.34375 729
1695119861059 2761.94482421875 730
1695119861235 2670.16943359375 731
1695119861414 2665.65478515625 732
1695119861603 2812.396484375 733
1695119861791 2818.62646484375 734
1695119861980 2659.59423828125 735
1695119862154 2673.610595703125 736
1695119862341 2709.4130859375 737
1695119862534 2723.9267578125 738
1695119862723 2747.61962890625 739
1695119862911 2776.629150390625 740
1695119863104 2727.0732421875 741
1695119863293 2608.556396484375 742
1695119863468 2691.848876953125 743
1695119863642 2621.232421875 744
1695119863821 2749.1875 745
1695119863996 2684.64599609375 746
1695119864169 2678.2255859375 747
1695119864356 2684.7333984375 748
1695119864539 2727.364501953125 749
1695119864726 2713.41650390625 750
1695119864922 2774.98681640625 751
1695119865109 2824.63818359375 752
1695119865295 2663.94873046875 753
1695119865483 2577.7646484375 754
1695119865679 2797.9306640625 755
1695119865870 2804.47900390625 756
1695119866062 2753.407470703125 757
1695119866258 2667.8994140625 758
1695119866452 2786.14501953125 759
1695119866625 2770.6328125 760
1695119866805 2687.647705078125 761
1695119866994 2735.423828125 762
1695119867174 2703.867919921875 763
1695119867350 2747.20263671875 764
1695119867525 2690.811279296875 765
1695119867698 2702.46435546875 766
1695119867874 2750.086181640625 767
1695119868063 2695.4423828125 768
1695119868242 2684.4619140625 769
1695119868416 2678.85205078125 770
1695119868591 2661.2626953125 771
1695119868766 2773.51611328125 772
1695119868940 2679.255859375 773
1695119869115 2817.84228515625 774
1695119869303 2751.041015625 775
1695119869486 2686.28125 776
1695119869662 2683.665283203125 777
1695119869844 2710.847412109375 778
1695119870032 2608.318359375 779
1695119870219 2657.68994140625 780
1695119870414 2681.77392578125 781
1695119870603 2694.6708984375 782
1695119870795 2655.057861328125 783
1695119870998 2648.6640625 784
1695119871181 2766.70068359375 785
1695119871354 2781.30859375 786
1695119871530 2755.659423828125 787
1695119871708 2593.49658203125 788
1695119871882 2666.228515625 789
1695119872056 2691.33544921875 790
1695119872232 2694.051025390625 791
1695119872420 2615.790283203125 792
1695119872596 2626.635009765625 793
1695119872770 2710.529296875 794
1695119872948 2612.3017578125 795
1695119873135 2759.168212890625 796
1695119873318 2604.507568359375 797
1695119873495 2707.706787109375 798
1695119873669 2773.22265625 799
1695119873846 2724.76708984375 800
1695119877494 2630.949951171875 801
1695119877683 2719.58837890625 802
1695119877857 2849.14111328125 803
1695119878033 2628.01416015625 804
1695119878223 2643.287109375 805
1695119878418 2662.01513671875 806
1695119878608 2730.579345703125 807
1695119878794 2705.529296875 808
1695119878984 2751.332763671875 809
1695119879174 2704.2919921875 810
1695119879369 2691.95361328125 811
1695119879564 2645.39892578125 812
1695119879757 2708.76025390625 813
1695119879951 2654.90625 814
1695119880148 2675.73828125 815
1695119880338 2675.93603515625 816
1695119880511 2715.307373046875 817
1695119880686 2656.51708984375 818
1695119880864 2823.177734375 819
1695119881045 2622.068603515625 820
1695119881239 2631.71728515625 821
1695119881426 2579.4716796875 822
1695119881622 2687.88037109375 823
1695119881812 2651.74267578125 824
1695119881998 2594.50341796875 825
1695119882179 2705.33740234375 826
1695119882366 2635.56591796875 827
1695119882554 2600.07470703125 828
1695119882748 2722.499755859375 829
1695119882946 2678.882080078125 830
1695119883135 2665.914794921875 831
1695119883322 2691.82763671875 832
1695119883518 2626.296630859375 833
1695119883709 2713.4013671875 834
1695119883884 2725.262451171875 835
1695119884059 2629.841064453125 836
1695119884234 2647.96630859375 837
1695119884407 2693.79345703125 838
1695119884581 2665.5654296875 839
1695119884754 2753.1220703125 840
1695119884943 2717.7763671875 841
1695119885130 2699.021484375 842
1695119885313 2671.171875 843
1695119885487 2721.309326171875 844
1695119885667 2629.49853515625 845
1695119885855 2686.114501953125 846
1695119886033 2677.061767578125 847
1695119886207 2637.40966796875 848
1695119886393 2808.61962890625 849
1695119886582 2618.453125 850
1695119886755 2636.392333984375 851
1695119886928 2685.754150390625 852
1695119887102 2638.2587890625 853
1695119887281 2686.17041015625 854
1695119887455 2599.161376953125 855
1695119887634 2669.725830078125 856
1695119887813 2599.718017578125 857
1695119888002 2669.76953125 858
1695119888189 2674.560546875 859
1695119888377 2662.04736328125 860
1695119888564 2699.70068359375 861
1695119888752 2673.943115234375 862
1695119888939 2601.168212890625 863
1695119889126 2757.08056640625 864
1695119889322 2705.811767578125 865
1695119889517 2696.3486328125 866
1695119889709 2658.47216796875 867
1695119889901 2707.35205078125 868
1695119890099 2649.3173828125 869
1695119890281 2652.41650390625 870
1695119890455 2613.81494140625 871
1695119890631 2654.45166015625 872
1695119890808 2663.744140625 873
1695119890982 2620.1142578125 874
1695119891156 2688.43115234375 875
1695119891329 2593.0244140625 876
1695119891504 2738.61279296875 877
1695119891678 2583.36279296875 878
1695119891851 2650.8779296875 879
1695119892025 2678.78076171875 880
1695119892199 2658.6201171875 881
1695119892373 2649.5380859375 882
1695119892548 2700.0146484375 883
1695119892721 2722.878173828125 884
1695119892896 2582.615478515625 885
1695119893069 2661.79541015625 886
1695119893242 2623.535400390625 887
1695119893417 2640.550537109375 888
1695119893590 2739.50439453125 889
1695119893763 2649.518310546875 890
1695119893938 2642.83740234375 891
1695119894112 2639.71044921875 892
1695119894285 2681.831298828125 893
1695119894460 2661.94970703125 894
1695119894633 2705.29931640625 895
1695119894807 2618.15185546875 896
1695119894982 2608.707763671875 897
1695119895158 2635.855224609375 898
1695119895333 2571.68505859375 899
1695119895507 2678.5693359375 900
1695119899105 2648.8642578125 901
1695119899277 2553.98486328125 902
1695119899451 2598.22900390625 903
1695119899624 2593.002685546875 904
1695119899809 2634.79345703125 905
1695119899983 2648.74609375 906
1695119900156 2672.649169921875 907
1695119900332 2644.3017578125 908
1695119900506 2715.624755859375 909
1695119900679 2743.630859375 910
1695119900854 2711.43994140625 911
1695119901028 2579.600830078125 912
1695119901202 2671.447265625 913
1695119901377 2594.439697265625 914
1695119901551 2533.266357421875 915
1695119901726 2617.801025390625 916
1695119901900 2648.462158203125 917
1695119902074 2622.1806640625 918
1695119902249 2643.85546875 919
1695119902423 2598.2685546875 920
1695119902596 2549.05517578125 921
1695119902773 2573.2275390625 922
1695119902946 2638.896484375 923
1695119903120 2544.988037109375 924
1695119903295 2598.4384765625 925
1695119903469 2604.1708984375 926
1695119903642 2697.9267578125 927
1695119903816 2663.33056640625 928
1695119903990 2574.58935546875 929
1695119904165 2740.0283203125 930
1695119904340 2598.7353515625 931
1695119904513 2615.76708984375 932
1695119904687 2640.037353515625 933
1695119904861 2641.134765625 934
1695119905036 2677.888671875 935
1695119905210 2646.16943359375 936
1695119905384 2614.96240234375 937
1695119905559 2738.4560546875 938
1695119905732 2703.8466796875 939
1695119905906 2630.418212890625 940
1695119906081 2580.75244140625 941
1695119906255 2678.69140625 942
1695119906428 2687.9287109375 943
1695119906601 2609.6689453125 944
1695119906775 2600.274658203125 945
1695119906948 2630.50244140625 946
1695119907120 2641.681640625 947
1695119907293 2617.10498046875 948
1695119907467 2683.527587890625 949
1695119907641 2663.14453125 950
1695119907814 2633.77783203125 951
1695119907986 2587.32666015625 952
1695119908160 2599.71826171875 953
1695119908334 2595.3515625 954
1695119908507 2580.896240234375 955
1695119908681 2600.80322265625 956
1695119908855 2572.97412109375 957
1695119909029 2689.55419921875 958
1695119909203 2676.1357421875 959
1695119909377 2631.01171875 960
1695119909551 2608.3662109375 961
1695119909730 2626.857177734375 962
1695119909908 2622.0126953125 963
1695119910082 2647.9736328125 964
1695119910256 2609.013671875 965
1695119910428 2625.18408203125 966
1695119910600 2581.01708984375 967
1695119910774 2658.1044921875 968
1695119910948 2645.05859375 969
1695119911122 2704.090087890625 970
1695119911296 2574.88916015625 971
1695119911470 2601.96435546875 972
1695119911644 2696.8603515625 973
1695119911818 2715.46044921875 974
1695119911991 2583.31103515625 975
1695119912165 2558.95849609375 976
1695119912339 2667.679931640625 977
1695119912512 2649.593505859375 978
1695119912685 2555.637939453125 979
1695119912858 2556.3271484375 980
1695119913031 2679.09326171875 981
1695119913205 2708.4345703125 982
1695119913379 2573.02001953125 983
1695119913552 2527.438232421875 984
1695119913724 2605.059326171875 985
1695119913898 2617.74169921875 986
1695119914072 2597.139404296875 987
1695119914245 2580.87646484375 988
1695119914419 2623.404541015625 989
1695119914593 2540.62060546875 990
1695119914767 2495.7880859375 991
1695119914942 2576.44189453125 992
1695119915116 2615.56982421875 993
1695119915290 2532.18017578125 994
1695119915464 2532.3505859375 995
1695119915637 2644.992431640625 996
1695119915812 2541.477294921875 997
1695119915985 2594.5 998
1695119916159 2602.00732421875 999
1695119916333 2636.88818359375 1000
1695119919965 2575.617431640625 1001
1695119920140 2604.45556640625 1002
1695119920316 2638.812255859375 1003
1695119920492 2673.812744140625 1004
1695119920666 2519.380615234375 1005
1695119920842 2575.89208984375 1006
1695119921017 2639.981689453125 1007
1695119921193 2671.98828125 1008
1695119921368 2742.580322265625 1009
1695119921543 2700.034912109375 1010
1695119921717 2551.1328125 1011
1695119921891 2575.503173828125 1012
1695119922064 2554.595703125 1013
1695119922237 2596.85009765625 1014
1695119922411 2486.748046875 1015
1695119922585 2599.678955078125 1016
1695119922759 2497.219970703125 1017
1695119922936 2525.774169921875 1018
1695119923109 2575.6982421875 1019
1695119923282 2536.880615234375 1020
1695119923456 2587.917236328125 1021
1695119923629 2595.22802734375 1022
1695119923803 2609.4599609375 1023
1695119923977 2540.0888671875 1024
1695119924151 2552.088134765625 1025
1695119924325 2573.302734375 1026
1695119924500 2711.15771484375 1027
1695119924673 2588.8251953125 1028
1695119924847 2552.28173828125 1029
1695119925021 2514.97705078125 1030
1695119925195 2652.2001953125 1031
1695119925369 2652.908203125 1032
1695119925544 2544.209716796875 1033
1695119925719 2485.7734375 1034
1695119925894 2562.25732421875 1035
1695119926068 2573.0458984375 1036
1695119926242 2610.40283203125 1037
1695119926416 2642.45849609375 1038
1695119926590 2628.35107421875 1039
1695119926764 2602.369384765625 1040
1695119926938 2505.779052734375 1041
1695119927112 2588.17529296875 1042
1695119927286 2525.626220703125 1043
1695119927460 2602.03955078125 1044
1695119927633 2598.7333984375 1045
1695119927806 2574.4248046875 1046
1695119927979 2676.083740234375 1047
1695119928152 2544.75634765625 1048
1695119928325 2585.854736328125 1049
1695119928498 2563.12841796875 1050
1695119928670 2569.525634765625 1051
1695119928844 2575.56787109375 1052
1695119929018 2564.13818359375 1053
1695119929192 2514.44287109375 1054
1695119929368 2481.576171875 1055
1695119929541 2524.14501953125 1056
1695119929720 2608.271484375 1057
1695119929901 2561.4794921875 1058
1695119930075 2527.24169921875 1059
1695119930248 2486.001953125 1060
1695119930422 2558.95068359375 1061
1695119930599 2580.537841796875 1062
1695119930773 2542.70556640625 1063
1695119930947 2489.34228515625 1064
1695119931122 2557.1162109375 1065
1695119931296 2597.87060546875 1066
1695119931469 2630.28662109375 1067
1695119931643 2509.925048828125 1068
1695119931817 2405.724853515625 1069
1695119931991 2564.6689453125 1070
1695119932164 2665.35009765625 1071
1695119932336 2606.68505859375 1072
1695119932511 2655.7587890625 1073
1695119932683 2585.05908203125 1074
1695119932856 2510.538818359375 1075
1695119933029 2623.1015625 1076
1695119933201 2516.9521484375 1077
1695119933374 2449.521484375 1078
1695119933548 2588.181396484375 1079
1695119933722 2534.48974609375 1080
1695119933895 2566.56005859375 1081
1695119934069 2532.77783203125 1082
1695119934243 2582.7177734375 1083
1695119934416 2646.406005859375 1084
1695119934589 2472.5048828125 1085
1695119934761 2714.8564453125 1086
1695119934936 2482.319091796875 1087
1695119935108 2530.501220703125 1088
1695119935281 2532.254638671875 1089
1695119935453 2633.5078125 1090
1695119935626 2580.37060546875 1091
1695119935800 2549.69921875 1092
1695119935974 2513.6728515625 1093
1695119936147 2569.632568359375 1094
1695119936321 2576.318359375 1095
1695119936495 2659.8837890625 1096
1695119936668 2598.6123046875 1097
1695119936842 2555.55078125 1098
1695119937015 2584.83447265625 1099
1695119937187 2614.65869140625 1100
1695119940931 2557.934814453125 1101
1695119941105 2559.09375 1102
1695119941297 2466.07861328125 1103
1695119941471 2531.86572265625 1104
1695119941645 2557.05908203125 1105
1695119941819 2650.28857421875 1106
1695119941993 2638.007568359375 1107
1695119942166 2637.77197265625 1108
1695119942340 2517.6884765625 1109
1695119942513 2488.66845703125 1110
1695119942687 2531.589111328125 1111
1695119942861 2566.03955078125 1112
1695119943034 2561.783203125 1113
1695119943209 2569.14404296875 1114
1695119943382 2625.75244140625 1115
1695119943555 2515.635986328125 1116
1695119943728 2573.9794921875 1117
1695119943901 2590.072265625 1118
1695119944074 2437.78466796875 1119
1695119944247 2619.05224609375 1120
1695119944420 2596.62939453125 1121
1695119944593 2481.383544921875 1122
1695119944769 2528.1025390625 1123
1695119944943 2525.0341796875 1124
1695119945117 2432.474365234375 1125
1695119945291 2591.38818359375 1126
1695119945464 2561.585693359375 1127
1695119945638 2536.17333984375 1128
1695119945812 2686.35107421875 1129
1695119945986 2604.553955078125 1130
1695119946160 2529.537109375 1131
1695119946333 2527.699462890625 1132
1695119946506 2487.247314453125 1133
1695119946678 2597.30908203125 1134
1695119946851 2533.66015625 1135
1695119947024 2511.55126953125 1136
1695119947196 2644.50537109375 1137
1695119947370 2472.32666015625 1138
1695119947543 2543.51123046875 1139
1695119947717 2502.34521484375 1140
1695119947891 2511.07275390625 1141
1695119948065 2523.931884765625 1142
1695119948238 2443.155517578125 1143
1695119948411 2560.76904296875 1144
1695119948584 2565.85009765625 1145
1695119948758 2601.8271484375 1146
1695119948930 2504.661865234375 1147
1695119949103 2622.50732421875 1148
1695119949278 2500.257568359375 1149
1695119949453 2511.29833984375 1150
1695119949626 2485.712890625 1151
1695119949812 2585.619873046875 1152
1695119949984 2499.22607421875 1153
1695119950158 2416.4990234375 1154
1695119950331 2571.30224609375 1155
1695119950512 2550.7841796875 1156
1695119950686 2460.525634765625 1157
1695119950860 2471.556396484375 1158
1695119951034 2475.6865234375 1159
1695119951208 2700.5478515625 1160
1695119951382 2668.990234375 1161
1695119951558 2475.564453125 1162
1695119951731 2493.20703125 1163
1695119951905 2454.57666015625 1164
1695119952079 2539.5693359375 1165
1695119952251 2502.490234375 1166
1695119952424 2533.981689453125 1167
1695119952597 2468.279296875 1168
1695119952771 2523.095947265625 1169
1695119952946 2525.8818359375 1170
1695119953120 2581.7861328125 1171
1695119953294 2417.5830078125 1172
1695119953468 2464.7109375 1173
1695119953642 2585.94384765625 1174
1695119953817 2531.107421875 1175
1695119953991 2614.0546875 1176
1695119954166 2556.2607421875 1177
1695119954339 2585.372802734375 1178
1695119954514 2563.0380859375 1179
1695119954688 2545.98193359375 1180
1695119954863 2497.313232421875 1181
1695119955037 2419.525146484375 1182
1695119955212 2582.749755859375 1183
1695119955386 2493.94189453125 1184
1695119955560 2585.467529296875 1185
1695119955734 2472.427490234375 1186
1695119955909 2475.869384765625 1187
1695119956083 2497.37841796875 1188
1695119956257 2445.306884765625 1189
1695119956431 2516.39990234375 1190
1695119956604 2450.122802734375 1191
1695119956778 2479.26171875 1192
1695119956951 2569.18017578125 1193
1695119957126 2512.888916015625 1194
1695119957300 2565.73681640625 1195
1695119957474 2556.189453125 1196
1695119957651 2482.45263671875 1197
1695119957824 2577.353271484375 1198
1695119957998 2543.3291015625 1199
1695119958172 2510.364990234375 1200
1695119961768 2501.72998046875 1201
1695119961942 2457.06103515625 1202
1695119962116 2545.3876953125 1203
1695119962290 2535.62841796875 1204
1695119962464 2506.7783203125 1205
1695119962638 2603.462646484375 1206
1695119962816 2571.14892578125 1207
1695119962990 2534.95458984375 1208
1695119963162 2471.164794921875 1209
1695119963335 2419.6845703125 1210
1695119963509 2415.303466796875 1211
1695119963682 2442.28271484375 1212
1695119963856 2560.13720703125 1213
1695119964029 2641.46630859375 1214
1695119964204 2496.09033203125 1215
1695119964378 2503.1572265625 1216
1695119964551 2511.103515625 1217
1695119964726 2435.971923828125 1218
1695119964899 2429.054931640625 1219
1695119965072 2647.9130859375 1220
1695119965244 2519.93408203125 1221
1695119965417 2647.4638671875 1222
1695119965591 2524.069091796875 1223
1695119965763 2620.40185546875 1224
1695119965936 2537.413330078125 1225
1695119966110 2557.544921875 1226
1695119966283 2416.86181640625 1227
1695119966457 2594.22216796875 1228
1695119966634 2536.956787109375 1229
1695119966809 2545.234375 1230
1695119966983 2500.30322265625 1231
1695119967158 2404.73291015625 1232
1695119967331 2566.78076171875 1233
1695119967505 2532.563232421875 1234
1695119967679 2577.28369140625 1235
1695119967853 2402.74560546875 1236
1695119968026 2369.362060546875 1237
1695119968201 2470.0966796875 1238
1695119968375 2619.381591796875 1239
1695119968549 2450.883056640625 1240
1695119968726 2408.76953125 1241
1695119968900 2478.033203125 1242
1695119969073 2460.46435546875 1243
1695119969248 2405.45166015625 1244
1695119969422 2434.703125 1245
1695119969595 2521.6640625 1246
1695119969782 2387.40478515625 1247
1695119969956 2531.41015625 1248
1695119970129 2539.42578125 1249
1695119970303 2541.82861328125 1250
1695119970478 2460.909912109375 1251
1695119970653 2565.8037109375 1252
1695119970829 2451.67138671875 1253
1695119971003 2537.2685546875 1254
1695119971178 2611.77490234375 1255
1695119971352 2502.132080078125 1256
1695119971526 2452.91552734375 1257
1695119971701 2504.6533203125 1258
1695119971876 2626.11767578125 1259
1695119972049 2458.046630859375 1260
1695119972224 2486.650390625 1261
1695119972398 2535.78173828125 1262
1695119972574 2524.7578125 1263
1695119972748 2504.64306640625 1264
1695119972922 2421.928955078125 1265
1695119973095 2485.816650390625 1266
1695119973269 2534.0263671875 1267
1695119973443 2505.98291015625 1268
1695119973617 2459.489013671875 1269
1695119973791 2503.08203125 1270
1695119973965 2503.846435546875 1271
1695119974139 2480.6474609375 1272
1695119974314 2508.441650390625 1273
1695119974489 2432.718017578125 1274
1695119974663 2466.8623046875 1275
1695119974837 2523.424560546875 1276
1695119975011 2496.23974609375 1277
1695119975184 2500.730712890625 1278
1695119975359 2396.33447265625 1279
1695119975533 2416.01953125 1280
1695119975706 2545.0029296875 1281
1695119975881 2437.003173828125 1282
1695119976057 2518.927001953125 1283
1695119976231 2515.78857421875 1284
1695119976404 2516.513427734375 1285
1695119976578 2540.21240234375 1286
1695119976752 2577.17822265625 1287
1695119976926 2614.760498046875 1288
1695119977099 2536.22998046875 1289
1695119977273 2485.818359375 1290
1695119977447 2615.16796875 1291
1695119977625 2456.157958984375 1292
1695119977799 2442.85986328125 1293
1695119977975 2528.878173828125 1294
1695119978149 2391.44970703125 1295
1695119978323 2525.0107421875 1296
1695119978501 2486.974365234375 1297
1695119978676 2421.275390625 1298
1695119978850 2427.866455078125 1299
1695119979024 2529.396728515625 1300
1695119982525 2476.920654296875 1301
1695119982698 2473.73681640625 1302
1695119982871 2468.04736328125 1303
1695119983045 2469.9970703125 1304
1695119983218 2464.68408203125 1305
1695119983391 2559.634033203125 1306
1695119983565 2498.953125 1307
1695119983738 2427.4853515625 1308
1695119983913 2555.798828125 1309
1695119984087 2482.1279296875 1310
1695119984262 2466.3095703125 1311
1695119984435 2357.554931640625 1312
1695119984609 2435.41552734375 1313
1695119984783 2539.25390625 1314
1695119984956 2615.4443359375 1315
1695119985130 2523.27978515625 1316
1695119985305 2513.09619140625 1317
1695119985479 2500.04736328125 1318
1695119985653 2386.55859375 1319
1695119985828 2522.6845703125 1320
1695119986003 2424.551025390625 1321
1695119986177 2558.888916015625 1322
1695119986351 2465.71044921875 1323
1695119986525 2484.911376953125 1324
1695119986700 2440.772216796875 1325
1695119986874 2431.30517578125 1326
1695119987048 2461.88623046875 1327
1695119987222 2629.730712890625 1328
1695119987398 2541.7431640625 1329
1695119987572 2523.48193359375 1330
1695119987746 2436.259765625 1331
1695119987920 2582.264404296875 1332
1695119988094 2469.39111328125 1333
1695119988268 2454.715087890625 1334
1695119988444 2504.52099609375 1335
1695119988618 2523.741455078125 1336
1695119988793 2500.380859375 1337
1695119988968 2397.138671875 1338
1695119989140 2444.14208984375 1339
1695119989314 2450.66162109375 1340
1695119989489 2393.07421875 1341
1695119989663 2280.0390625 1342
1695119989847 2443.48974609375 1343
1695119990021 2438.98779296875 1344
1695119990195 2293.829345703125 1345
1695119990369 2453.41748046875 1346
1695119990541 2550.726318359375 1347
1695119990716 2414.851806640625 1348
1695119990888 2512.06201171875 1349
1695119991062 2386.8974609375 1350
1695119991236 2509.451904296875 1351
1695119991409 2499.94384765625 1352
1695119991584 2449.81787109375 1353
1695119991759 2468.14306640625 1354
1695119991932 2481.7275390625 1355
1695119992106 2327.755615234375 1356
1695119992279 2425.71728515625 1357
1695119992451 2413.7548828125 1358
1695119992625 2625.83544921875 1359
1695119992799 2533.892578125 1360
1695119992973 2520.650634765625 1361
1695119993147 2449.609130859375 1362
1695119993321 2427.40283203125 1363
1695119993495 2405.072265625 1364
1695119993670 2410.44287109375 1365
1695119993844 2397.291748046875 1366
1695119994018 2440.296875 1367
1695119994192 2450.312255859375 1368
1695119994366 2440.3466796875 1369
1695119994540 2435.026611328125 1370
1695119994715 2411.24462890625 1371
1695119994889 2447.07666015625 1372
1695119995062 2558.985595703125 1373
1695119995236 2450.02001953125 1374
1695119995410 2561.88037109375 1375
1695119995585 2530.359130859375 1376
1695119995758 2533.926025390625 1377
1695119995932 2528.8701171875 1378
1695119996106 2500.834228515625 1379
1695119996278 2456.74462890625 1380
1695119996452 2351.78076171875 1381
1695119996625 2492.345458984375 1382
1695119996798 2512.304931640625 1383
1695119996973 2514.57275390625 1384
1695119997148 2519.71484375 1385
1695119997321 2488.34326171875 1386
1695119997493 2458.81982421875 1387
1695119997667 2432.81982421875 1388
1695119997840 2543.27197265625 1389
1695119998014 2386.968017578125 1390
1695119998187 2491.166015625 1391
1695119998361 2548.44873046875 1392
1695119998535 2483.5703125 1393
1695119998709 2451.466552734375 1394
1695119998886 2418.12841796875 1395
1695119999060 2469.9521484375 1396
1695119999234 2501.93212890625 1397
1695119999410 2334.95849609375 1398
1695119999584 2572.95703125 1399
1695119999769 2436.419921875 1400
1695120003345 2357.072265625 1401
1695120003519 2677.60791015625 1402
1695120003693 2352.18212890625 1403
1695120003868 2491.60986328125 1404
1695120004042 2471.202880859375 1405
1695120004217 2404.3876953125 1406
1695120004393 2445.86181640625 1407
1695120004567 2417.421875 1408
1695120004743 2434.46337890625 1409
1695120004919 2488.748046875 1410
1695120005096 2435.67578125 1411
1695120005270 2428.283935546875 1412
1695120005443 2424.954345703125 1413
1695120005616 2370.12353515625 1414
1695120005789 2437.029296875 1415
1695120005964 2554.208251953125 1416
1695120006137 2412.6669921875 1417
1695120006311 2502.562255859375 1418
1695120006485 2498.6748046875 1419
1695120006659 2456.1044921875 1420
1695120006833 2453.03564453125 1421
1695120007007 2376.879150390625 1422
1695120007181 2345.507080078125 1423
1695120007355 2446.462646484375 1424
1695120007529 2387.01513671875 1425
1695120007705 2445.9150390625 1426
1695120007880 2423.533203125 1427
1695120008056 2497.114990234375 1428
1695120008230 2367.174560546875 1429
1695120008403 2426.62548828125 1430
1695120008577 2431.294921875 1431
1695120008751 2408.11279296875 1432
1695120008926 2460.041259765625 1433
1695120009102 2470.78076171875 1434
1695120009276 2421.4345703125 1435
1695120009452 2533.52099609375 1436
1695120009625 2529.272216796875 1437
1695120009814 2426.83349609375 1438
1695120009989 2482.51513671875 1439
1695120010163 2475.48681640625 1440
1695120010337 2399.506103515625 1441
1695120010510 2498.549072265625 1442
1695120010684 2448.797607421875 1443
1695120010857 2483.38232421875 1444
1695120011030 2392.7216796875 1445
1695120011205 2420.49609375 1446
1695120011378 2374.60693359375 1447
1695120011553 2477.57470703125 1448
1695120011726 2467.288818359375 1449
1695120011900 2488.29931640625 1450
1695120012074 2373.636962890625 1451
1695120012248 2406.93896484375 1452
1695120012421 2402.48095703125 1453
1695120012595 2470.3974609375 1454
1695120012768 2559.649169921875 1455
1695120012945 2405.86865234375 1456
1695120013120 2522.1220703125 1457
1695120013294 2368.068359375 1458
1695120013468 2356.79736328125 1459
1695120013642 2478.5625 1460
1695120013817 2394.795166015625 1461
1695120013992 2332.91357421875 1462
1695120014165 2472.36767578125 1463
1695120014339 2401.81103515625 1464
1695120014512 2406.2978515625 1465
1695120014687 2558.85107421875 1466
1695120014861 2413.5556640625 1467
1695120015036 2351.83154296875 1468
1695120015210 2509.4560546875 1469
1695120015384 2473.859619140625 1470
1695120015557 2336.695068359375 1471
1695120015730 2392.935791015625 1472
1695120015904 2442.067138671875 1473
1695120016077 2341.916015625 1474
1695120016251 2408.385009765625 1475
1695120016426 2357.79052734375 1476
1695120016600 2385.16162109375 1477
1695120016773 2319.27880859375 1478
1695120016947 2468.384521484375 1479
1695120017121 2410.4658203125 1480
1695120017294 2399.952392578125 1481
1695120017467 2436.62158203125 1482
1695120017639 2385.04931640625 1483
1695120017814 2408.87255859375 1484
1695120017988 2369.0693359375 1485
1695120018162 2330.640625 1486
1695120018336 2388.87060546875 1487
1695120018510 2501.859375 1488
1695120018684 2428.72509765625 1489
1695120018858 2455.1728515625 1490
1695120019032 2427.20166015625 1491
1695120019206 2313.272216796875 1492
1695120019379 2439.11279296875 1493
1695120019554 2456.080322265625 1494
1695120019737 2500.83154296875 1495
1695120019914 2397.958984375 1496
1695120020090 2429.267578125 1497
1695120020265 2387.075927734375 1498
1695120020439 2566.24267578125 1499
1695120020613 2431.04052734375 1500
1695120024213 2410.451416015625 1501
1695120024386 2381.242431640625 1502
1695120024561 2508.60888671875 1503
1695120024735 2548.543212890625 1504
1695120024907 2378.119140625 1505
1695120025080 2380.4169921875 1506
1695120025254 2426.9267578125 1507
1695120025430 2465.189208984375 1508
1695120025602 2379.89697265625 1509
1695120025776 2505.532470703125 1510
1695120025951 2410.617431640625 1511
1695120026125 2463.40625 1512
1695120026298 2373.95166015625 1513
1695120026472 2483.4150390625 1514
1695120026647 2464.834228515625 1515
1695120026820 2456.10546875 1516
1695120026994 2361.914794921875 1517
1695120027168 2472.359375 1518
1695120027342 2446.7470703125 1519
1695120027515 2379.278076171875 1520
1695120027692 2445.5712890625 1521
1695120027866 2415.67919921875 1522
1695120028040 2367.796630859375 1523
1695120028213 2413.707763671875 1524
1695120028386 2552.454345703125 1525
1695120028560 2385.22021484375 1526
1695120028735 2450.32470703125 1527
1695120028910 2493.908203125 1528
1695120029083 2287.360107421875 1529
1695120029257 2460.28271484375 1530
1695120029431 2441.33349609375 1531
1695120029604 2288.828125 1532
1695120029788 2479.005859375 1533
1695120029962 2490.851806640625 1534
1695120030137 2444.58154296875 1535
1695120030313 2334.3515625 1536
1695120030486 2460.303955078125 1537
1695120030660 2423.273193359375 1538
1695120030833 2405.972900390625 1539
1695120031009 2407.414306640625 1540
1695120031183 2374.518310546875 1541
1695120031360 2388.007080078125 1542
1695120031532 2501.10205078125 1543
1695120031705 2377.877685546875 1544
1695120031877 2274.61572265625 1545
1695120032050 2321.017578125 1546
1695120032224 2410.551025390625 1547
1695120032397 2337.68212890625 1548
1695120032572 2287.1728515625 1549
1695120032746 2407.478759765625 1550
1695120032920 2426.209716796875 1551
1695120033093 2325.579345703125 1552
1695120033267 2284.79833984375 1553
1695120033441 2428.341064453125 1554
1695120033616 2415.27783203125 1555
1695120033789 2474.39501953125 1556
1695120033963 2448.973388671875 1557
1695120034135 2388.13134765625 1558
1695120034307 2440.79541015625 1559
1695120034480 2444.51708984375 1560
1695120034654 2351.196533203125 1561
1695120034827 2549.70556640625 1562
1695120034999 2380.40478515625 1563
1695120035172 2351.4189453125 1564
1695120035347 2424.97509765625 1565
1695120035521 2457.179931640625 1566
1695120035694 2345.451171875 1567
1695120035868 2307.9638671875 1568
1695120036043 2443.989990234375 1569
1695120036217 2389.28515625 1570
1695120036391 2332.556640625 1571
1695120036565 2453.99072265625 1572
1695120036739 2306.97509765625 1573
1695120036912 2416.771484375 1574
1695120037086 2331.229736328125 1575
1695120037260 2441.346923828125 1576
1695120037433 2341.7421875 1577
1695120037605 2358.1240234375 1578
1695120037778 2465.715087890625 1579
1695120037952 2396.675537109375 1580
1695120038126 2418.2353515625 1581
1695120038298 2328.114501953125 1582
1695120038473 2435.45654296875 1583
1695120038646 2289.6513671875 1584
1695120038820 2398.2626953125 1585
1695120038994 2363.861083984375 1586
1695120039168 2333.633056640625 1587
1695120039343 2338.185546875 1588
1695120039517 2479.537841796875 1589
1695120039694 2384.260498046875 1590
1695120039876 2405.3271484375 1591
1695120040050 2417.77978515625 1592
1695120040224 2382.104248046875 1593
1695120040398 2355.28173828125 1594
1695120040572 2322.12744140625 1595
1695120040746 2479.487060546875 1596
1695120040919 2366.094970703125 1597
1695120041092 2456.970703125 1598
1695120041264 2388.301025390625 1599
1695120041438 2337.57470703125 1600
1695120044972 2331.282470703125 1601
1695120045146 2380.216064453125 1602
1695120045320 2322.126220703125 1603
1695120045495 2355.572998046875 1604
1695120045671 2414.314208984375 1605
1695120045844 2415.9794921875 1606
1695120046018 2385.876220703125 1607
1695120046192 2424.09423828125 1608
1695120046365 2404.65283203125 1609
1695120046539 2402.65185546875 1610
1695120046713 2403.69921875 1611
1695120046888 2460.11279296875 1612
1695120047061 2471.865478515625 1613
1695120047235 2482.40576171875 1614
1695120047409 2367.897216796875 1615
1695120047583 2474.326416015625 1616
1695120047756 2324.10791015625 1617
1695120047929 2467.547119140625 1618
1695120048101 2356.951416015625 1619
1695120048274 2299.172119140625 1620
1695120048448 2336.32568359375 1621
1695120048623 2395.084716796875 1622
1695120048798 2427.940673828125 1623
1695120048972 2368.4375 1624
1695120049146 2360.3017578125 1625
1695120049320 2387.34716796875 1626
1695120049495 2435.796142578125 1627
1695120049669 2487.341064453125 1628
1695120049854 2429.240234375 1629
1695120050029 2504.94091796875 1630
1695120050204 2235.87255859375 1631
1695120050377 2444.03173828125 1632
1695120050550 2620.271240234375 1633
1695120050724 2293.25732421875 1634
1695120050898 2379.8271484375 1635
1695120051071 2376.280517578125 1636
1695120051245 2419.07177734375 1637
1695120051419 2330.2666015625 1638
1695120051592 2362.742919921875 1639
1695120051766 2336.43115234375 1640
1695120051940 2424.5048828125 1641
1695120052114 2319.969970703125 1642
1695120052288 2440.8935546875 1643
1695120052464 2486.7587890625 1644
1695120052640 2496.700927734375 1645
1695120052815 2321.43603515625 1646
1695120052989 2298.910888671875 1647
1695120053164 2435.17333984375 1648
1695120053340 2286.6259765625 1649
1695120053515 2422.57763671875 1650
1695120053688 2431.612060546875 1651
1695120053860 2471.85888671875 1652
1695120054035 2352.267578125 1653
1695120054209 2446.3076171875 1654
1695120054383 2386.14404296875 1655
1695120054557 2375.222412109375 1656
1695120054731 2351.463134765625 1657
1695120054904 2352.9990234375 1658
1695120055080 2436.20849609375 1659
1695120055255 2429.139404296875 1660
1695120055430 2343.244384765625 1661
1695120055604 2433.673583984375 1662
1695120055778 2266.024658203125 1663
1695120055951 2478.747802734375 1664
1695120056125 2365.58984375 1665
1695120056298 2360.9501953125 1666
1695120056473 2390.69287109375 1667
1695120056646 2362.29345703125 1668
1695120056821 2303.64013671875 1669
1695120056995 2355.6455078125 1670
1695120057170 2334.970703125 1671
1695120057344 2430.421875 1672
1695120057517 2396.4248046875 1673
1695120057691 2308.50146484375 1674
1695120057865 2322.02783203125 1675
1695120058039 2356.111083984375 1676
1695120058213 2324.43359375 1677
1695120058388 2450.967041015625 1678
1695120058563 2383.130126953125 1679
1695120058737 2326.242919921875 1680
1695120058911 2386.4365234375 1681
1695120059085 2269.076171875 1682
1695120059259 2248.90966796875 1683
1695120059432 2482.4052734375 1684
1695120059606 2267.71533203125 1685
1695120059792 2299.22900390625 1686
1695120059967 2420.363525390625 1687
1695120060141 2413.170166015625 1688
1695120060314 2340.926513671875 1689
1695120060487 2366.228759765625 1690
1695120060661 2313.963134765625 1691
1695120060836 2295.900634765625 1692
1695120061009 2386.99755859375 1693
1695120061183 2420.2529296875 1694
1695120061357 2386.804931640625 1695
1695120061532 2425.3251953125 1696
1695120061706 2364.08740234375 1697
1695120061880 2364.37744140625 1698
1695120062054 2378.698974609375 1699
1695120062226 2374.79638671875 1700
1695120065834 2370.9951171875 1701
1695120066007 2307.87158203125 1702
1695120066181 2308.662109375 1703
1695120066354 2379.841064453125 1704
1695120066528 2288.85791015625 1705
1695120066701 2249.9580078125 1706
1695120066875 2300.149658203125 1707
1695120067049 2318.3603515625 1708
1695120067223 2344.370361328125 1709
1695120067397 2243.64501953125 1710
1695120067571 2283.805419921875 1711
1695120067745 2361.69580078125 1712
1695120067919 2419.269775390625 1713
1695120068094 2402.777587890625 1714
1695120068268 2254.1357421875 1715
1695120068443 2500.281005859375 1716
1695120068619 2286.203125 1717
1695120068792 2324.23828125 1718
1695120068968 2307.01611328125 1719
1695120069142 2352.47265625 1720
1695120069316 2264.732666015625 1721
1695120069489 2380.17919921875 1722
1695120069664 2441.45751953125 1723
1695120069856 2272.722900390625 1724
1695120070030 2379.201171875 1725
1695120070204 2233.1455078125 1726
1695120070376 2295.2294921875 1727
1695120070550 2452.641845703125 1728
1695120070724 2319.520751953125 1729
1695120070899 2376.44189453125 1730
1695120071072 2410.57275390625 1731
1695120071246 2419.75 1732
1695120071421 2257.98974609375 1733
1695120071594 2318.702392578125 1734
1695120071768 2327.457763671875 1735
1695120071943 2406.9208984375 1736
1695120072117 2428.5146484375 1737
1695120072290 2342.204833984375 1738
1695120072466 2352.228759765625 1739
1695120072639 2351.55615234375 1740
1695120072814 2395.447265625 1741
1695120072987 2343.089111328125 1742
1695120073161 2273.5703125 1743
1695120073335 2450.389892578125 1744
1695120073509 2348.176513671875 1745
1695120073683 2364.029296875 1746
1695120073860 2265.566650390625 1747
1695120074034 2382.130859375 1748
1695120074208 2393.0830078125 1749
1695120074382 2378.98974609375 1750
1695120074557 2254.10498046875 1751
1695120074731 2258.223876953125 1752
1695120074905 2372.3115234375 1753
1695120075080 2301.880126953125 1754
1695120075254 2341.57861328125 1755
1695120075427 2430.2080078125 1756
1695120075601 2250.9365234375 1757
1695120075775 2328.5009765625 1758
1695120075950 2310.6259765625 1759
1695120076126 2360.883544921875 1760
1695120076301 2264.212890625 1761
1695120076475 2403.0 1762
1695120076649 2368.6826171875 1763
1695120076823 2290.049072265625 1764
1695120076997 2308.41259765625 1765
1695120077171 2298.4658203125 1766
1695120077346 2463.155517578125 1767
1695120077526 2408.79345703125 1768
1695120077699 2442.7353515625 1769
1695120077872 2420.71484375 1770
1695120078046 2479.685546875 1771
1695120078219 2246.95361328125 1772
1695120078391 2378.10791015625 1773
1695120078564 2306.521484375 1774
1695120078739 2304.716796875 1775
1695120078913 2368.4111328125 1776
1695120079087 2317.17626953125 1777
1695120079260 2282.79638671875 1778
1695120079435 2252.1103515625 1779
1695120079609 2341.66748046875 1780
1695120079796 2429.00244140625 1781
1695120079971 2404.65283203125 1782
1695120080145 2339.901123046875 1783
1695120080318 2298.36181640625 1784
1695120080492 2244.158447265625 1785
1695120080666 2334.40380859375 1786
1695120080839 2267.468994140625 1787
1695120081013 2291.406494140625 1788
1695120081187 2402.11181640625 1789
1695120081359 2348.9443359375 1790
1695120081532 2335.8984375 1791
1695120081706 2334.433837890625 1792
1695120081878 2200.822998046875 1793
1695120082050 2311.6630859375 1794
1695120082225 2364.6904296875 1795
1695120082399 2422.4970703125 1796
1695120082573 2393.75341796875 1797
1695120082747 2313.426513671875 1798
1695120082922 2354.930419921875 1799
1695120083096 2288.40185546875 1800
1695120086664 2412.501220703125 1801
1695120086843 2354.762939453125 1802
1695120087017 2329.23193359375 1803
1695120087190 2339.40380859375 1804
1695120087364 2361.369384765625 1805
1695120087538 2463.89208984375 1806
1695120087713 2455.172607421875 1807
1695120087886 2297.329345703125 1808
1695120088060 2310.588134765625 1809
1695120088234 2246.9345703125 1810
1695120088406 2404.73291015625 1811
1695120088579 2321.444580078125 1812
1695120088752 2375.8095703125 1813
1695120088930 2335.5419921875 1814
1695120089119 2389.659423828125 1815
1695120089302 2404.05908203125 1816
1695120089479 2311.49365234375 1817
1695120089654 2281.692138671875 1818
1695120089840 2451.0361328125 1819
1695120090018 2324.96484375 1820
1695120090204 2481.025146484375 1821
1695120090394 2439.24658203125 1822
1695120090580 2329.60205078125 1823
1695120090769 2235.17236328125 1824
1695120090948 2283.2529296875 1825
1695120091139 2332.84423828125 1826
1695120091331 2267.0224609375 1827
1695120091510 2348.697265625 1828
1695120091684 2278.956298828125 1829
1695120091873 2258.341796875 1830
1695120092049 2466.487548828125 1831
1695120092228 2391.144287109375 1832
1695120092414 2366.468994140625 1833
1695120092602 2314.887451171875 1834
1695120092794 2279.512939453125 1835
1695120092986 2358.58935546875 1836
1695120093176 2327.546875 1837
1695120093370 2321.444580078125 1838
1695120093562 2455.220947265625 1839
1695120093749 2236.92578125 1840
1695120093932 2344.36279296875 1841
1695120094105 2326.57080078125 1842
1695120094280 2269.72900390625 1843
1695120094455 2353.510498046875 1844
1695120094630 2348.099365234375 1845
1695120094803 2227.770263671875 1846
1695120094977 2280.7138671875 1847
1695120095153 2444.450439453125 1848
1695120095327 2360.54541015625 1849
1695120095501 2374.552734375 1850
1695120095675 2386.6015625 1851
1695120095849 2316.1572265625 1852
1695120096024 2373.19287109375 1853
1695120096200 2322.771728515625 1854
1695120096373 2258.802978515625 1855
1695120096546 2430.05810546875 1856
1695120096720 2307.76953125 1857
1695120096896 2344.1650390625 1858
1695120097070 2229.3994140625 1859
1695120097243 2327.857421875 1860
1695120097418 2301.448486328125 1861
1695120097592 2373.022705078125 1862
1695120097766 2375.99267578125 1863
1695120097940 2343.868896484375 1864
1695120098116 2367.74951171875 1865
1695120098291 2318.382568359375 1866
1695120098465 2279.39697265625 1867
1695120098638 2227.617431640625 1868
1695120098812 2452.28759765625 1869
1695120098986 2315.2236328125 1870
1695120099160 2296.3916015625 1871
1695120099334 2328.959228515625 1872
1695120099507 2379.909423828125 1873
1695120099680 2358.623291015625 1874
1695120099852 2381.228515625 1875
1695120100026 2369.075927734375 1876
1695120100200 2232.921875 1877
1695120100374 2350.16259765625 1878
1695120100551 2307.666748046875 1879
1695120100724 2349.11767578125 1880
1695120100897 2389.411865234375 1881
1695120101071 2277.249267578125 1882
1695120101245 2252.328857421875 1883
1695120101419 2323.956298828125 1884
1695120101593 2327.7431640625 1885
1695120101768 2281.0791015625 1886
1695120101942 2287.5478515625 1887
1695120102116 2277.90380859375 1888
1695120102291 2291.81689453125 1889
1695120102465 2396.58984375 1890
1695120102639 2365.2978515625 1891
1695120102813 2310.02099609375 1892
1695120102987 2413.24609375 1893
1695120103175 2339.8974609375 1894
1695120103349 2250.767578125 1895
1695120103522 2352.928955078125 1896
1695120103696 2348.8427734375 1897
1695120103870 2223.903564453125 1898
1695120104045 2355.527587890625 1899
1695120104220 2341.8955078125 1900
1695120107781 2406.866455078125 1901
1695120107954 2340.65283203125 1902
1695120108133 2279.4423828125 1903
1695120108310 2366.53662109375 1904
1695120108483 2309.552490234375 1905
1695120108657 2238.0341796875 1906
1695120108832 2358.97802734375 1907
1695120109005 2276.753173828125 1908
1695120109178 2293.94384765625 1909
1695120109352 2292.74560546875 1910
1695120109525 2374.71484375 1911
1695120109698 2186.85302734375 1912
1695120109874 2320.3974609375 1913
1695120110048 2321.400634765625 1914
1695120110242 2287.979248046875 1915
1695120110427 2257.890625 1916
1695120110612 2365.542236328125 1917
1695120110801 2244.49072265625 1918
1695120110997 2361.210693359375 1919
1695120111187 2354.97607421875 1920
1695120111376 2283.02783203125 1921
1695120111559 2304.25146484375 1922
1695120111740 2385.45166015625 1923
1695120111917 2291.583251953125 1924
1695120112096 2355.804443359375 1925
1695120112275 2400.71435546875 1926
1695120112452 2215.14501953125 1927
1695120112644 2338.89013671875 1928
1695120112828 2337.52001953125 1929
1695120113020 2259.968505859375 1930
1695120113207 2332.344970703125 1931
1695120113387 2312.390625 1932
1695120113567 2232.73291015625 1933
1695120113742 2408.46533203125 1934
1695120113917 2299.552490234375 1935
1695120114092 2374.44287109375 1936
1695120114264 2436.08154296875 1937
1695120114437 2324.04931640625 1938
1695120114611 2386.25341796875 1939
1695120114787 2217.32861328125 1940
1695120114961 2316.311279296875 1941
1695120115135 2271.792724609375 1942
1695120115311 2345.887451171875 1943
1695120115484 2337.319580078125 1944
1695120115658 2281.2451171875 1945
1695120115831 2374.443359375 1946
1695120116005 2352.30078125 1947
1695120116180 2304.290771484375 1948
1695120116356 2284.487548828125 1949
1695120116529 2295.0048828125 1950
1695120116703 2346.7734375 1951
1695120116877 2357.66552734375 1952
1695120117050 2283.77294921875 1953
1695120117224 2385.302734375 1954
1695120117398 2272.403076171875 1955
1695120117572 2296.36767578125 1956
1695120117746 2247.449951171875 1957
1695120117921 2324.561279296875 1958
1695120118110 2290.802490234375 1959
1695120118294 2205.021728515625 1960
1695120118468 2220.07470703125 1961
1695120118643 2154.3154296875 1962
1695120118817 2263.32568359375 1963
1695120118990 2262.021484375 1964
1695120119164 2323.353271484375 1965
1695120119337 2375.153076171875 1966
1695120119532 2330.33056640625 1967
1695120119720 2282.838134765625 1968
1695120119899 2291.90478515625 1969
1695120120079 2346.8779296875 1970
1695120120255 2289.433837890625 1971
1695120120436 2304.77197265625 1972
1695120120625 2233.86328125 1973
1695120120814 2322.532470703125 1974
1695120121003 2262.698486328125 1975
1695120121193 2276.994873046875 1976
