1694168022365 0.9781607985496521 0
1694168023816 1.1422199010849 1
1694168025250 0.807794988155365 2
1694168026681 0.7586439251899719 3
1694168028275 0.6027445197105408 4
1694168029836 0.5356155633926392 5
1694168031543 0.5107831358909607 6
1694168033089 0.4784278869628906 7
1694168034781 0.4821144938468933 8
1694168036466 0.44210362434387207 9
1694168037945 0.4088507890701294 10
1694168039393 0.417153537273407 11
1694168040841 0.38726165890693665 12
1694168042297 0.38361871242523193 13
1694168043998 0.4119417369365692 14
1694168045606 0.4079299569129944 15
1694168047435 0.37005794048309326 16
1694168049056 0.3993612825870514 17
1694168050494 0.3612361550331116 18
1694168051956 0.35965457558631897 19
1694168053404 0.3685208857059479 20
1694168054828 0.35121679306030273 21
1694168056258 0.3533157408237457 22
1694168057804 0.3367317318916321 23
1694168059232 0.2994063198566437 24
1694168060652 0.3220984637737274 25
1694168062119 0.29973018169403076 26
1694168063558 0.31621021032333374 27
1694168065007 0.28465116024017334 28
1694168066441 0.2925681471824646 29
1694168067888 0.27774667739868164 30
1694168069331 0.3127475082874298 31
1694168070868 0.27478232979774475 32
1694168072320 0.3050171732902527 33
1694168073784 0.2900688350200653 34
1694168075233 0.2809062600135803 35
1694168076699 0.2860676050186157 36
1694168078146 0.2562868297100067 37
1694168079578 0.2873061001300812 38
1694168081021 0.2679365575313568 39
1694168082468 0.27436062693595886 40
1694168083905 0.2514674961566925 41
1694168085348 0.25025415420532227 42
1694168086800 0.28044041991233826 43
1694168088236 0.25215911865234375 44
1694168089651 0.2847440540790558 45
1694168091077 0.2498578131198883 46
1694168092518 0.2751169502735138 47
1694168093951 0.2718687057495117 48
1694168095384 0.24377156794071198 49
1694168096829 0.24294358491897583 50
1694168098267 0.2501422166824341 51
1694168099703 0.2892036736011505 52
1694168101123 0.24755772948265076 53
1694168102589 0.2716522216796875 54
1694168104019 0.22838711738586426 55
1694168105452 0.2421485036611557 56
1694168106908 0.26237255334854126 57
1694168108336 0.24485953152179718 58
1694168109772 0.2359156608581543 59
1694168111207 0.22900012135505676 60
1694168112639 0.2486562579870224 61
1694168114074 0.22938895225524902 62
1694168115503 0.22745327651500702 63
1694168116950 0.24948137998580933 64
1694168118385 0.25687429308891296 65
1694168119828 0.24084052443504333 66
1694168121271 0.25015202164649963 67
1694168122713 0.23109355568885803 68
1694168124154 0.21908704936504364 69
1694168125604 0.231064110994339 70
1694168127055 0.24442119896411896 71
1694168128499 0.2207988202571869 72
1694168129943 0.23212285339832306 73
1694168131387 0.23754951357841492 74
1694168132823 0.2170857936143875 75
1694168134265 0.22711046040058136 76
1694168135704 0.2299261838197708 77
1694168137163 0.19170667231082916 78
1694168138591 0.21144796907901764 79
1694168140049 0.23999051749706268 80
1694168141493 0.22788649797439575 81
1694168142953 0.21795222163200378 82
1694168144385 0.237318217754364 83
1694168145818 0.2267335057258606 84
1694168147257 0.20998750627040863 85
1694168148692 0.23860293626785278 86
1694168150116 0.19739261269569397 87
1694168151546 0.22968797385692596 88
1694168152967 0.2329474836587906 89
1694168154473 0.22970785200595856 90
1694168155908 0.23140335083007812 91
1694168157356 0.2225337028503418 92
1694168158799 0.20847587287425995 93
1694168160241 0.2274499088525772 94
1694168161688 0.19878211617469788 95
1694168163144 0.1900930553674698 96
1694168164577 0.21860650181770325 97
1694168166015 0.1911408007144928 98
1694168167475 0.20999661087989807 99
1694168168929 0.20657625794410706 100
1694168170374 0.20689502358436584 101
1694168171831 0.21161426603794098 102
1694168173282 0.20253203809261322 103
1694168174726 0.20868007838726044 104
1694168176169 0.21271462738513947 105
1694168177615 0.22759172320365906 106
1694168179054 0.21277843415737152 107
1694168180501 0.2074100226163864 108
1694168181956 0.22999489307403564 109
1694168183393 0.19928430020809174 110
1694168184826 0.17926301062107086 111
1694168186278 0.20258072018623352 112
1694168187715 0.18063704669475555 113
1694168189139 0.1885533481836319 114
1694168190567 0.19513940811157227 115
1694168192017 0.18666693568229675 116
1694168193446 0.21720729768276215 117
1694168194889 0.20777647197246552 118
1694168196329 0.1792321801185608 119
1694168197777 0.18911296129226685 120
1694168199215 0.1775740683078766 121
1694168200646 0.1849665492773056 122
1694168202096 0.17361435294151306 123
1694168203538 0.2076847106218338 124
1694168204980 0.2312367707490921 125
1694168206407 0.2290436029434204 126
1694168207857 0.22033070027828217 127
1694168209296 0.20958788692951202 128
1694168210735 0.16517874598503113 129
1694168212170 0.18732593953609467 130
1694168213612 0.1808634251356125 131
1694168215051 0.19465646147727966 132
1694168216499 0.18263623118400574 133
1694168217955 0.17832525074481964 134
1694168219405 0.18583180010318756 135
1694168220845 0.18977679312229156 136
1694168222292 0.1898387223482132 137
1694168223747 0.21999117732048035 138
1694168225192 0.20173300802707672 139
1694168226635 0.17975902557373047 140
1694168228077 0.1772962212562561 141
1694168229507 0.1970754861831665 142
1694168230963 0.1965005099773407 143
1694168232409 0.17719583213329315 144
1694168233840 0.17806372046470642 145
1694168235286 0.23598100244998932 146
1694168236721 0.14805781841278076 147
1694168238159 0.18462681770324707 148
1694168239585 0.17659322917461395 149
1694168241016 0.19406285881996155 150
1694168242490 0.18588179349899292 151
1694168243930 0.1783047467470169 152
1694168245371 0.16662222146987915 153
1694168246801 0.1746997982263565 154
1694168248239 0.17209027707576752 155
1694168249672 0.1756191998720169 156
1694168251114 0.16505226492881775 157
1694168252592 0.17806047201156616 158
1694168254047 0.19542399048805237 159
1694168255484 0.18067006766796112 160
1694168256924 0.17587414383888245 161
1694168258361 0.17505566775798798 162
1694168259802 0.16117268800735474 163
1694168261235 0.18967097997665405 164
1694168262685 0.18662413954734802 165
1694168264114 0.2046729028224945 166
1694168265538 0.2141530066728592 167
1694168266966 0.21631382405757904 168
1694168268418 0.19725294411182404 169
1694168269863 0.18149420619010925 170
1694168271299 0.17861248552799225 171
1694168272743 0.2026393860578537 172
1694168274181 0.18491655588150024 173
1694168275608 0.2030750960111618 174
1694168277063 0.1826486438512802 175
1694168278611 0.1766432374715805 176
1694168280063 0.17549781501293182 177
1694168281513 0.1655866652727127 178
1694168283004 0.1758059710264206 179
1694168284457 0.1562417894601822 180
1694168285920 0.15540185570716858 181
1694168287379 0.2044353038072586 182
1694168288835 0.15770091116428375 183
1694168290298 0.18577654659748077 184
1694168291758 0.17424549162387848 185
1694168293226 0.21048825979232788 186
1694168294679 0.21943941712379456 187
1694168296134 0.18729625642299652 188
1694168297589 0.17983245849609375 189
1694168299045 0.16666214168071747 190
1694168300501 0.16112910211086273 191
1694168301963 0.18048588931560516 192
1694168303441 0.18363824486732483 193
1694168304902 0.18550772964954376 194
1694168306348 0.14902129769325256 195
1694168307809 0.18740202486515045 196
1694168309245 0.18016226589679718 197
1694168310715 0.18600797653198242 198
1694168312180 0.1869720071554184 199
1694168313645 0.17394088208675385 200
1694168315106 0.16901423037052155 201
1694168316556 0.16423547267913818 202
1694168318031 0.14740286767482758 203
1694168319472 0.1732155829668045 204
1694168320913 0.17641837894916534 205
1694168322359 0.19137521088123322 206
1694168323803 0.18706820905208588 207
1694168325244 0.16504046320915222 208
1694168326685 0.18168692290782928 209
1694168328129 0.19993562996387482 210
1694168329572 0.15173721313476562 211
1694168331014 0.16917550563812256 212
1694168332455 0.14323975145816803 213
1694168333901 0.16353510320186615 214
1694168335360 0.18387897312641144 215
1694168336792 0.18938659131526947 216
1694168338234 0.17635279893875122 217
1694168339683 0.16172923147678375 218
1694168341133 0.203811377286911 219
1694168342630 0.16963709890842438 220
1694168344079 0.16264928877353668 221
1694168345821 0.19101060926914215 222
1694168347602 0.16903561353683472 223
1694168349028 0.1371508687734604 224
1694168350459 0.19458618760108948 225
1694168352011 0.17561866343021393 226
1694168353428 0.14858506619930267 227
1694168354890 0.14524754881858826 228
1694168356430 0.1436859667301178 229
1694168357928 0.17218470573425293 230
1694168359449 0.17526915669441223 231
1694168360892 0.15765757858753204 232
1694168362341 0.17210163176059723 233
1694168363777 0.15990738570690155 234
1694168365224 0.15900106728076935 235
1694168366658 0.16148251295089722 236
1694168368112 0.1417023092508316 237
1694168369557 0.1436649113893509 238
1694168370995 0.17680992186069489 239
1694168372427 0.1925516575574875 240
1694168373884 0.15308618545532227 241
1694168375342 0.1502515822649002 242
1694168376811 0.15240420401096344 243
1694168378292 0.16402873396873474 244
1694168379759 0.18077249825000763 245
1694168381262 0.16471977531909943 246
1694168382741 0.15392643213272095 247
1694168384198 0.1664271354675293 248
1694168385652 0.17572328448295593 249
1694168387153 0.17179910838603973 250
1694168388632 0.17568515241146088 251
1694168390104 0.14612898230552673 252
1694168391568 0.1819833666086197 253
1694168392992 0.17421811819076538 254
1694168394540 0.17347398400306702 255
1694168396064 0.18902777135372162 256
1694168397585 0.18879914283752441 257
