1694163327130 0.9774486422538757 0
1694163329050 0.5804411172866821 1
1694163330874 0.6487030386924744 2
1694163332717 0.47358477115631104 3
1694163334564 0.38235151767730713 4
1694163336453 0.4046624004840851 5
1694163338538 0.38512375950813293 6
1694163340523 0.34513455629348755 7
1694163342344 0.3637959063053131 8
1694163344162 0.2954205870628357 9
1694163346149 0.2632206380367279 10
1694163348105 0.3241086006164551 11
1694163350060 0.2697923481464386 12
1694163352075 0.28728392720222473 13
1694163353915 0.2836219072341919 14
1694163355742 0.2792415916919708 15
1694163357559 0.2542535662651062 16
1694163359572 0.2522176206111908 17
1694163361400 0.24679990112781525 18
1694163363304 0.2313220351934433 19
1694163365151 0.25508737564086914 20
1694163367087 0.2611229121685028 21
1694163369100 0.23762093484401703 22
1694163370997 0.2362527698278427 23
1694163372824 0.20589259266853333 24
1694163374670 0.23080402612686157 25
1694163376588 0.1955660730600357 26
1694163378425 0.22891917824745178 27
1694163380262 0.21439611911773682 28
1694163382084 0.21172164380550385 29
1694163383991 0.18247297406196594 30
1694163385810 0.24865196645259857 31
1694163387636 0.20933915674686432 32
1694163389627 0.21571758389472961 33
1694163391442 0.2159256786108017 34
1694163393256 0.210841566324234 35
1694163395074 0.20034489035606384 36
1694163396893 0.17503446340560913 37
1694163398707 0.20137843489646912 38
1694163400537 0.1868651658296585 39
1694163402362 0.1944751739501953 40
1694163404184 0.17084695398807526 41
1694163406006 0.16838979721069336 42
1694163407828 0.2174467295408249 43
1694163409823 0.18677681684494019 44
1694163411643 0.21115238964557648 45
1694163413457 0.16171778738498688 46
1694163415261 0.1987610161304474 47
1694163417076 0.18308500945568085 48
1694163418889 0.1604170948266983 49
1694163420715 0.16855232417583466 50
1694163422522 0.16767296195030212 51
1694163424355 0.20907816290855408 52
1694163426182 0.1771363466978073 53
1694163427995 0.1872856616973877 54
1694163429975 0.17175142467021942 55
1694163431797 0.14721380174160004 56
1694163433751 0.16560138761997223 57
1694163435590 0.1618189662694931 58
1694163437616 0.14716967940330505 59
1694163439722 0.14845508337020874 60
1694163441643 0.16121095418930054 61
1694163443520 0.15090732276439667 62
1694163445546 0.14356699585914612 63
1694163447564 0.15725943446159363 64
1694163449457 0.1631360650062561 65
1694163451341 0.13845737278461456 66
1694163453241 0.15187683701515198 67
1694163455039 0.14061017334461212 68
1694163456849 0.14321070909500122 69
1694163458654 0.13940291106700897 70
1694163460462 0.14053918421268463 71
1694163462272 0.13935258984565735 72
1694163464172 0.14890067279338837 73
1694163466127 0.1462525874376297 74
1694163468076 0.1384945660829544 75
1694163469952 0.14615629613399506 76
1694163471803 0.14537501335144043 77
1694163473715 0.10308516770601273 78
1694163475619 0.14563827216625214 79
1694163477438 0.1586190015077591 80
1694163479261 0.1520654559135437 81
1694163481102 0.13733385503292084 82
1694163482937 0.1484713852405548 83
1694163484777 0.16234955191612244 84
1694163486603 0.1299898773431778 85
1694163488495 0.1615607738494873 86
1694163490331 0.1311623901128769 87
1694163492151 0.15712937712669373 88
1694163493969 0.15066368877887726 89
1694163495810 0.13546817004680634 90
1694163497677 0.1453862339258194 91
1694163499511 0.14767451584339142 92
1694163501330 0.13466042280197144 93
1694163503202 0.15327732264995575 94
1694163505125 0.11614381521940231 95
1694163507006 0.11478634923696518 96
1694163508857 0.14195407927036285 97
1694163510729 0.11296939104795456 98
1694163512595 0.12662382423877716 99
1694163514469 0.1489168405532837 100
1694163516343 0.15576909482479095 101
1694163518233 0.1237448900938034 102
1694163520107 0.10624289512634277 103
1694163521979 0.11906854063272476 104
1694163523868 0.12179595977067947 105
1694163525831 0.1400291472673416 106
1694163527914 0.134147047996521 107
1694163530147 0.11216004192829132 108
1694163531979 0.12704811990261078 109
1694163533809 0.12120983004570007 110
1694163535641 0.11890073120594025 111
1694163537668 0.13195200264453888 112
1694163539701 0.1147393062710762 113
1694163541813 0.12121866643428802 114
1694163543895 0.13907518982887268 115
1694163545705 0.12545663118362427 116
1694163547514 0.15600189566612244 117
1694163549518 0.1222592368721962 118
1694163551346 0.12270411103963852 119
1694163553166 0.13589441776275635 120
1694163554980 0.1073867678642273 121
1694163556791 0.11796926707029343 122
1694163558782 0.10095334053039551 123
1694163560625 0.1339416652917862 124
1694163562437 0.09900496900081635 125
1694163564254 0.1304336041212082 126
1694163566082 0.1375211626291275 127
1694163567891 0.11633481085300446 128
1694163569714 0.08660585433244705 129
1694163571528 0.11834745109081268 130
1694163573338 0.10184277594089508 131
1694163575153 0.12173204123973846 132
1694163577002 0.10802438110113144 133
1694163579082 0.1035337969660759 134
1694163580998 0.12342942506074905 135
1694163582908 0.1282350867986679 136
1694163584813 0.1341545432806015 137
1694163586723 0.12105661630630493 138
1694163588806 0.1317690759897232 139
1694163590711 0.10499320924282074 140
1694163592624 0.0962701067328453 141
1694163594531 0.11554870754480362 142
1694163596433 0.1199725940823555 143
1694163598406 0.11573837697505951 144
1694163600310 0.11768639087677002 145
1694163602307 0.16004836559295654 146
1694163604206 0.08769644051790237 147
1694163606093 0.11678341776132584 148
1694163607997 0.10961054265499115 149
1694163609899 0.11098496615886688 150
1694163611798 0.09703174978494644 151
1694163613695 0.1030506044626236 152
1694163615579 0.12579511106014252 153
1694163617471 0.1287938952445984 154
1694163619512 0.11269812285900116 155
1694163621421 0.13454066216945648 156
1694163623320 0.11762634664773941 157
1694163625223 0.10511218011379242 158
1694163627115 0.1347210705280304 159
1694163629186 0.10834251344203949 160
1694163631067 0.12022104859352112 161
1694163632957 0.11730978637933731 162
1694163634842 0.11253977566957474 163
1694163636727 0.12150046974420547 164
1694163638785 0.10528872907161713 165
1694163640655 0.11028773337602615 166
1694163642542 0.12793350219726562 167
1694163644434 0.13824789226055145 168
1694163646319 0.12752865254878998 169
1694163648214 0.11572972685098648 170
1694163650120 0.1098724752664566 171
1694163652006 0.12418480962514877 172
1694163653894 0.107696034014225 173
1694163655784 0.11342425644397736 174
1694163657682 0.08377015590667725 175
1694163659581 0.08684953302145004 176
1694163661458 0.12496285140514374 177
1694163663338 0.07954321801662445 178
1694163665228 0.0992165058851242 179
1694163667114 0.07668191194534302 180
1694163669171 0.08228398114442825 181
1694163671062 0.12386634200811386 182
1694163672937 0.0817948505282402 183
1694163674894 0.09967189282178879 184
1694163676751 0.09127970784902573 185
1694163678799 0.11127962917089462 186
1694163680671 0.11469239741563797 187
1694163682530 0.09920517355203629 188
1694163684407 0.082769475877285 189
1694163686276 0.10814649611711502 190
1694163688160 0.10080549865961075 191
1694163690056 0.09406279027462006 192
1694163691945 0.08888009935617447 193
1694163693837 0.10998685657978058 194
1694163695695 0.09307468682527542 195
1694163697567 0.11386490613222122 196
1694163699532 0.11160778254270554 197
1694163701399 0.1051981970667839 198
1694163703285 0.12542280554771423 199
1694163705158 0.07928135246038437 200
1694163707049 0.09155045449733734 201
1694163709100 0.098305843770504 202
1694163710982 0.09005387872457504 203
1694163712862 0.0940949097275734 204
1694163714742 0.11579875648021698 205
1694163716618 0.1206432580947876 206
1694163718678 0.12770313024520874 207
1694163720551 0.08562709391117096 208
1694163722433 0.11289620399475098 209
1694163724367 0.1099061369895935 210
1694163726243 0.0866217091679573 211
1694163728111 0.10364638268947601 212
1694163730004 0.08856475353240967 213
1694163731877 0.07421375066041946 214
1694163733756 0.09008375555276871 215
1694163735638 0.10187267512083054 216
1694163737522 0.11179232597351074 217
1694163739544 0.10395282506942749 218
1694163741429 0.09472867101430893 219
1694163743315 0.12515917420387268 220
1694163745180 0.09261981397867203 221
1694163747058 0.1090012714266777 222
1694163749114 0.1024138480424881 223
1694163751093 0.08428298681974411 224
1694163752962 0.1162664070725441 225
1694163754841 0.10763238370418549 226
1694163756712 0.07603096961975098 227
1694163758771 0.10519270598888397 228
1694163760669 0.10584204643964767 229
1694163762553 0.11326185613870621 230
1694163764432 0.10336500406265259 231
1694163766312 0.110419861972332 232
1694163768189 0.10880250483751297 233
1694163770064 0.10764405131340027 234
1694163771916 0.09032785147428513 235
1694163773779 0.09161129593849182 236
1694163775661 0.07420175522565842 237
1694163777526 0.07185807079076767 238
1694163779532 0.10213730484247208 239
1694163781402 0.1144985631108284 240
1694163783270 0.10919385403394699 241
1694163785146 0.07405012845993042 242
1694163787019 0.10105229914188385 243
1694163789059 0.0912228524684906 244
1694163790934 0.08795182406902313 245
1694163792810 0.10067004710435867 246
1694163794680 0.08412621915340424 247
1694163796545 0.07378984987735748 248
1694163798546 0.0952991247177124 249
1694163800398 0.08410168439149857 250
1694163802261 0.07955215126276016 251
1694163804127 0.05975211039185524 252
1694163805988 0.10243990272283554 253
1694163807855 0.07893448323011398 254
