1694796720849 2267.03662109375 0
1694796721180 2230.539794921875 1
1694796721522 2176.798828125 2
1694796721848 2192.654541015625 3
1694796722181 2196.1201171875 4
1694796722502 2062.126220703125 5
1694796722847 2199.541748046875 6
1694796723181 2106.180419921875 7
1694796723510 2032.672607421875 8
1694796723853 2041.2760009765625 9
1694796724201 2018.0718994140625 10
1694796724563 1924.282958984375 11
1694796724911 2017.830322265625 12
1694796725256 1915.4605712890625 13
1694796725608 1911.2677001953125 14
1694796725972 1908.1170654296875 15
1694796726338 1916.421630859375 16
1694796726684 1833.763671875 17
1694796727010 1828.87548828125 18
1694796727339 1758.0234375 19
1694796727680 1823.556396484375 20
1694796728018 1818.87158203125 21
1694796728348 1824.027587890625 22
1694796728675 1749.85888671875 23
1694796728995 1738.6832275390625 24
1694796729320 1732.3046875 25
1694796729647 1792.172607421875 26
1694796729987 1665.7989501953125 27
1694796730327 1737.02490234375 28
1694796730652 1701.606201171875 29
1694796730981 1745.772705078125 30
1694796731308 1738.030517578125 31
1694796731634 1675.4541015625 32
1694796731966 1645.998046875 33
1694796732289 1604.8046875 34
1694796732621 1618.561279296875 35
1694796732942 1624.482666015625 36
1694796733265 1637.6236572265625 37
1694796733598 1628.5791015625 38
1694796733923 1650.1663818359375 39
1694796734248 1582.8895263671875 40
1694796734565 1534.443603515625 41
1694796734886 1578.4375 42
1694796735211 1575.220458984375 43
1694796735549 1481.7646484375 44
1694796735875 1457.345947265625 45
1694796736199 1497.6199951171875 46
1694796736521 1546.023193359375 47
1694796736836 1493.193115234375 48
1694796737162 1561.758544921875 49
1694796737487 1452.150390625 50
1694796737809 1423.1201171875 51
1694796738132 1419.7374267578125 52
1694796738456 1515.83251953125 53
1694796738780 1502.62109375 54
1694796739104 1353.360107421875 55
1694796739432 1322.564697265625 56
1694796739750 1414.141357421875 57
1694796740071 1411.7548828125 58
1694796740406 1397.091796875 59
1694796740736 1407.98388671875 60
1694796741080 1456.5811767578125 61
1694796741419 1352.662109375 62
1694796741772 1297.5943603515625 63
1694796742110 1350.734619140625 64
1694796742446 1424.9559326171875 65
1694796742798 1441.288818359375 66
1694796743134 1335.4466552734375 67
1694796743472 1406.230224609375 68
1694796743796 1391.499755859375 69
1694796744124 1416.2425537109375 70
1694796744459 1411.202392578125 71
1694796744802 1406.679443359375 72
1694796745175 1281.6744384765625 73
1694796745504 1328.545654296875 74
1694796745836 1280.133544921875 75
1694796746164 1261.591552734375 76
1694796746509 1365.987548828125 77
1694796746850 1281.349365234375 78
1694796747238 1333.449951171875 79
1694796747594 1227.322021484375 80
1694796747928 1303.692626953125 81
1694796748252 1277.8824462890625 82
1694796748578 1214.6910400390625 83
1694796748927 1228.680908203125 84
1694796749256 1292.16943359375 85
1694796749580 1230.9696044921875 86
1694796749912 1231.90087890625 87
1694796750237 1202.30810546875 88
1694796750559 1275.21630859375 89
1694796750882 1187.818603515625 90
1694796751203 1181.543701171875 91
1694796751537 1212.27880859375 92
1694796751869 1183.134765625 93
1694796752228 1199.0853271484375 94
1694796752562 1234.4825439453125 95
1694796752924 1308.033203125 96
1694796753273 1223.748779296875 97
1694796753617 1210.751708984375 98
1694796753963 1286.335693359375 99
1694796754314 1209.335205078125 100
1694796754643 1235.364013671875 101
1694796754975 1184.0511474609375 102
1694796755298 1161.5198974609375 103
1694796755639 1169.506591796875 104
1694796755959 1129.864990234375 105
1694796756292 1152.853271484375 106
1694796756618 1224.93798828125 107
1694796756947 1160.400634765625 108
1694796757281 1121.9979248046875 109
1694796757607 1232.59423828125 110
1694796757944 1281.3839111328125 111
1694796758263 1161.962158203125 112
1694796758592 1278.30810546875 113
1694796758920 1252.2994384765625 114
1694796759240 1151.4814453125 115
1694796759563 1200.4910888671875 116
1694796759894 1138.601318359375 117
1694796760221 1193.113525390625 118
1694796760553 1217.42529296875 119
1694796760880 1213.3212890625 120
1694796761205 1190.2449951171875 121
1694796761534 1079.926513671875 122
1694796761864 1227.9061279296875 123
1694796762194 1177.25341796875 124
1694796762522 1319.826904296875 125
1694796762851 1180.5888671875 126
1694796763170 1183.06201171875 127
1694796763496 1097.3470458984375 128
1694796763829 1141.4189453125 129
1694796764156 1321.386474609375 130
1694796764495 1156.719482421875 131
1694796764828 1126.787841796875 132
1694796765166 1157.71630859375 133
1694796765495 1164.418701171875 134
1694796765819 1102.337890625 135
1694796766144 1131.0712890625 136
1694796766472 1059.318115234375 137
1694796766790 1171.29443359375 138
1694796767147 1118.049560546875 139
1694796767472 1123.1591796875 140
1694796767806 1090.9713134765625 141
1694796768126 1139.185546875 142
1694796768450 1128.45263671875 143
1694796768778 1066.22998046875 144
1694796769105 1059.7554931640625 145
1694796769428 1180.62744140625 146
1694796769752 1110.006103515625 147
1694796770077 1084.0947265625 148
1694796770398 1084.1026611328125 149
1694796770722 1114.2996826171875 150
1694796771052 1116.02197265625 151
1694796771373 1069.5516357421875 152
1694796771701 1150.9044189453125 153
1694796772023 1066.6375732421875 154
1694796772353 1087.4931640625 155
1694796772682 1045.837646484375 156
1694796773010 1098.09130859375 157
1694796773341 1058.572021484375 158
1694796773670 1105.214111328125 159
1694796774002 1034.60595703125 160
1694796774335 1130.93701171875 161
1694796774660 1038.024658203125 162
1694796774992 1147.2261962890625 163
1694796775323 1029.9498291015625 164
1694796775651 984.55908203125 165
1694796775975 1069.0767822265625 166
1694796776304 1106.9287109375 167
1694796776628 1062.29638671875 168
1694796776967 1089.190185546875 169
1694796777304 1092.1273193359375 170
1694796777632 1060.4849853515625 171
1694796777953 963.0836791992188 172
1694796778282 1127.724853515625 173
1694796778609 1026.4593505859375 174
1694796778940 986.9164428710938 175
1694796779285 1051.1182861328125 176
1694796779611 1064.5133056640625 177
1694796779934 1006.3564453125 178
1694796780268 977.0903930664062 179
1694796780598 986.8679809570312 180
1694796780927 988.8148193359375 181
1694796781268 1040.80517578125 182
1694796781607 1019.274169921875 183
1694796781934 956.9387817382812 184
1694796782267 979.119384765625 185
1694796782587 985.7560424804688 186
1694796782934 1035.8292236328125 187
1694796783282 969.85986328125 188
1694796783616 1084.60498046875 189
1694796783974 1002.0388793945312 190
1694796784319 944.6721801757812 191
1694796784645 1005.6287841796875 192
1694796784985 1008.55615234375 193
1694796785315 984.6377563476562 194
1694796785640 996.9247436523438 195
1694796785964 1071.860595703125 196
1694796786293 981.8167724609375 197
1694796786615 991.1089477539062 198
1694796786965 924.4129638671875 199
1694796787329 1031.3577880859375 200
1694796787660 1046.473388671875 201
1694796787985 1027.184326171875 202
1694796788313 1036.0009765625 203
1694796788641 1054.9119873046875 204
1694796788993 1085.218017578125 205
1694796789327 957.9459838867188 206
1694796789652 982.5205688476562 207
1694796789981 960.4334106445312 208
1694796790303 964.153564453125 209
1694796790630 962.5697021484375 210
1694796790958 963.6179809570312 211
1694796791286 989.052734375 212
1694796791616 1059.37646484375 213
1694796791946 1008.5270385742188 214
1694796792271 954.4063110351562 215
1694796792602 995.8342895507812 216
1694796792939 1010.343994140625 217
1694796793271 935.4354248046875 218
1694796793601 963.1763305664062 219
1694796793937 1032.3551025390625 220
1694796794264 1005.626708984375 221
1694796794596 953.2513427734375 222
1694796794923 970.0452880859375 223
1694796795250 957.126708984375 224
1694796795578 902.1153564453125 225
1694796795903 968.05615234375 226
1694796796239 937.4602661132812 227
1694796796573 902.7904663085938 228
1694796796897 931.8563842773438 229
1694796797232 976.4129638671875 230
1694796797555 917.7702026367188 231
1694796797886 963.6273193359375 232
1694796798215 905.8598022460938 233
1694796798549 1029.4287109375 234
1694796798875 891.2447509765625 235
1694796799205 985.9702758789062 236
1694796799528 927.5388793945312 237
1694796799860 968.9830322265625 238
1694796800186 975.386962890625 239
1694796800516 892.874267578125 240
1694796800844 984.7713623046875 241
1694796801170 1017.781494140625 242
1694796801502 926.893798828125 243
1694796801832 946.9654541015625 244
1694796802157 970.1661376953125 245
1694796802486 919.1378784179688 246
1694796802805 962.338134765625 247
1694796803131 897.6570434570312 248
1694796803457 928.8321533203125 249
1694796803781 877.2525024414062 250
1694796804107 911.6835327148438 251
1694796804433 886.2315673828125 252
1694796804758 963.1619873046875 253
1694796805093 880.20556640625 254
1694796805439 953.3062133789062 255
1694796805768 921.511474609375 256
1694796806098 991.2337646484375 257
1694796806426 943.9920654296875 258
1694796806767 967.1671752929688 259
1694796807114 1035.4554443359375 260
1694796807446 903.9263916015625 261
1694796807777 906.663330078125 262
1694796808110 902.5965576171875 263
1694796808444 922.9951171875 264
1694796808771 866.1807861328125 265
1694796809090 912.2156982421875 266
1694796809419 862.9671630859375 267
1694796809749 930.801025390625 268
1694796810082 862.8338623046875 269
1694796810407 1037.863037109375 270
1694796810736 862.635009765625 271
1694796811064 941.9360961914062 272
1694796811387 870.23583984375 273
1694796811712 1011.683349609375 274
1694796812038 946.1907958984375 275
1694796812370 910.9758911132812 276
1694796812696 906.105224609375 277
1694796813030 859.27978515625 278
1694796813361 883.3697509765625 279
1694796813700 943.5291137695312 280
1694796814031 898.4327392578125 281
1694796814369 929.85693359375 282
1694796814695 860.1066284179688 283
1694796815020 904.083251953125 284
1694796815356 925.4487915039062 285
1694796815703 912.1375732421875 286
1694796816052 937.3057861328125 287
1694796816385 895.4580078125 288
1694796816737 884.7982177734375 289
1694796817093 883.5487060546875 290
1694796817446 840.82763671875 291
1694796817783 961.6087646484375 292
1694796818115 852.7804565429688 293
1694796818469 873.6216430664062 294
1694796818813 853.671630859375 295
1694796819142 888.2760009765625 296
1694796819469 876.7427978515625 297
1694796819804 919.0106201171875 298
1694796820137 910.74853515625 299
1694796820466 880.0372924804688 300
1694796820796 914.167236328125 301
1694796821133 848.0911865234375 302
1694796821457 874.2756958007812 303
1694796821788 882.5609130859375 304
1694796822117 874.1234130859375 305
1694796822446 903.93603515625 306
1694796822772 864.2698974609375 307
1694796823101 903.9505615234375 308
1694796823430 936.665283203125 309
1694796823765 944.6107788085938 310
1694796824092 904.3671264648438 311
1694796824424 770.867919921875 312
1694796824753 830.965576171875 313
1694796825075 875.15478515625 314
1694796825400 872.47314453125 315
1694796825736 824.7919311523438 316
1694796826081 825.5569458007812 317
1694796826411 891.6839599609375 318
1694796826740 845.3434448242188 319
1694796827090 844.436767578125 320
1694796827419 846.46923828125 321
1694796827747 921.7247314453125 322
1694796828078 932.9659423828125 323
1694796828423 911.1664428710938 324
1694796828777 900.41259765625 325
1694796829105 893.5956420898438 326
1694796829436 920.55224609375 327
1694796829768 823.3521728515625 328
1694796830096 882.872802734375 329
1694796830431 908.2073974609375 330
1694796830769 922.2650146484375 331
1694796831127 796.9508056640625 332
1694796831496 807.522705078125 333
1694796831832 844.1363525390625 334
1694796832164 819.2804565429688 335
1694796832493 812.554931640625 336
1694796832825 797.0546875 337
1694796833154 827.0851440429688 338
1694796833473 841.9175415039062 339
1694796833801 803.1878051757812 340
1694796834130 855.2317504882812 341
1694796834455 788.7855224609375 342
1694796834782 784.012451171875 343
1694796835105 817.255859375 344
1694796835437 907.9336547851562 345
