1695126836834 3621.6123046875 0
1695126840590 3542.4267578125 1
1695126840937 3592.615478515625 2
1695126841276 3492.40771484375 3
1695126841612 3420.04541015625 4
1695126841931 3419.47509765625 5
1695126842245 3318.196044921875 6
1695126842592 3366.38671875 7
1695126842936 3300.8369140625 8
1695126843281 3356.165771484375 9
1695126843630 3421.620849609375 10
1695126843977 3353.95947265625 11
1695126844330 3335.25341796875 12
1695126844659 3293.521484375 13
1695126844993 3434.250732421875 14
1695126845332 3344.41943359375 15
1695126845646 3306.81494140625 16
1695126845980 3343.890625 17
1695126846306 3424.400390625 18
1695126846643 3515.7490234375 19
1695126846984 4747.609375 20
1695126847311 3326.384033203125 21
1695126847623 3436.27001953125 22
1695126847937 3603.435791015625 23
1695126848276 3742.756591796875 24
1695126848616 3628.71826171875 25
1695126848955 3366.1416015625 26
1695126849301 3676.415283203125 27
1695126849624 3507.65283203125 28
1695126849952 3522.02880859375 29
1695126850297 3637.2548828125 30
1695126850618 3762.09326171875 31
1695126850953 3291.483642578125 32
1695126851266 3470.85009765625 33
1695126851575 3617.39990234375 34
1695126851884 3399.736083984375 35
1695126852192 4083.7705078125 36
1695126852502 3184.15625 37
1695126852823 3434.349609375 38
1695126853134 3518.28564453125 39
1695126853441 3071.15380859375 40
1695126853748 3463.60009765625 41
1695126854056 4086.309326171875 42
1695126854364 3147.64453125 43
1695126854672 3565.912109375 44
1695126854981 3349.1650390625 45
1695126855296 2998.71142578125 46
1695126855606 4325.451171875 47
1695126855915 2627.51806640625 48
1695126856226 3086.5439453125 49
1695126856534 2339.39697265625 50
1695126856845 2358.53173828125 51
1695126857156 118758.0703125 52
1695126857466 5761.09912109375 53
1695126857776 2739.339111328125 54
1695126858085 3812.471923828125 55
1695126858394 5800.3291015625 56
1695126858704 3430.302001953125 57
1695126859012 3563.5166015625 58
1695126859347 2730.395751953125 59
1695126859680 5062.59130859375 60
1695126860014 19858.61328125 61
1695126860326 2758.1318359375 62
1695126860637 4523.76318359375 63
1695126860949 2974.713134765625 64
1695126861270 2365.951904296875 65
1695126861615 2779.649658203125 66
1695126861928 2662.210693359375 67
1695126862273 2348.6982421875 68
1695126862617 7150.28857421875 69
1695126862944 3105.505859375 70
1695126863256 2389.978271484375 71
1695126863568 2091.532470703125 72
1695126863884 2145.586669921875 73
1695126864195 2281.426513671875 74
1695126864510 2298.880615234375 75
1695126864822 2179.421630859375 76
1695126865131 2264.626708984375 77
1695126865459 8644.857421875 78
1695126865789 2404.79296875 79
1695126866134 2200.8876953125 80
1695126866467 27868.01953125 81
1695126866805 2105.842529296875 82
1695126867149 2215.490234375 83
1695126867488 2533.362548828125 84
1695126867841 2331.905517578125 85
1695126868156 2203.022216796875 86
1695126868469 2277.1552734375 87
1695126868780 2114.26220703125 88
1695126869099 2062.067626953125 89
1695126869420 2599.75390625 90
1695126869744 2065.783935546875 91
1695126870061 2296.91357421875 92
1695126870372 2151.2568359375 93
1695126870681 2364.93603515625 94
1695126870993 2265.89453125 95
1695126871305 2200.19921875 96
1695126871616 2179.654296875 97
1695126871927 2226.05908203125 98
1695126872237 2139.60888671875 99
1695126872549 2127.59521484375 100
1695126876326 22222.90625 101
1695126876671 2147.244140625 102
1695126876996 2224.18212890625 103
1695126877330 2180.11181640625 104
1695126877644 24293.841796875 105
1695126877965 82705.265625 106
1695126878284 2104.395751953125 107
1695126878624 3240.21044921875 108
1695126878957 5121.3359375 109
1695126879292 30398.107421875 110
1695126879622 78314.0390625 111
1695126879934 17224.994140625 112
1695126880250 11201.6123046875 113
1695126880561 2689.7666015625 114
1695126880881 9275.91015625 115
1695126881207 12529.5234375 116
1695126881542 2688.55810546875 117
1695126881882 3047.2265625 118
1695126882215 2718.773681640625 119
1695126882546 2556.904296875 120
1695126882879 2501.40625 121
1695126883212 2678.280029296875 122
1695126883528 3726.61083984375 123
1695126883863 3722.33642578125 124
1695126884184 2852.619140625 125
1695126884499 2706.25537109375 126
1695126884828 2621.368408203125 127
1695126885166 3720.275390625 128
1695126885495 2687.42626953125 129
1695126885822 3115.49609375 130
1695126886143 3897.3046875 131
1695126886491 3106.50732421875 132
1695126886836 3969.431396484375 133
1695126887174 2973.506591796875 134
1695126887499 24075.90234375 135
1695126887839 3424.2900390625 136
1695126888179 2391.734130859375 137
1695126888521 5310.6337890625 138
1695126888836 5493.97802734375 139
1695126889173 2874.5595703125 140
1695126889522 2858.054931640625 141
1695126889871 8069.87353515625 142
1695126890216 2467.95849609375 143
1695126890553 4195.88623046875 144
1695126890888 30303.11328125 145
1695126891221 3478.576171875 146
1695126891534 2261.192626953125 147
1695126891847 2182.4755859375 148
1695126892163 2369.50146484375 149
1695126892508 6094.89794921875 150
1695126892851 2493.28076171875 151
