1694166341537 0.9774486422538757 0
1694166343383 0.8708439469337463 1
1694166345161 0.8421775102615356 2
1694166347069 0.8103945255279541 3
1694166348947 0.7751174569129944 4
1694166350834 0.7547381520271301 5
1694166352790 0.7247936129570007 6
1694166354585 0.7002087831497192 7
1694166356448 0.6855147480964661 8
1694166358373 0.6871280670166016 9
1694166360199 0.6631885766983032 10
1694166362093 0.6482670903205872 11
1694166364159 0.6469767689704895 12
1694166365943 0.6444957852363586 13
1694166367718 0.6321054100990295 14
1694166369490 0.63548344373703 15
1694166371273 0.6274999976158142 16
1694166373216 0.6291913986206055 17
1694166375007 0.6217169165611267 18
1694166376790 0.6266001462936401 19
1694166378565 0.6178260445594788 20
1694166380354 0.6211366653442383 21
1694166382143 0.6164458990097046 22
1694166383964 0.6094118356704712 23
1694166385757 0.6028967499732971 24
1694166387543 0.6189107298851013 25
1694166389332 0.5975855588912964 26
1694166391128 0.6069832444190979 27
1694166393073 0.6010907292366028 28
1694166394869 0.6058940887451172 29
1694166396752 0.5935428142547607 30
1694166398544 0.5985242128372192 31
1694166400340 0.5918135643005371 32
1694166402132 0.6006574034690857 33
1694166403941 0.5841256976127625 34
1694166405742 0.5783935785293579 35
1694166407532 0.5919340252876282 36
1694166409325 0.5822771787643433 37
1694166411121 0.5822335481643677 38
1694166413072 0.5827686190605164 39
1694166414850 0.5782290101051331 40
1694166416650 0.5764527916908264 41
1694166418447 0.5791140198707581 42
1694166420246 0.578951895236969 43
1694166422040 0.579533576965332 44
1694166423845 0.5725058913230896 45
1694166425641 0.5758892297744751 46
1694166427434 0.5786840915679932 47
1694166429226 0.5776035189628601 48
1694166431018 0.584608793258667 49
1694166432971 0.5699223875999451 50
1694166434772 0.5652089715003967 51
1694166436572 0.5823447704315186 52
1694166438373 0.5659193396568298 53
1694166440169 0.5714685916900635 54
1694166441964 0.5629276633262634 55
1694166443762 0.5669819712638855 56
1694166445549 0.5532596707344055 57
1694166447331 0.5668094158172607 58
1694166449116 0.5629440546035767 59
1694166450906 0.5572081208229065 60
1694166452857 0.566635251045227 61
1694166454647 0.5565488934516907 62
1694166456436 0.559122622013092 63
1694166458223 0.5554453134536743 64
1694166460006 0.568715512752533 65
1694166461790 0.5629006624221802 66
1694166463694 0.5483912825584412 67
1694166465489 0.5621578097343445 68
1694166467287 0.5371457934379578 69
1694166469081 0.5532433390617371 70
1694166470884 0.5664396286010742 71
1694166472836 0.547758162021637 72
1694166474631 0.5438595414161682 73
1694166476438 0.5537590384483337 74
1694166478237 0.533926248550415 75
1694166480035 0.539785623550415 76
1694166482028 0.5569883584976196 77
1694166484173 0.5380021333694458 78
1694166486068 0.551642119884491 79
1694166487972 0.5523217916488647 80
1694166489834 0.5332042574882507 81
1694166491685 0.5275776386260986 82
1694166493684 0.5352014303207397 83
1694166495518 0.5386096835136414 84
1694166497539 0.5311365723609924 85
1694166499545 0.5426462888717651 86
1694166501367 0.5261979103088379 87
1694166503276 0.5407075881958008 88
1694166505182 0.5362188220024109 89
1694166506989 0.5447869300842285 90
1694166508786 0.54584801197052 91
1694166510582 0.5313870310783386 92
1694166512390 0.5321795344352722 93
1694166514290 0.5444838404655457 94
1694166516094 0.5334054827690125 95
1694166517898 0.5236644148826599 96
1694166519696 0.5443220138549805 97
1694166521629 0.5221854448318481 98
1694166523521 0.5159360766410828 99
1694166525330 0.5351743102073669 100
1694166527215 0.5164361596107483 101
1694166529261 0.5277754068374634 102
1694166531090 0.5193889737129211 103
1694166533003 0.5284468531608582 104
1694166535014 0.518998920917511 105
1694166536894 0.5356912612915039 106
1694166539017 0.5158583521842957 107
1694166540860 0.5151399374008179 108
1694166542688 0.5167586803436279 109
1694166544540 0.5120708346366882 110
1694166546395 0.5114055871963501 111
1694166548371 0.5058974623680115 112
1694166550335 0.5115165114402771 113
1694166552429 0.5191144347190857 114
1694166554277 0.5243807435035706 115
1694166556092 0.5277161002159119 116
1694166557890 0.5055858492851257 117
1694166559691 0.49948152899742126 118
1694166561493 0.5038357377052307 119
1694166563477 0.5206183791160583 120
1694166565303 0.4990522861480713 121
1694166567115 0.4995468556880951 122
1694166568926 0.4951852858066559 123
1694166570728 0.5130983591079712 124
1694166572694 0.5045536756515503 125
1694166574508 0.5088036060333252 126
1694166576304 0.49779006838798523 127
1694166578097 0.5071021318435669 128
1694166579890 0.49958887696266174 129
1694166581679 0.49537158012390137 130
1694166583568 0.5117661356925964 131
1694166585400 0.5082886219024658 132
1694166587275 0.4935702383518219 133
1694166589119 0.5037806034088135 134
1694166591066 0.5190094113349915 135
1694166593029 0.493956595659256 136
1694166594950 0.47864943742752075 137
1694166596776 0.4976007640361786 138
1694166598651 0.49914395809173584 139
1694166600516 0.49779772758483887 140
1694166602329 0.4899032413959503 141
1694166604155 0.4891614019870758 142
1694166606090 0.5084816813468933 143
1694166607924 0.4828527271747589 144
1694166609806 0.47577857971191406 145
