1694798065398 2215.12744140625 0
1694798065746 2269.09130859375 1
1694798066092 2282.32666015625 2
1694798066421 2276.466552734375 3
1694798066756 2222.100830078125 4
1694798067091 2242.8271484375 5
1694798067419 2328.13232421875 6
1694798067749 2243.552001953125 7
1694798068080 2166.4912109375 8
1694798068409 2242.101318359375 9
1694798068741 2213.092529296875 10
1694798069075 2255.04296875 11
1694798069401 2154.86279296875 12
1694798069735 2168.232177734375 13
1694798070063 2199.998291015625 14
1694798070399 2244.68505859375 15
1694798070724 2207.39111328125 16
1694798071047 2223.998046875 17
1694798071381 2241.10302734375 18
1694798071705 2221.49951171875 19
1694798072033 2175.655517578125 20
1694798072382 2182.29638671875 21
1694798072717 2204.197021484375 22
1694798073052 2236.461181640625 23
1694798073390 2257.62841796875 24
1694798073732 2248.144775390625 25
1694798074068 2100.41259765625 26
1694798074409 2185.054931640625 27
1694798074741 2281.18505859375 28
1694798075076 2202.72265625 29
1694798075412 2298.70068359375 30
1694798075744 2287.9033203125 31
1694798076081 2258.53369140625 32
1694798076423 2241.60693359375 33
1694798076750 2306.730712890625 34
1694798077085 2204.044921875 35
1694798077418 2159.802001953125 36
1694798077765 2275.748779296875 37
1694798078094 2242.7939453125 38
1694798078429 2283.21337890625 39
