1694174719112 0.9785691499710083 0
1694174720545 0.8287613987922668 1
1694174721926 0.701866865158081 2
1694174723295 0.6585569977760315 3
1694174724671 0.5658771991729736 4
1694174726044 0.5225830674171448 5
1694174727433 0.5087066888809204 6
1694174728808 0.5206404328346252 7
1694174730184 0.6644122004508972 8
1694174731553 0.6517648100852966 9
1694174732930 0.599641740322113 10
1694174734312 0.5809090733528137 11
1694174735688 0.5211846232414246 12
1694174737063 0.4862232506275177 13
1694174738441 0.4800761044025421 14
1694174739808 0.4725185036659241 15
1694174741173 0.4525832235813141 16
1694174742536 0.45597147941589355 17
1694174743911 0.4453742802143097 18
1694174745290 0.4326708912849426 19
1694174746669 0.45109203457832336 20
1694174748043 0.4485960304737091 21
1694174749429 0.4492151141166687 22
1694174750808 0.4170790910720825 23
1694174752179 0.41491588950157166 24
1694174753551 0.4244941771030426 25
1694174754917 0.38383761048316956 26
1694174756284 0.38875851035118103 27
1694174757650 0.35821306705474854 28
1694174759016 0.35957053303718567 29
1694174760387 0.3416541516780853 30
1694174761772 0.3673959970474243 31
1694174763253 0.326455295085907 32
1694174764620 0.3330029547214508 33
1694174765988 0.3328384757041931 34
1694174767370 0.2922821342945099 35
1694174768742 0.29283732175827026 36
1694174770118 0.3019040524959564 37
1694174771491 0.287983775138855 38
1694174772864 0.26684558391571045 39
1694174774232 0.2580070495605469 40
1694174775601 0.23784741759300232 41
1694174776988 0.23880773782730103 42
1694174778519 0.25093570351600647 43
1694174780014 0.21698927879333496 44
1694174781416 0.24098645150661469 45
1694174782795 0.22023315727710724 46
1694174784175 0.24156713485717773 47
1694174785553 0.24070477485656738 48
1694174786916 0.221088245511055 49
1694174788388 0.23355980217456818 50
1694174789753 0.24447493255138397 51
1694174791163 0.2538048326969147 52
1694174792598 0.21948541700839996 53
1694174794124 0.21520568430423737 54
1694174795796 0.2062675803899765 55
1694174797193 0.2021365463733673 56
1694174798606 0.1915900707244873 57
1694174800047 0.20048148930072784 58
1694174801473 0.19165898859500885 59
1694174802944 0.18737496435642242 60
1694174804344 0.2029915452003479 61
1694174805764 0.17734190821647644 62
1694174807171 0.17900146543979645 63
1694174808573 0.19548499584197998 64
1694174809968 0.18766328692436218 65
1694174811465 0.17733168601989746 66
1694174812867 0.1931755244731903 67
1694174814440 0.19034981727600098 68
1694174815883 0.17753960192203522 69
1694174817334 0.1832783967256546 70
1694174818746 0.1997319459915161 71
1694174820162 0.17806421220302582 72
1694174821593 0.18619149923324585 73
1694174822977 0.18719443678855896 74
1694174824367 0.1685539335012436 75
1694174825815 0.18813973665237427 76
1694174827210 0.19991472363471985 77
1694174828581 0.17684528231620789 78
1694174830099 0.20021754503250122 79
1694174831589 0.22749114036560059 80
1694174833143 0.23702780902385712 81
1694174834567 0.22868475317955017 82
1694174836002 0.2526357173919678 83
1694174837512 0.2597571313381195 84
1694174839024 0.2551495134830475 85
1694174840491 0.26464635133743286 86
1694174841936 0.2592428922653198 87
1694174843321 0.27617156505584717 88
1694174844693 0.2815994918346405 89
1694174846074 0.271368145942688 90
1694174847627 0.294992595911026 91
1694174849004 0.2837475538253784 92
1694174850384 0.2727140188217163 93
1694174851763 0.3056219816207886 94
1694174853148 0.2889091670513153 95
1694174854536 0.2851296663284302 96
1694174855914 0.31034839153289795 97
1694174857451 0.316039115190506 98
1694174858922 0.3153175115585327 99
1694174860297 0.35476428270339966 100
1694174861673 0.3745935261249542 101
1694174863044 0.4281391203403473 102
1694174864422 0.4288325011730194 103
1694174865792 0.4128211438655853 104
1694174867171 0.41022229194641113 105
1694174868568 0.43008604645729065 106
1694174869940 0.42209118604660034 107
1694174871309 0.4222453832626343 108
1694174872830 0.36987602710723877 109
1694174874243 0.35126402974128723 110
1694174875811 0.33316823840141296 111
1694174877305 0.33015477657318115 112
1694174878698 0.3328567147254944 113
1694174880146 0.32225075364112854 114
1694174881695 0.3177773952484131 115
1694174883090 0.3187611699104309 116
1694174884478 0.3227221965789795 117
1694174885941 0.35227468609809875 118
1694174887621 0.35439708828926086 119
1694174889009 0.3509811460971832 120
1694174890486 0.3050079345703125 121
1694174891928 0.3332075774669647 122
1694174893397 0.3084716796875 123
1694174894794 0.33664634823799133 124
1694174896217 0.3251052796840668 125
1694174897849 0.3387984335422516 126
1694174899230 0.29874587059020996 127
1694174900610 0.346635103225708 128
1694174901990 0.33029016852378845 129
1694174903374 0.3192724287509918 130
1694174904767 0.31779831647872925 131
1694174906154 0.31964731216430664 132
1694174907531 0.30925172567367554 133
1694174908997 0.3275006413459778 134
1694174910378 0.3380109965801239 135
1694174911753 0.34359636902809143 136
1694174913157 0.33630990982055664 137
1694174914546 0.3605554401874542 138
1694174915941 0.3322902023792267 139
1694174917333 0.3404133915901184 140
1694174918723 0.3193785846233368 141
1694174920256 0.3381631076335907 142
1694174921651 0.3255864679813385 143
1694174923039 0.34241801500320435 144
1694174924419 0.3164713680744171 145
1694174925806 0.33789318799972534 146
1694174927324 0.31406286358833313 147
1694174928723 0.31200504302978516 148
1694174930136 0.30387675762176514 149
1694174931562 0.29989415407180786 150
1694174932966 0.3040352165699005 151
1694174934364 0.3137437105178833 152
1694174935752 0.30317428708076477 153
1694174937142 0.3124863803386688 154
1694174938538 0.32644861936569214 155
1694174939932 0.3151388466358185 156
1694174941362 0.2986949384212494 157
1694174942773 0.29742056131362915 158
1694174944159 0.30247029662132263 159
1694174945544 0.2943013310432434 160
1694174946921 0.320765882730484 161
1694174948316 0.31533217430114746 162
1694174949689 0.31883904337882996 163
1694174951062 0.3385942876338959 164
1694174952566 0.3361298441886902 165
1694174953953 0.31374630331993103 166
1694174955341 0.31514233350753784 167
1694174956733 0.27971047163009644 168
1694174958140 0.3290468454360962 169
1694174959535 0.31077656149864197 170
1694174960938 0.31546488404273987 171
1694174962328 0.33959805965423584 172
1694174963743 0.3122326731681824 173
1694174965143 0.3353937268257141 174
1694174966533 0.30291542410850525 175
1694174967951 0.3265146315097809 176
1694174969345 0.3155989944934845 177
1694174970736 0.28480270504951477 178
1694174972129 0.2988978326320648 179
1694174973535 0.2667825520038605 180
1694174974929 0.2955384850502014 181
1694174976338 0.2832155227661133 182
1694174977750 0.2862358093261719 183
1694174979187 0.26149338483810425 184
1694174980574 0.29254859685897827 185
1694174981963 0.30708763003349304 186
1694174983361 0.31435179710388184 187
1694174984746 0.2676880955696106 188
1694174986134 0.2726869285106659 189
1694174987545 0.30871790647506714 190
1694174988947 0.2998493015766144 191
1694174990339 0.289235919713974 192
1694174991723 0.2935389280319214 193
1694174993138 0.3066008687019348 194
1694174994533 0.29257529973983765 195
1694174995907 0.2901606559753418 196
1694174997305 0.2950247526168823 197
1694174998719 0.2859900891780853 198
1694175000108 0.27537602186203003 199
1694175001581 0.2238699197769165 200
1694175002990 0.3871467411518097 201
1694175004392 0.4053831100463867 202
1694175005783 0.4289240837097168 203
1694175007180 0.4269276261329651 204
1694175008573 0.3879491090774536 205
1694175009954 0.3779076039791107 206
1694175011340 0.33226168155670166 207
1694175012729 0.29446375370025635 208
1694175014112 0.2996566891670227 209
1694175015495 0.3274672329425812 210
1694175016893 0.34852781891822815 211
1694175018313 0.38333040475845337 212
1694175019705 0.3610789179801941 213
1694175021091 0.35864144563674927 214
1694175022484 0.3506520688533783 215
1694175023889 0.35056328773498535 216
1694175025364 0.33494165539741516 217
1694175026752 0.32628026604652405 218
1694175028178 0.34197863936424255 219
1694175029750 0.35052427649497986 220
1694175031334 0.30184558033943176 221
1694175032805 0.32346630096435547 222
1694175034247 0.35710686445236206 223
1694175035649 0.36176201701164246 224
1694175037028 0.34233027696609497 225
1694175038402 0.33266085386276245 226
1694175039806 0.30928394198417664 227
1694175041299 0.3236495554447174 228
1694175042684 0.3132953941822052 229
1694175044143 0.3181819021701813 230
1694175045700 0.3279667794704437 231
1694175047125 0.2797717750072479 232
1694175048535 0.3029750883579254 233
1694175049953 0.3255990147590637 234
1694175051568 0.29248619079589844 235
1694175052961 0.3095856010913849 236
1694175054470 0.3024880290031433 237
1694175055859 0.2731078267097473 238
1694175057242 0.29989874362945557 239
1694175058617 0.30639687180519104 240
1694175060043 0.27355027198791504 241
1694175061619 0.29434800148010254 242
1694175063000 0.2810716927051544 243
1694175064380 0.29019975662231445 244
1694175065770 0.29052332043647766 245
1694175067148 0.3084571957588196 246
1694175068524 0.2749636173248291 247
1694175069909 0.278166264295578 248
1694175071492 0.2735622227191925 249
1694175072883 0.2665879428386688 250
1694175074261 0.2938343286514282 251
1694175075636 0.2775772511959076 252
1694175077011 0.2769398093223572 253
1694175078392 0.2874546945095062 254
1694175079770 0.27554598450660706 255
1694175081334 0.29803577065467834 256
1694175082714 0.30120545625686646 257
1694175084088 0.28585904836654663 258
1694175085464 0.27794700860977173 259
1694175086840 0.27893534302711487 260
1694175088228 0.27447840571403503 261
1694175089608 0.29074251651763916 262
1694175090993 0.2999982535839081 263
1694175092389 0.2786408066749573 264
1694175093873 0.2927760183811188 0
1694175095435 0.27408573031425476 1
1694175096892 0.28318947553634644 2
1694175098356 0.29903948307037354 3
1694175099821 0.3073245882987976 4
1694175101494 0.25978606939315796 5
1694175102973 0.29382002353668213 6
1694175104446 0.26315104961395264 7
1694175105919 0.27420520782470703 8
1694175107392 0.2656589448451996 9
1694175108862 0.2868635356426239 10
1694175110342 0.2539248764514923 11
1694175111865 0.2821638286113739 12
1694175113330 0.28832152485847473 13
1694175114786 0.2530600428581238 14
1694175116239 0.2764648497104645 15
1694175117690 0.25171971321105957 16
1694175119148 0.2597474157810211 17
1694175120609 0.2839511036872864 18
1694175122094 0.27982309460639954 19
1694175123580 0.25719937682151794 20
1694175125060 0.2733170688152313 21
1694175126568 0.24806660413742065 22
1694175128082 0.2478989213705063 23
1694175129605 0.29732829332351685 24
1694175131216 0.28934457898139954 25
1694175132708 0.2842777371406555 26
1694175134185 0.2945331335067749 27
1694175135651 0.25480955839157104 28
1694175137126 0.30356931686401367 29
1694175138579 0.3006666898727417 30
1694175140055 0.2905713617801666 31
1694175141803 0.27494531869888306 32
1694175143267 0.24677139520645142 33
1694175144795 0.2581580579280853 34
1694175146247 0.2424841970205307 35
1694175147700 0.26613256335258484 36
1694175149175 0.28673624992370605 37
1694175150628 0.2913469970226288 38
1694175152099 0.2622727155685425 39
1694175153548 0.2809969186782837 40
1694175154995 0.2636411786079407 41
1694175156463 0.2850503623485565 42
1694175157923 0.2528587281703949 43
1694175159385 0.2739625871181488 44
1694175160852 0.25683537125587463 45
1694175162305 0.2704404592514038 46
1694175163761 0.2582910358905792 47
1694175165232 0.25066977739334106 48
1694175166701 0.30088111758232117 49
1694175168168 0.2474244236946106 50
1694175169633 0.24898716807365417 51
1694175171225 0.2803712785243988 52
1694175172676 0.291331022977829 53
1694175174264 0.25912418961524963 54
1694175175732 0.25175464153289795 55
1694175177233 0.2617323398590088 56
1694175178700 0.2658770978450775 57
1694175180185 0.23524507880210876 58
1694175181653 0.25345689058303833 59
1694175183130 0.24582292139530182 60
1694175184593 0.25418296456336975 61
1694175186053 0.22519630193710327 62
1694175187518 0.2663033604621887 63
1694175189051 0.27711236476898193 64
1694175190505 0.25738537311553955 65
1694175191973 0.2332465499639511 66
1694175193573 0.2327178716659546 67
1694175195072 0.26412490010261536 68
1694175196608 0.29478180408477783 69
1694175198191 0.2627232074737549 70
1694175199683 0.25181150436401367 71
1694175201342 0.2569485008716583 72
1694175202853 0.24084237217903137 73
1694175204332 0.2504373788833618 74
1694175205825 0.2511645555496216 75
1694175207462 0.24739602208137512 76
1694175208923 0.2670748233795166 77
1694175210565 0.2753356993198395 78
1694175212055 0.24681615829467773 79
1694175213529 0.2721857726573944 80
1694175214987 0.27803435921669006 81
1694175216543 0.25596216320991516 82
1694175218033 0.2624773681163788 83
1694175219496 0.25611791014671326 84
1694175220965 0.26058343052864075 85
1694175222529 0.22895096242427826 86
1694175224097 0.247489795088768 87
1694175225570 0.2374403029680252 88
1694175227034 0.23005881905555725 89
1694175228497 0.2421291172504425 90
1694175229958 0.2523968517780304 91
1694175231705 0.2645326256752014 92
1694175233205 0.26523324847221375 93
1694175234779 0.2545589208602905 94
1694175236262 0.2681846022605896 95
1694175237725 0.2561558187007904 96
1694175239195 0.2480141818523407 97
1694175240902 0.24068793654441833 98
1694175242462 0.2550942301750183 99
1694175243951 0.23729684948921204 100
1694175245528 0.24794107675552368 101
1694175246995 0.2957548201084137 102
1694175248480 0.2788673937320709 103
1694175249965 0.27761247754096985 104
1694175251443 0.273616760969162 105
1694175253007 0.24040018022060394 106
1694175254481 0.24503444135189056 107
1694175255929 0.22980250418186188 108
1694175257379 0.24101929366588593 109
1694175258829 0.2240847498178482 110
1694175260277 0.2660118341445923 111
1694175261801 0.28306543827056885 112
1694175263460 0.23988305032253265 113
1694175265067 0.23732861876487732 114
1694175266611 0.25766557455062866 115
1694175268177 0.2542096972465515 116
1694175269674 0.2291717231273651 117
1694175271303 0.26019611954689026 118
1694175272766 0.24361534416675568 119
1694175274215 0.23445188999176025 120
1694175275767 0.2565387785434723 121
1694175277231 0.2396811842918396 122
1694175278721 0.26032498478889465 123
1694175280193 0.2610652446746826 124
1694175281781 0.27281150221824646 125
1694175283246 0.26441389322280884 126
1694175284710 0.24990831315517426 127
1694175286173 0.23742349445819855 128
1694175287629 0.23728054761886597 129
1694175289091 0.226763516664505 130
1694175290542 0.24624381959438324 131
1694175292008 0.2930172383785248 132
1694175293553 0.277090460062027 133
1694175295011 0.2448314130306244 134
1694175296496 0.25574561953544617 135
1694175298040 0.2616318166255951 136
1694175299518 0.2318018525838852 137
1694175301055 0.23457780480384827 138
1694175302534 0.2377437949180603 139
1694175303998 0.27530765533447266 140
1694175305478 0.24889196455478668 141
1694175306942 0.26178017258644104 142
1694175308412 0.2536257207393646 143
1694175309862 0.26138827204704285 144
1694175311475 0.23971480131149292 145
1694175312924 0.2573627531528473 146
1694175314371 0.2580264210700989 147
1694175315810 0.23912487924098969 148
1694175317243 0.24298781156539917 149
1694175318685 0.22719372808933258 150
1694175320128 0.26602405309677124 151
1694175321739 0.2546359598636627 152
1694175323191 0.2594600319862366 153
1694175324640 0.2519579827785492 154
1694175326087 0.24314026534557343 155
1694175327527 0.23647134006023407 156
1694175328979 0.24746811389923096 157
1694175330425 0.2284352332353592 158
1694175331878 0.2466515749692917 159
1694175333308 0.244903564453125 160
1694175334748 0.245170459151268 161
1694175336186 0.24393104016780853 162
1694175337615 0.2275872677564621 163
1694175339138 0.23806150257587433 164
1694175340583 0.24995294213294983 165
1694175342032 0.2298043966293335 166
1694175343470 0.2677338123321533 167
1694175344907 0.25747889280319214 168
1694175346351 0.2467593252658844 169
1694175347792 0.24306757748126984 170
1694175349232 0.2555185556411743 171
1694175350669 0.24595752358436584 172
1694175352125 0.24853451550006866 173
1694175353566 0.2638707756996155 174
1694175355006 0.2534547448158264 175
1694175356436 0.22944556176662445 176
1694175357881 0.22994765639305115 177
1694175359323 0.2514549791812897 178
1694175360784 0.2716384828090668 179
1694175362245 0.2527184784412384 180
1694175363698 0.24350771307945251 181
1694175365152 0.23966798186302185 182
1694175366602 0.24519109725952148 183
1694175368058 0.2466740608215332 184
1694175369512 0.2353103905916214 185
1694175370974 0.24252530932426453 186
1694175372451 0.2455408126115799 187
1694175373894 0.24690397083759308 188
1694175375334 0.24498558044433594 189
1694175376773 0.2490820437669754 190
1694175378220 0.2554735243320465 191
1694175379656 0.2444927841424942 192
1694175381241 0.2422420233488083 193
1694175382688 0.24468392133712769 194
1694175384127 0.23736724257469177 195
1694175385569 0.2432089000940323 196
1694175387004 0.24005956947803497 197
1694175388461 0.24320533871650696 198
1694175389989 0.2570035755634308 199
1694175391592 0.24775400757789612 200
1694175393029 0.24044296145439148 201
1694175394486 0.23611433804035187 202
1694175395935 0.2340981662273407 203
1694175397388 0.19530512392520905 204
1694175398845 0.25144633650779724 205
1694175400295 0.2618025243282318 206
1694175401808 0.26064011454582214 207
1694175403248 0.2511742413043976 208
1694175404700 0.24338683485984802 209
1694175406145 0.23678594827651978 210
1694175407579 0.24313344061374664 211
1694175409012 0.2313043624162674 212
1694175410457 0.22415047883987427 213
1694175411895 0.2151782363653183 214
1694175413338 0.2712787389755249 215
1694175414775 0.25486046075820923 216
1694175416203 0.2802806794643402 217
1694175417638 0.27391988039016724 218
1694175419071 0.25603654980659485 219
1694175420509 0.24887746572494507 220
1694175421950 0.22830428183078766 221
1694175423396 0.24123403429985046 222
1694175424829 0.23795358836650848 223
1694175426264 0.24953286349773407 224
1694175427694 0.23814453184604645 225
1694175429152 0.24086186289787292 226
1694175430590 0.25600942969322205 227
1694175432045 0.2692047357559204 228
1694175433495 0.2707120180130005 229
1694175435028 0.24692854285240173 230
1694175436472 0.2507162392139435 231
1694175437926 0.23959672451019287 232
1694175439372 0.23528991639614105 233
1694175440809 0.23160654306411743 234
1694175442284 0.2701914608478546 235
1694175443729 0.23695188760757446 236
1694175445174 0.21350950002670288 237
1694175446614 0.22345200181007385 238
1694175448054 0.23379072546958923 239
1694175449489 0.2396535575389862 240
1694175450927 0.25079554319381714 241
1694175452376 0.2239123433828354 242
1694175453818 0.2384449690580368 243
1694175455252 0.23626571893692017 244
1694175456695 0.24018584191799164 245
1694175458132 0.2155074030160904 246
1694175459564 0.23425517976284027 247
1694175460997 0.2489796131849289 248
1694175462454 0.2592929005622864 249
1694175463889 0.2820926308631897 250
1694175465327 0.22588391602039337 251
1694175466765 0.22210481762886047 252
1694175468203 0.22534845769405365 253
1694175469634 0.23876307904720306 254
1694175471185 0.23772823810577393 255
1694175472620 0.28056517243385315 256
1694175474058 0.24557414650917053 257
1694175475507 0.2420915812253952 258
1694175476949 0.23721955716609955 259
1694175478391 0.24713557958602905 260
1694175479831 0.24053911864757538 261
1694175481424 0.24495017528533936 262
1694175482864 0.24245275557041168 263
1694175484307 0.24163535237312317 264
