1694174719114 0.16264507174491882 0
1694174720547 0.8524845242500305 1
1694174721928 1.7257111072540283 2
1694174723296 3.3515686988830566 3
1694174724672 4.917994022369385 4
1694174726045 6.601438522338867 5
1694174727435 7.800256252288818 6
1694174728809 8.791297912597656 7
1694174730185 9.816486358642578 8
1694174731554 10.50495719909668 9
1694174732931 10.786282539367676 10
1694174734313 11.335958480834961 11
1694174735689 11.61248779296875 12
1694174737064 11.822293281555176 13
1694174738444 11.860422134399414 14
1694174739810 11.774449348449707 15
1694174741174 11.78751277923584 16
1694174742537 12.046881675720215 17
1694174743912 11.683805465698242 18
1694174745291 11.880038261413574 19
1694174746670 11.678985595703125 20
1694174748044 11.559709548950195 21
1694174749430 11.33095932006836 22
1694174750809 11.07697868347168 23
1694174752180 11.075757026672363 24
1694174753553 10.920147895812988 25
1694174754918 10.684659004211426 26
1694174756285 10.446489334106445 27
1694174757651 10.067948341369629 28
1694174759018 9.971845626831055 29
1694174760388 9.664041519165039 30
1694174761773 9.409444808959961 31
1694174763255 9.355081558227539 32
1694174764621 8.805925369262695 33
1694174765989 8.57461929321289 34
1694174767371 8.4732084274292 35
1694174768743 8.30768871307373 36
1694174770119 7.700019836425781 37
1694174771492 7.46579647064209 38
1694174772865 7.180871486663818 39
1694174774233 6.988020896911621 40
1694174775602 6.7270402908325195 41
1694174776990 6.477242469787598 42
1694174778521 6.112603187561035 43
1694174780016 5.905362129211426 44
1694174781417 5.662039279937744 45
1694174782796 5.387261867523193 46
1694174784176 5.171842098236084 47
1694174785554 4.806553363800049 48
1694174786917 4.607062339782715 49
1694174788389 4.404505252838135 50
1694174789754 4.033185958862305 51
1694174791164 3.8173327445983887 52
1694174792599 3.6095831394195557 53
1694174794125 3.303499460220337 54
1694174795798 2.994136333465576 55
1694174797194 2.713549852371216 56
1694174798607 2.577319622039795 57
1694174800048 2.2883095741271973 58
1694174801475 2.063671112060547 59
1694174802945 1.8570973873138428 60
1694174804345 1.6240705251693726 61
1694174805766 1.3933155536651611 62
1694174807172 1.1655443906784058 63
1694174808574 0.9380804896354675 64
1694174809969 0.6899269223213196 65
1694174811466 0.47677725553512573 66
1694174812869 0.3095453679561615 67
1694174814441 0.09473895281553268 68
1694174815884 -0.09775055199861526 69
1694174817335 -0.2687084674835205 70
1694174818749 -0.43893033266067505 71
1694174820163 -0.604627788066864 72
1694174821594 -0.7767760753631592 73
1694174822979 -0.9237751364707947 74
1694174824368 -1.0537806749343872 75
1694174825816 -1.1768094301223755 76
1694174827211 -1.2416408061981201 77
1694174828582 -1.3340604305267334 78
1694174830100 -1.3800559043884277 79
1694174831590 -1.3864469528198242 80
1694174833145 -1.3748189210891724 81
1694174834569 -1.4112952947616577 82
1694174836004 -1.4357638359069824 83
1694174837513 -1.4075226783752441 84
1694174839025 -1.3705270290374756 85
1694174840492 -1.314009428024292 86
1694174841938 -1.38338303565979 87
1694174843323 -1.721022367477417 88
1694174844694 -1.9110043048858643 89
1694174846076 -1.9223135709762573 90
1694174847628 -1.8421905040740967 91
1694174849006 -1.6787745952606201 92
1694174850385 -1.538072943687439 93
1694174851765 -1.4710925817489624 94
1694174853149 -1.4241739511489868 95
1694174854537 -1.3447730541229248 96
1694174855916 -1.236128807067871 97
1694174857454 -1.4480125904083252 98
1694174858923 -1.6342649459838867 99
1694174860298 -1.3322969675064087 100
1694174861674 -1.8398257493972778 101
1694174863045 -1.9034194946289062 102
1694174864423 -1.9047380685806274 103
1694174865793 -1.5881106853485107 104
1694174867172 -1.5524358749389648 105
1694174868570 -1.44464111328125 106
1694174869941 -1.228101372718811 107
1694174871310 -1.165631890296936 108
1694174872832 -0.9601835608482361 109
1694174874245 -1.0255851745605469 110
1694174875813 -1.0177068710327148 111
1694174877307 -1.0269006490707397 112
1694174878699 -0.8341220021247864 113
1694174880148 -0.8833746314048767 114
1694174881696 -0.7660389542579651 115
1694174883091 -1.5626014471054077 116
1694174884479 -1.0975946187973022 117
1694174885942 -2.5800793170928955 118
1694174887623 -2.187325954437256 119
1694174889010 -1.8965389728546143 120
1694174890487 -2.1327643394470215 121
1694174891930 -1.9238131046295166 122
1694174893398 -1.8508673906326294 123
1694174894796 -1.812172770500183 124
1694174896218 -1.6759159564971924 125
1694174897850 -1.4675014019012451 126
1694174899231 -1.5503889322280884 127
1694174900611 -1.547308087348938 128
1694174901991 -1.695972204208374 129
1694174903376 -1.3794585466384888 130
1694174904769 -1.310736060142517 131
1694174906155 -1.246256709098816 132
1694174907532 -1.186233639717102 133
1694174908999 -0.9447290301322937 134
1694174910380 -0.9198905825614929 135
1694174911755 -0.8069537281990051 136
1694174913158 -0.8040769100189209 137
1694174914548 -0.7626991868019104 138
1694174915942 -0.7768906950950623 139
1694174917334 -0.7153488993644714 140
1694174918724 -0.8954368233680725 141
1694174920257 -0.6919851899147034 142
1694174921652 -0.7170512080192566 143
1694174923040 -0.6382710933685303 144
1694174924420 -0.7752544283866882 145
1694174925807 -0.6437663435935974 146
1694174927325 -0.6857272386550903 147
1694174928724 -0.7969651222229004 148
1694174930137 -0.640592098236084 149
1694174931564 -0.6882314085960388 150
1694174932968 -0.6750658750534058 151
1694174934366 -0.6465009450912476 152
1694174935753 -0.6243269443511963 153
1694174937143 -0.5826917886734009 154
1694174938540 -0.6241702437400818 155
1694174939933 -0.5424561500549316 156
1694174941363 -0.553507387638092 157
1694174942775 -0.5550680160522461 158
1694174944160 -0.5269882678985596 159
1694174945545 -0.5716956257820129 160
1694174946922 -0.5072765946388245 161
1694174948317 -0.6535437107086182 162
1694174949691 -0.5533536076545715 163
1694174951064 -0.5615127682685852 164
1694174952567 -0.47747284173965454 165
1694174953954 -0.5075815916061401 166
1694174955342 -0.48925507068634033 167
1694174956734 -0.5897281765937805 168
1694174958141 -0.5768227577209473 169
1694174959536 -0.5399178266525269 170
1694174960939 -0.49554193019866943 171
1694174962329 -0.5115211009979248 172
1694174963744 -0.5961343050003052 173
1694174965144 -0.513769268989563 174
1694174966535 -0.5676254630088806 175
1694174967953 -0.45267078280448914 176
1694174969346 -0.46101996302604675 177
1694174970737 -0.5111857056617737 178
1694174972131 -0.47525548934936523 179
1694174973537 -0.5288799405097961 180
1694174974930 -0.4631939232349396 181
1694174976340 -0.49235519766807556 182
1694174977752 -0.4494669735431671 183
1694174979189 -0.5280279517173767 184
1694174980575 -0.4757922291755676 185
1694174981964 -0.428505539894104 186
1694174983362 -0.4248170852661133 187
1694174984747 -0.48139235377311707 188
1694174986135 -0.4673556089401245 189
1694174987547 -0.4202876389026642 190
1694174988948 -0.4205916225910187 191
1694174990340 -0.43634018301963806 192
1694174991724 -0.4253866672515869 193
1694174993139 -0.41593608260154724 194
1694174994534 -0.43199682235717773 195
1694174995909 -0.4444934129714966 196
1694174997306 -0.4182611107826233 197
1694174998720 -0.4248214364051819 198
1694175000109 -0.4462790787220001 199
1694175001583 -0.7177768349647522 200
1694175002991 -0.4203500747680664 201
1694175004394 -1.0408583879470825 202
1694175005785 -1.0000526905059814 203
1694175007181 -1.0499626398086548 204
1694175008574 -1.1826597452163696 205
1694175009955 -1.0265045166015625 206
1694175011342 -1.0737677812576294 207
1694175012731 -0.9526882171630859 208
1694175014114 -0.7986210584640503 209
1694175015496 -0.7566635012626648 210
1694175016895 -0.6725879907608032 211
1694175018315 -0.5749302506446838 212
1694175019706 -0.6033584475517273 213
1694175021092 -0.5407487750053406 214
1694175022486 -0.4764452576637268 215
1694175023890 -0.5058674812316895 216
1694175025365 -0.543207049369812 217
1694175026753 -0.5078772902488708 218
1694175028179 -0.5149914026260376 219
1694175029752 -0.4467637836933136 220
1694175031336 -0.6193224191665649 221
1694175032806 -0.46339133381843567 222
1694175034249 -0.3833548426628113 223
1694175035650 -0.4192725419998169 224
1694175037029 -0.4246034622192383 225
1694175038403 -0.43873903155326843 226
1694175039807 -0.48774006962776184 227
1694175041300 -0.40565624833106995 228
1694175042685 -0.4509066939353943 229
1694175044145 -0.4159097969532013 230
1694175045701 -0.3791066110134125 231
1694175047127 -0.48443010449409485 232
1694175048536 -0.4579726457595825 233
1694175049954 -0.37585824728012085 234
1694175051569 -0.44192206859588623 235
1694175052963 -0.38473081588745117 236
1694175054472 -0.3716351389884949 237
1694175055860 -0.42698198556900024 238
1694175057244 -0.3810997009277344 239
1694175058618 -0.37400949001312256 240
1694175060044 -0.41939204931259155 241
1694175061620 -0.3731251358985901 242
1694175063002 -0.40203332901000977 243
1694175064381 -0.3907211124897003 244
1694175065772 -0.3848700225353241 245
1694175067149 -0.35478776693344116 246
1694175068525 -0.39694297313690186 247
1694175069911 -0.3925369381904602 248
1694175071493 -0.39447566866874695 249
1694175072884 -0.4064931571483612 250
1694175074262 -0.3628929555416107 251
1694175075637 -0.3755899667739868 252
1694175077012 -0.3880584239959717 253
1694175078393 -0.382088840007782 254
1694175079771 -0.3935633599758148 255
1694175081335 -0.34762728214263916 256
1694175082715 -0.34441232681274414 257
1694175084090 -0.36574089527130127 258
1694175085466 -0.3721030354499817 259
1694175086841 -0.3654046654701233 260
1694175088229 -0.3919954299926758 261
1694175089609 -0.37055283784866333 262
1694175090994 -0.35028472542762756 263
1694175092390 -0.36624109745025635 264
1694175093874 -0.35805758833885193 0
1694175095436 -0.37784451246261597 1
1694175096894 -0.3584716022014618 2
1694175098358 -0.374997615814209 3
1694175099822 -0.3439500331878662 4
1694175101496 -0.39364224672317505 5
1694175102974 -0.3461619019508362 6
1694175104448 -0.3733658492565155 7
1694175105921 -0.3653769791126251 8
1694175107393 -0.3829944133758545 9
1694175108863 -0.35050585865974426 10
1694175110344 -0.39113759994506836 11
1694175111866 -0.35442885756492615 12
1694175113331 -0.3445289134979248 13
1694175114788 -0.3823288381099701 14
1694175116240 -0.35635071992874146 15
1694175117691 -0.37745192646980286 16
1694175119149 -0.3838973641395569 17
1694175120610 -0.35334378480911255 18
1694175122095 -0.34257587790489197 19
1694175123581 -0.3813302218914032 20
1694175125061 -0.36384955048561096 21
1694175126570 -0.3939051926136017 22
1694175128083 -0.3878244161605835 23
1694175129606 -0.3532358407974243 24
1694175131218 -0.35019487142562866 25
1694175132710 -0.36347025632858276 26
1694175134186 -0.33762499690055847 27
1694175135653 -0.4087693989276886 28
1694175137127 -0.3403773903846741 29
1694175138580 -0.3409041464328766 30
1694175140056 -0.34783974289894104 31
1694175141804 -0.362011581659317 32
1694175143268 -0.3848312497138977 33
1694175144796 -0.3922499716281891 34
1694175146248 -0.38627585768699646 35
1694175147701 -0.3632042407989502 36
1694175149176 -0.3586142957210541 37
1694175150630 -0.34397292137145996 38
1694175152100 -0.3729260563850403 39
1694175153549 -0.3760414719581604 40
1694175154996 -0.36871087551116943 41
1694175156464 -0.36010050773620605 42
1694175157924 -0.38705509901046753 43
1694175159386 -0.36428728699684143 44
1694175160854 -0.3838885724544525 45
1694175162306 -0.3521431088447571 46
1694175163762 -0.369672030210495 47
1694175165233 -0.3865838348865509 48
1694175166702 -0.3509097993373871 49
1694175168169 -0.3843357563018799 50
1694175169634 -0.403275728225708 51
1694175171227 -0.35392311215400696 52
1694175172677 -0.34613290429115295 53
1694175174266 -0.36941540241241455 54
1694175175733 -0.3929980397224426 55
1694175177234 -0.3691333830356598 56
1694175178702 -0.3741970360279083 57
1694175180186 -0.3855423331260681 58
1694175181655 -0.3795216977596283 59
1694175183131 -0.38047856092453003 60
1694175184594 -0.37472984194755554 61
1694175186054 -0.408172607421875 62
1694175187519 -0.3731350898742676 63
1694175189052 -0.3549981713294983 64
1694175190506 -0.3622240424156189 65
1694175191975 -0.3998119831085205 66
1694175193574 -0.40193918347358704 67
1694175195073 -0.3816942870616913 68
1694175196609 -0.34501340985298157 69
1694175198192 -0.3599584996700287 70
1694175199684 -0.3833734691143036 71
1694175201344 -0.3904746472835541 72
1694175202854 -0.3985995650291443 73
1694175204333 -0.38529616594314575 74
1694175205826 -0.3895580768585205 75
1694175207463 -0.38576740026474 76
1694175208924 -0.3776552677154541 77
1694175210566 -0.36988380551338196 78
1694175212056 -0.387118935585022 79
1694175213530 -0.36543139815330505 80
1694175214988 -0.3682110905647278 81
1694175216545 -0.3851716220378876 82
1694175218035 -0.38438597321510315 83
1694175219497 -0.37568655610084534 84
1694175220966 -0.3808942437171936 85
1694175222531 -0.41164398193359375 86
1694175224099 -0.3801358640193939 87
1694175225571 -0.39087775349617004 88
1694175227035 -0.4084618091583252 89
1694175228498 -0.39585259556770325 90
1694175229960 -0.3897991180419922 91
1694175231707 -0.3798719346523285 92
1694175233206 -0.3766954839229584 93
1694175234780 -0.3836863338947296 94
1694175236264 -0.3743043839931488 95
1694175237726 -0.3885667026042938 96
1694175239196 -0.39371976256370544 97
1694175240903 -0.3964669108390808 98
1694175242464 -0.40313249826431274 99
1694175243952 -0.412990927696228 100
1694175245529 -0.3981551229953766 101
1694175246996 -0.3636777400970459 102
1694175248482 -0.3747718930244446 103
1694175249967 -0.3648309111595154 104
1694175251444 -0.3703727722167969 105
1694175253009 -0.4075659215450287 106
1694175254482 -0.40000250935554504 107
1694175255930 -0.412092924118042 108
1694175257380 -0.4070327877998352 109
1694175258830 -0.41904905438423157 110
1694175260279 -0.3801179826259613 111
1694175261802 -0.37971070408821106 112
1694175263461 -0.4067677855491638 113
1694175265068 -0.40092745423316956 114
1694175266612 -0.3880487382411957 115
1694175268178 -0.400445818901062 116
1694175269675 -0.41481345891952515 117
1694175271304 -0.38811442255973816 118
1694175272767 -0.39772605895996094 119
1694175274216 -0.4205581843852997 120
1694175275768 -0.395560622215271 121
1694175277233 -0.41489240527153015 122
1694175278722 -0.4082185924053192 123
1694175280194 -0.39251047372817993 124
1694175281782 -0.38191840052604675 125
1694175283247 -0.3878968060016632 126
1694175284711 -0.409266859292984 127
1694175286174 -0.4177265167236328 128
1694175287630 -0.4135764539241791 129
1694175289092 -0.4472854435443878 130
1694175290543 -0.4071049094200134 131
1694175292009 -0.3700926899909973 132
1694175293554 -0.3814019560813904 133
1694175295012 -0.4239962697029114 134
1694175296497 -0.40177032351493835 135
1694175298041 -0.3935405910015106 136
1694175299519 -0.43325045704841614 137
1694175301056 -0.4172416031360626 138
1694175302535 -0.42516523599624634 139
1694175303999 -0.38813313841819763 140
1694175305480 -0.4038110673427582 141
1694175306943 -0.41531121730804443 142
1694175308413 -0.4115651547908783 143
1694175309863 -0.4041880965232849 144
1694175311476 -0.41707971692085266 145
1694175312926 -0.40019693970680237 146
1694175314373 -0.4046322703361511 147
1694175315811 -0.4205614924430847 148
1694175317244 -0.4244028627872467 149
1694175318687 -0.4399336278438568 150
1694175320129 -0.3921428620815277 151
1694175321740 -0.4098430275917053 152
1694175323192 -0.40410345792770386 153
1694175324641 -0.4187079966068268 154
1694175326088 -0.4128451943397522 155
1694175327528 -0.42831236124038696 156
1694175328980 -0.41559067368507385 157
1694175330427 -0.437757283449173 158
1694175331879 -0.4156603515148163 159
1694175333310 -0.41421574354171753 160
1694175334749 -0.41473519802093506 161
1694175336188 -0.4175093472003937 162
1694175337616 -0.4304101765155792 163
1694175339139 -0.43358245491981506 164
1694175340584 -0.41740521788597107 165
1694175342033 -0.43779662251472473 166
1694175343472 -0.39896711707115173 167
1694175344909 -0.41035929322242737 168
1694175346352 -0.42443516850471497 169
1694175347793 -0.4209567904472351 170
1694175349233 -0.4221723973751068 171
1694175350670 -0.42872074246406555 172
1694175352126 -0.43260854482650757 173
1694175353567 -0.40778061747550964 174
1694175355007 -0.4115135967731476 175
1694175356438 -0.43983888626098633 176
1694175357882 -0.4397067129611969 177
1694175359325 -0.4220929741859436 178
1694175360785 -0.404094934463501 179
1694175362246 -0.42047765851020813 180
1694175363699 -0.43096691370010376 181
1694175365153 -0.43865060806274414 182
1694175366604 -0.4218839704990387 183
1694175368059 -0.4262434244155884 184
1694175369514 -0.43699055910110474 185
1694175370975 -0.42998844385147095 186
1694175372452 -0.4300241768360138 187
1694175373895 -0.4313768446445465 188
1694175375335 -0.4443591237068176 189
1694175376775 -0.42883241176605225 190
1694175378221 -0.429385781288147 191
1694175379657 -0.4314120411872864 192
1694175381242 -0.4314439594745636 193
1694175382689 -0.42982280254364014 194
1694175384129 -0.43545398116111755 195
1694175385571 -0.43728792667388916 196
1694175387005 -0.4435073137283325 197
1694175388462 -0.43290916085243225 198
1694175389990 -0.43355321884155273 199
1694175391593 -0.4352928102016449 200
1694175393031 -0.43468180298805237 201
1694175394487 -0.43870851397514343 202
1694175395937 -0.43737947940826416 203
1694175397389 -0.48910292983055115 204
1694175398846 -0.43562909960746765 205
1694175400296 -0.424559623003006 206
1694175401810 -0.4198564887046814 207
1694175403249 -0.43171173334121704 208
1694175404701 -0.4419702887535095 209
1694175406146 -0.4452694058418274 210
1694175407580 -0.4382343888282776 211
1694175409013 -0.4492359757423401 212
1694175410458 -0.4618314504623413 213
1694175411896 -0.47740286588668823 214
1694175413339 -0.4185352623462677 215
1694175414777 -0.43157079815864563 216
1694175416205 -0.4152693450450897 217
1694175417639 -0.4270024299621582 218
1694175419072 -0.44091641902923584 219
1694175420510 -0.44431379437446594 220
1694175421951 -0.45267659425735474 221
1694175423397 -0.444784015417099 222
1694175424831 -0.45240554213523865 223
1694175426265 -0.4525378942489624 224
1694175427695 -0.4554394781589508 225
1694175429153 -0.45356106758117676 226
1694175430591 -0.4343661665916443 227
1694175432046 -0.42866307497024536 228
1694175433496 -0.42489007115364075 229
1694175435030 -0.44324979186058044 230
1694175436473 -0.4525972604751587 231
1694175437927 -0.4546970725059509 232
1694175439374 -0.45304709672927856 233
1694175440810 -0.45804935693740845 234
1694175442286 -0.42087188363075256 235
1694175443731 -0.45164012908935547 236
1694175445175 -0.4782677888870239 237
1694175446616 -0.4627918004989624 238
1694175448056 -0.45493197441101074 239
1694175449490 -0.451600581407547 240
1694175450928 -0.4447517395019531 241
1694175452377 -0.47135770320892334 242
1694175453819 -0.45492199063301086 243
1694175455253 -0.4563634395599365 244
1694175456696 -0.45123040676116943 245
1694175458134 -0.4767933487892151 246
1694175459566 -0.463470995426178 247
1694175460998 -0.45340612530708313 248
1694175462456 -0.4401903748512268 249
1694175463890 -0.42272067070007324 250
1694175465328 -0.4660996198654175 251
1694175466766 -0.4841226637363434 252
1694175468204 -0.4757789969444275 253
1694175469636 -0.4609602987766266 254
1694175471186 -0.45806562900543213 255
1694175472621 -0.4280930757522583 256
1694175474059 -0.45154184103012085 257
1694175475508 -0.4622706472873688 258
1694175476951 -0.4666717052459717 259
1694175478392 -0.4600600302219391 260
1694175479832 -0.46720758080482483 261
1694175481426 -0.45555147528648376 262
1694175482866 -0.4601304531097412 263
1694175484308 -0.4621094763278961 264
