1694174719115 1.1412142515182495 0
1694174720548 1.6812459230422974 1
1694174721929 2.4275779724121094 2
1694174723303 4.010125637054443 3
1694174724673 5.4838714599609375 4
1694174726046 7.124021530151367 5
1694174727436 8.30896282196045 6
1694174728810 9.311938285827637 7
1694174730186 10.4808988571167 8
1694174731556 11.156722068786621 9
1694174732932 11.385924339294434 10
1694174734314 11.91686725616455 11
1694174735690 12.133672714233398 12
1694174737065 12.308516502380371 13
1694174738446 12.340497970581055 14
1694174739811 12.246968269348145 15
1694174741175 12.240096092224121 16
1694174742538 12.502853393554688 17
1694174743913 12.129179954528809 18
1694174745292 12.312708854675293 19
1694174746671 12.130077362060547 20
1694174748046 12.008305549621582 21
1694174749431 11.780174255371094 22
1694174750810 11.494057655334473 23
1694174752181 11.490673065185547 24
1694174753554 11.34464168548584 25
1694174754919 11.068496704101562 26
1694174756286 10.835247993469238 27
1694174757652 10.426161766052246 28
1694174759019 10.331416130065918 29
1694174760394 10.005695343017578 30
1694174761774 9.776841163635254 31
1694174763256 9.681536674499512 32
1694174764622 9.138928413391113 33
1694174765996 8.90745735168457 34
1694174767372 8.765490531921387 35
1694174768745 8.600525856018066 36
1694174770121 8.001923561096191 37
1694174771493 7.753780364990234 38
1694174772866 7.447717189788818 39
1694174774234 7.246027946472168 40
1694174775603 6.964887619018555 41
1694174776991 6.716050148010254 42
1694174778522 6.36353874206543 43
1694174780018 6.12235164642334 44
1694174781418 5.9030256271362305 45
1694174782797 5.607494831085205 46
1694174784177 5.413409233093262 47
1694174785555 5.047258377075195 48
1694174786918 4.828150749206543 49
1694174788390 4.638064861297607 50
1694174789755 4.277660846710205 51
1694174791165 4.071137428283691 52
1694174792600 3.829068660736084 53
1694174794127 3.518705129623413 54
1694174795799 3.200403928756714 55
1694174797195 2.9156863689422607 56
1694174798608 2.7689096927642822 57
1694174800049 2.488790988922119 58
1694174801476 2.2553300857543945 59
1694174802946 2.0444724559783936 60
1694174804346 1.8270621299743652 61
1694174805767 1.57065749168396 62
1694174807173 1.344545841217041 63
1694174808576 1.1335654258728027 64
1694174809970 0.8775901794433594 65
1694174811467 0.6541089415550232 66
1694174812870 0.5027208924293518 67
1694174814442 0.28508877754211426 68
1694174815885 0.07978904992341995 69
1694174817336 -0.0854300707578659 70
1694174818751 -0.23919838666915894 71
1694174820164 -0.426563560962677 72
1694174821595 -0.5905845761299133 73
1694174822980 -0.7365807294845581 74
1694174824369 -0.8852267265319824 75
1694174825817 -0.9886696934700012 76
1694174827212 -1.0417261123657227 77
1694174828584 -1.1572151184082031 78
1694174830101 -1.1798384189605713 79
1694174831591 -1.1589558124542236 80
1694174833146 -1.1377911567687988 81
1694174834570 -1.1826105117797852 82
1694174836005 -1.1831281185150146 83
1694174837515 -1.1477655172348022 84
1694174839026 -1.1153775453567505 85
1694174840493 -1.049363136291504 86
1694174841939 -1.1241401433944702 87
1694174843324 -1.4448508024215698 88
1694174844696 -1.6294047832489014 89
1694174846077 -1.6509454250335693 90
1694174847630 -1.547197937965393 91
1694174849007 -1.3950270414352417 92
1694174850386 -1.2653589248657227 93
1694174851766 -1.1654706001281738 94
1694174853150 -1.1352647542953491 95
1694174854538 -1.0596433877944946 96
1694174855917 -0.9257804155349731 97
1694174857456 -1.1319735050201416 98
1694174858924 -1.318947434425354 99
1694174860299 -0.977532684803009 100
1694174861676 -1.465232253074646 101
1694174863046 -1.4752804040908813 102
1694174864424 -1.4759055376052856 103
1694174865800 -1.175289511680603 104
1694174867174 -1.1422135829925537 105
1694174868571 -1.0145550966262817 106
1694174869942 -0.8060101866722107 107
1694174871317 -0.7433865070343018 108
1694174872833 -0.5903075337409973 109
1694174874246 -0.674321174621582 110
1694174875815 -0.6845386028289795 111
1694174877308 -0.6967458724975586 112
1694174878700 -0.501265287399292 113
1694174880149 -0.5611238479614258 114
1694174881697 -0.448261559009552 115
1694174883092 -1.243840217590332 116
1694174884480 -0.7748724222183228 117
1694174885943 -2.227804660797119 118
1694174887625 -1.8329288959503174 119
1694174889011 -1.5455578565597534 120
1694174890489 -1.827756404876709 121
1694174891931 -1.5906054973602295 122
1694174893399 -1.5423957109451294 123
1694174894797 -1.4755264520645142 124
1694174896219 -1.3508106470108032 125
1694174897851 -1.128702998161316 126
1694174899232 -1.2516430616378784 127
1694174900612 -1.20067298412323 128
1694174901993 -1.3656820058822632 129
1694174903377 -1.0601861476898193 130
1694174904770 -0.9929377436637878 131
1694174906156 -0.9266093969345093 132
1694174907533 -0.8769819140434265 133
1694174909000 -0.6172283887863159 134
1694174910381 -0.5818796157836914 135
1694174911756 -0.4633573591709137 136
1694174913159 -0.46776700019836426 137
1694174914549 -0.4021437466144562 138
1694174915943 -0.44460049271583557 139
1694174917335 -0.374935507774353 140
1694174918725 -0.5760582685470581 141
1694174920258 -0.35382208228111267 142
1694174921653 -0.3914647400379181 143
1694174923041 -0.2958530783653259 144
1694174924421 -0.4587830603122711 145
1694174925808 -0.30587315559387207 146
1694174927326 -0.3716643750667572 147
1694174928725 -0.48496007919311523 148
1694174930138 -0.33671534061431885 149
1694174931565 -0.38833725452423096 150
1694174932969 -0.37103065848350525 151
1694174934367 -0.33275723457336426 152
1694174935754 -0.3211526572704315 153
1694174937144 -0.27020540833473206 154
1694174938541 -0.29772162437438965 155
1694174939934 -0.22731730341911316 156
1694174941364 -0.25481244921684265 157
1694174942776 -0.25764745473861694 158
1694174944161 -0.22451797127723694 159
1694174945546 -0.27739429473876953 160
1694174946923 -0.18651071190834045 161
1694174948319 -0.3382115364074707 162
1694174949692 -0.23451456427574158 163
1694174951070 -0.22291848063468933 164
1694174952568 -0.14134299755096436 165
1694174953955 -0.1938352882862091 166
1694174955343 -0.1741127371788025 167
1694174956735 -0.3100177049636841 168
1694174958142 -0.24777591228485107 169
1694174959537 -0.2291412651538849 170
1694174960940 -0.18007704615592957 171
1694174962330 -0.17192304134368896 172
1694174963746 -0.2839016318321228 173
1694174965145 -0.17837554216384888 174
1694174966536 -0.26471003890037537 175
1694174967954 -0.12615615129470825 176
1694174969347 -0.14542096853256226 177
1694174970738 -0.2263830006122589 178
1694174972132 -0.17635765671730042 179
1694174973538 -0.26209738850593567 180
1694174974932 -0.16765543818473816 181
1694174976341 -0.20913967490196228 182
1694174977753 -0.16323116421699524 183
1694174979190 -0.26653456687927246 184
1694174980576 -0.18324363231658936 185
1694174981965 -0.12141790986061096 186
1694174983363 -0.11046528816223145 187
1694174984749 -0.21370425820350647 188
1694174986136 -0.19466868042945862 189
1694174987548 -0.11156973242759705 190
1694174988949 -0.1207423210144043 191
1694174990341 -0.14710426330566406 192
1694174991725 -0.13184773921966553 193
1694174993140 -0.10933521389961243 194
1694174994535 -0.1394215226173401 195
1694174995910 -0.15433275699615479 196
1694174997307 -0.12323635816574097 197
1694174998721 -0.13883134722709656 198
1694175000110 -0.1709030568599701 199
1694175001584 -0.4939069151878357 200
1694175002993 -0.033203333616256714 201
1694175004395 -0.6354752779006958 202
1694175005786 -0.5711286067962646 203
1694175007183 -0.6230350136756897 204
1694175008575 -0.794710636138916 205
1694175009956 -0.6485968828201294 206
1694175011348 -0.7415060997009277 207
1694175012732 -0.6582244634628296 208
1694175014115 -0.4989643692970276 209
1694175015497 -0.4291962683200836 210
1694175016896 -0.3240601718425751 211
1694175018316 -0.19159984588623047 212
1694175019707 -0.2422795295715332 213
1694175021093 -0.1821073293685913 214
1694175022487 -0.1257931888103485 215
1694175023891 -0.1553041934967041 216
1694175025366 -0.20826539397239685 217
1694175026754 -0.1815970242023468 218
1694175028180 -0.17301276326179504 219
1694175029753 -0.09623950719833374 220
1694175031337 -0.3174768388271332 221
1694175032807 -0.1399250328540802 222
1694175034250 -0.02624797821044922 223
1694175035651 -0.05751052498817444 224
1694175037031 -0.08227318525314331 225
1694175038404 -0.10607817769050598 226
1694175039808 -0.1784561276435852 227
1694175041301 -0.08200669288635254 228
1694175042686 -0.1376112997531891 229
1694175044146 -0.09772789478302002 230
1694175045702 -0.05113983154296875 231
1694175047128 -0.20465832948684692 232
1694175048537 -0.1549975574016571 233
1694175049955 -0.05025923252105713 234
1694175051570 -0.1494358777999878 235
1694175052964 -0.07514521479606628 236
1694175054473 -0.06914710998535156 237
1694175055862 -0.15387415885925293 238
1694175057245 -0.08120095729827881 239
1694175058619 -0.06761261820793152 240
1694175060045 -0.1458417773246765 241
1694175061622 -0.07877713441848755 242
1694175063003 -0.12096163630485535 243
1694175064382 -0.10052135586738586 244
1694175065773 -0.09434670209884644 245
1694175067150 -0.04633057117462158 246
1694175068526 -0.12197935581207275 247
1694175069912 -0.1143706738948822 248
1694175071494 -0.12091344594955444 249
1694175072885 -0.13990521430969238 250
1694175074263 -0.0690586268901825 251
1694175075638 -0.09801271557807922 252
1694175077013 -0.1111186146736145 253
1694175078394 -0.09463414549827576 254
1694175079772 -0.11801737546920776 255
1694175081336 -0.049591511487960815 256
1694175082716 -0.043206870555877686 257
1694175084091 -0.07988184690475464 258
1694175085467 -0.09415602684020996 259
1694175086842 -0.08646932244300842 260
1694175088230 -0.11751702427864075 261
1694175089610 -0.07981032133102417 262
1694175090995 -0.05028647184371948 263
1694175092391 -0.08760029077529907 264
1694175093875 -0.06528156995773315 0
1694175095438 -0.1037587821483612 1
1694175096895 -0.07528212666511536 2
1694175098359 -0.07595813274383545 3
1694175099824 -0.036625444889068604 4
1694175101497 -0.1338561773300171 5
1694175102975 -0.05234187841415405 6
1694175104449 -0.11021479964256287 7
1694175105922 -0.09117177128791809 8
1694175107394 -0.11733546853065491 9
1694175108864 -0.06364232301712036 10
1694175110345 -0.13721272349357605 11
1694175111867 -0.07226502895355225 12
1694175113332 -0.05620738863945007 13
1694175114789 -0.1292687952518463 14
1694175116241 -0.07988587021827698 15
1694175117692 -0.1257322132587433 16
1694175119150 -0.12414994835853577 17
1694175120611 -0.06939268112182617 18
1694175122096 -0.06275278329849243 19
1694175123582 -0.12413084506988525 20
1694175125063 -0.09053248167037964 21
1694175126571 -0.14583858847618103 22
1694175128084 -0.1399254947900772 23
1694175129607 -0.05590754747390747 24
1694175131219 -0.060850292444229126 25
1694175132711 -0.07919251918792725 26
1694175134187 -0.04309186339378357 27
1694175135654 -0.15395984053611755 28
1694175137128 -0.0368080735206604 29
1694175138581 -0.04023745656013489 30
1694175140057 -0.057268381118774414 31
1694175141805 -0.08706626296043396 32
1694175143269 -0.1380598545074463 33
1694175144797 -0.13409191370010376 34
1694175146249 -0.14379166066646576 35
1694175147703 -0.09707167744636536 36
1694175149177 -0.07187804579734802 37
1694175150631 -0.05262592434883118 38
1694175152101 -0.1106533408164978 39
1694175153550 -0.09504455327987671 40
1694175154997 -0.10506969690322876 41
1694175156465 -0.07505014538764954 42
1694175157925 -0.13419637084007263 43
1694175159387 -0.09032469987869263 44
1694175160855 -0.12705320119857788 45
1694175162307 -0.08170264959335327 46
1694175163764 -0.11138099431991577 47
1694175165234 -0.13591405749320984 48
1694175166703 -0.05002868175506592 49
1694175168170 -0.1369113326072693 50
1694175169635 -0.15428856015205383 51
1694175171228 -0.07355183362960815 52
1694175172678 -0.054801881313323975 53
1694175174267 -0.11029121279716492 54
1694175175734 -0.14124339818954468 55
1694175177236 -0.107401043176651 56
1694175178703 -0.10831993818283081 57
1694175180187 -0.15029725432395935 58
1694175181656 -0.12606480717658997 59
1694175183132 -0.1346556395292282 60
1694175184595 -0.12054687738418579 61
1694175186055 -0.18297630548477173 62
1694175187520 -0.10683172941207886 63
1694175189054 -0.07788580656051636 64
1694175190508 -0.10483866930007935 65
1694175191976 -0.1665654331445694 66
1694175193575 -0.16922131180763245 67
1694175195074 -0.11756938695907593 68
1694175196610 -0.050231605768203735 69
1694175198193 -0.0972352921962738 70
1694175199685 -0.13156196475028992 71
1694175201345 -0.13352614641189575 72
1694175202855 -0.15775719285011292 73
1694175204334 -0.13485878705978394 74
1694175205827 -0.13839352130889893 75
1694175207464 -0.13837137818336487 76
1694175208925 -0.1105804443359375 77
1694175210567 -0.09454810619354248 78
1694175212058 -0.14030277729034424 79
1694175213531 -0.09324562549591064 80
1694175214989 -0.09017673134803772 81
1694175216546 -0.1292094588279724 82
1694175218036 -0.12190860509872437 83
1694175219498 -0.11956864595413208 84
1694175220968 -0.12031081318855286 85
1694175222532 -0.1826930195093155 86
1694175224100 -0.13264606893062592 87
1694175225572 -0.15343745052814484 88
1694175227036 -0.17840299010276794 89
1694175228500 -0.15372347831726074 90
1694175229961 -0.1374022662639618 91
1694175231708 -0.11533930897712708 92
1694175233207 -0.11146223545074463 93
1694175234781 -0.1291274130344391 94
1694175236265 -0.1061197817325592 95
1694175237733 -0.13241088390350342 96
1694175239198 -0.14570558071136475 97
1694175240904 -0.15577897429466248 98
1694175242466 -0.14803826808929443 99
1694175243954 -0.175694078207016 100
1694175245530 -0.1502140462398529 101
1694175246997 -0.0679229199886322 102
1694175248483 -0.09590449929237366 103
1694175249968 -0.08721843361854553 104
1694175251446 -0.09675601124763489 105
1694175253010 -0.16716574132442474 106
1694175254484 -0.15496806800365448 107
1694175255931 -0.18229041993618011 108
1694175257381 -0.16601349413394928 109
1694175258831 -0.19496430456638336 110
1694175260280 -0.11410614848136902 111
1694175261803 -0.09664526581764221 112
1694175263462 -0.16688473522663116 113
1694175265069 -0.16359883546829224 114
1694175266613 -0.13038316369056702 115
1694175268179 -0.1462361216545105 116
1694175269676 -0.18564173579216003 117
1694175271305 -0.1279183030128479 118
1694175272768 -0.15411071479320526 119
1694175274217 -0.18610629439353943 120
1694175275769 -0.1390218436717987 121
1694175277234 -0.17521122097969055 122
1694175278724 -0.14789360761642456 123
1694175280195 -0.13144522905349731 124
1694175281783 -0.10910689830780029 125
1694175283248 -0.12348291277885437 126
1694175284712 -0.15935854613780975 127
1694175286175 -0.18030302226543427 128
1694175287631 -0.1762959063053131 129
1694175289094 -0.2205219268798828 130
1694175290544 -0.1608610898256302 131
1694175292010 -0.07707545161247253 132
1694175293555 -0.1043114960193634 133
1694175295013 -0.179164856672287 134
1694175296498 -0.1460247039794922 135
1694175298042 -0.13190877437591553 136
1694175299520 -0.20144860446453094 137
1694175301057 -0.18266379833221436 138
1694175302537 -0.18742144107818604 139
1694175304001 -0.11282548308372498 140
1694175305481 -0.1549191027879715 141
1694175306944 -0.1535310447216034 142
1694175308414 -0.15793943405151367 143
1694175309865 -0.14279982447624207 144
1694175311477 -0.17736491560935974 145
1694175312927 -0.14283418655395508 146
1694175314374 -0.14660584926605225 147
1694175315812 -0.18143661320209503 148
1694175317245 -0.18141505122184753 149
1694175318688 -0.21273989975452423 150
1694175320130 -0.12611880898475647 151
1694175321741 -0.1552070677280426 152
1694175323193 -0.14464342594146729 153
1694175324642 -0.1667500138282776 154
1694175326095 -0.16970492899417877 155
1694175327529 -0.1918410211801529 156
1694175328981 -0.1681225597858429 157
1694175330428 -0.20932205021381378 158
1694175331880 -0.1690087765455246 159
1694175333311 -0.16931217908859253 160
1694175334750 -0.16956473886966705 161
1694175336189 -0.17357830703258514 162
1694175337617 -0.20282290875911713 163
1694175339140 -0.19552095234394073 164
1694175340591 -0.16745227575302124 165
1694175342034 -0.20799222588539124 166
1694175343473 -0.1312333047389984 167
1694175344910 -0.15288040041923523 168
1694175346353 -0.17767584323883057 169
1694175347795 -0.17788921296596527 170
1694175349234 -0.1666538417339325 171
1694175350677 -0.1827632188796997 172
1694175352127 -0.1840740293264389 173
1694175353568 -0.14390984177589417 174
1694175355008 -0.15805885195732117 175
1694175356439 -0.21039332449436188 176
1694175357883 -0.20975905656814575 177
1694175359326 -0.17063799500465393 178
1694175360786 -0.1324564516544342 179
1694175362247 -0.16775918006896973 180
1694175363700 -0.18745920062065125 181
1694175365160 -0.1989826261997223 182
1694175366605 -0.1766928732395172 183
1694175368060 -0.17956936359405518 184
1694175369515 -0.20168016850948334 185
1694175370976 -0.18746313452720642 186
1694175372454 -0.1844833642244339 187
1694175373897 -0.18447287380695343 188
1694175375336 -0.1993735432624817 189
1694175376782 -0.17975036799907684 190
1694175378222 -0.17391225695610046 191
1694175379658 -0.18691925704479218 192
1694175381243 -0.1892019361257553 193
1694175382690 -0.18513888120651245 194
1694175384130 -0.19808673858642578 195
1694175385572 -0.19407902657985687 196
1694175387012 -0.20344774425029755 197
1694175388464 -0.1897038221359253 198
1694175389991 -0.17654964327812195 199
1694175391594 -0.18753880262374878 200
1694175393032 -0.1942388415336609 201
1694175394488 -0.20259417593479156 202
1694175395938 -0.20328131318092346 203
1694175397390 -0.2937977910041809 204
1694175398847 -0.1841827630996704 205
1694175400297 -0.16275709867477417 206
1694175401811 -0.15921637415885925 207
1694175403250 -0.18053749203681946 208
1694175404702 -0.1985834538936615 209
1694175406147 -0.20848345756530762 210
1694175407581 -0.19510094821453094 211
1694175409014 -0.2179316133260727 212
1694175410459 -0.23768097162246704 213
1694175411903 -0.26222461462020874 214
1694175413340 -0.1472565233707428 215
1694175414778 -0.1767103374004364 216
1694175416206 -0.1349886655807495 217
1694175417640 -0.15308254957199097 218
1694175419073 -0.184879869222641 219
1694175420512 -0.19543632864952087 220
1694175421952 -0.22437231242656708 221
1694175423398 -0.20354998111724854 222
1694175424832 -0.21445195376873016 223
1694175426266 -0.20300503075122833 224
1694175427696 -0.21729494631290436 225
1694175429154 -0.21269920468330383 226
1694175430592 -0.17835673689842224 227
1694175432048 -0.15945833921432495 228
1694175433497 -0.15417805314064026 229
1694175435031 -0.1963212490081787 230
1694175436474 -0.2018810212612152 231
1694175437928 -0.21510034799575806 232
1694175439375 -0.2177571803331375 233
1694175440811 -0.22644281387329102 234
1694175442287 -0.15068042278289795 235
1694175443732 -0.214688241481781 236
1694175445176 -0.26475828886032104 237
1694175446617 -0.23933979868888855 238
1694175448063 -0.2211412489414215 239
1694175449491 -0.2119470238685608 240
1694175450929 -0.193956196308136 241
1694175452378 -0.24744535982608795 242
1694175453820 -0.21647702157497406 243
1694175455254 -0.22009772062301636 244
1694175456697 -0.2110445648431778 245
1694175458135 -0.2612859606742859 246
1694175459567 -0.2292158156633377 247
1694175460999 -0.20442651212215424 248
1694175462457 -0.18089747428894043 249
1694175463891 -0.14062803983688354 250
1694175465330 -0.2402157038450241 251
1694175466767 -0.2620178461074829 252
1694175468211 -0.25043052434921265 253
1694175469637 -0.22219721972942352 254
1694175471187 -0.2203373908996582 255
1694175472622 -0.14752790331840515 256
1694175474060 -0.20596769452095032 257
1694175475509 -0.22017906606197357 258
1694175476952 -0.22945214807987213 259
1694175478399 -0.21292445063591003 260
1694175479833 -0.22666846215724945 261
1694175481427 -0.2106013000011444 262
1694175482867 -0.21767769753932953 263
1694175484309 -0.22047412395477295 264
