1695118686336 2140.1396484375 0
1695118690048 2229.196044921875 1
1695118690233 2208.347412109375 2
1695118690420 2148.960693359375 3
1695118690605 2200.5693359375 4
1695118690788 2200.172119140625 5
1695118690961 2186.34375 6
1695118691133 2019.7137451171875 7
1695118691310 2089.58642578125 8
1695118691483 2114.2978515625 9
1695118691667 2049.962890625 10
1695118691852 1983.523681640625 11
1695118692038 2001.62548828125 12
1695118692221 1902.6234130859375 13
1695118692405 1885.331787109375 14
1695118692587 1946.2960205078125 15
1695118692776 1932.927001953125 16
1695118692965 1914.4659423828125 17
1695118693151 1773.55859375 18
1695118693341 1822.324462890625 19
1695118693535 1810.8382568359375 20
1695118693727 1794.8372802734375 21
1695118693914 1800.429443359375 22
1695118694092 1746.6240234375 23
1695118694267 1670.516357421875 24
1695118694440 1694.431396484375 25
1695118694619 1762.3441162109375 26
1695118694792 1651.0426025390625 27
1695118694966 1698.3812255859375 28
1695118695149 1645.687255859375 29
1695118695335 1691.00048828125 30
1695118695514 1639.532470703125 31
1695118695686 1686.7891845703125 32
1695118695879 1621.14794921875 33
1695118696075 1603.6707763671875 34
1695118696265 1603.495361328125 35
1695118696444 1632.6468505859375 36
1695118696632 1646.847412109375 37
1695118696822 1598.0283203125 38
1695118697008 1551.767333984375 39
1695118697194 1542.1851806640625 40
1695118697368 1492.915283203125 41
1695118697552 1510.1036376953125 42
1695118697730 1514.8602294921875 43
1695118697906 1627.583740234375 44
1695118698081 1491.0029296875 45
1695118698257 1492.947998046875 46
1695118698432 1432.188720703125 47
1695118698609 1506.936767578125 48
1695118698799 1550.59228515625 49
1695118698988 1415.43994140625 50
1695118699172 1405.283935546875 51
1695118699356 1400.5609130859375 52
1695118699543 1478.9072265625 53
1695118699721 1406.044921875 54
1695118699912 1384.183349609375 55
1695118700103 1393.00732421875 56
1695118700297 1368.9078369140625 57
1695118700492 1422.26806640625 58
1695118700672 1483.396240234375 59
1695118700851 1318.7308349609375 60
1695118701031 1285.725341796875 61
1695118701218 1366.39404296875 62
1695118701407 1345.52197265625 63
1695118701598 1375.1787109375 64
1695118701787 1309.97412109375 65
1695118701975 1367.505859375 66
1695118702161 1357.236572265625 67
1695118702341 1277.9097900390625 68
1695118702514 1277.335693359375 69
1695118702704 1310.60693359375 70
1695118702892 1315.027099609375 71
1695118703080 1247.397216796875 72
1695118703268 1338.25927734375 73
1695118703459 1325.93408203125 74
1695118703654 1228.687255859375 75
1695118703855 1291.476806640625 76
1695118704033 1262.4317626953125 77
1695118704212 1295.732666015625 78
1695118704394 1267.7779541015625 79
1695118704566 1294.88525390625 80
1695118704739 1310.19921875 81
1695118704914 1196.30712890625 82
1695118705089 1188.4427490234375 83
1695118705265 1295.8455810546875 84
1695118705447 1311.1629638671875 85
1695118705621 1318.9805908203125 86
1695118705796 1297.9202880859375 87
1695118705969 1232.1866455078125 88
1695118706142 1196.14404296875 89
1695118706316 1275.652099609375 90
1695118706495 1212.4935302734375 91
1695118706669 1221.344482421875 92
1695118706853 1269.3895263671875 93
1695118707030 1213.83544921875 94
1695118707205 1243.5858154296875 95
1695118707394 1180.4296875 96
1695118707581 1215.3394775390625 97
1695118707755 1189.895263671875 98
1695118707935 1266.885498046875 99
1695118708121 1256.595458984375 100
1695118711875 1248.3558349609375 101
1695118712051 1147.2626953125 102
1695118712226 1186.0537109375 103
1695118712401 1140.089599609375 104
1695118712575 1126.17041015625 105
1695118712748 1070.005859375 106
1695118712934 1131.94873046875 107
1695118713122 1097.7139892578125 108
1695118713310 1200.455322265625 109
1695118713499 1207.376220703125 110
1695118713694 1197.379638671875 111
1695118713882 1145.790283203125 112
1695118714071 1164.683837890625 113
1695118714257 1199.7528076171875 114
1695118714452 1127.90185546875 115
1695118714641 1098.5023193359375 116
1695118714814 1080.2119140625 117
1695118714989 1109.67578125 118
1695118715165 1143.9195556640625 119
1695118715340 1099.408447265625 120
1695118715513 1054.713134765625 121
1695118715688 1077.7767333984375 122
1695118715876 1080.697265625 123
1695118716056 1066.649658203125 124
1695118716228 1021.0321044921875 125
1695118716401 1161.39111328125 126
1695118716574 1069.384033203125 127
1695118716750 1058.5916748046875 128
1695118716937 1144.12109375 129
1695118717130 1172.000244140625 130
1695118717318 1043.8211669921875 131
1695118717506 1066.2255859375 132
1695118717707 1127.156982421875 133
1695118717887 1028.961181640625 134
1695118718061 1067.582275390625 135
1695118718251 1037.33837890625 136
1695118718437 1073.0877685546875 137
1695118718611 1107.32666015625 138
1695118718787 1039.1796875 139
1695118718962 1014.8331909179688 140
1695118719147 1079.85791015625 141
1695118719331 1006.3082885742188 142
1695118719506 1114.7802734375 143
1695118719683 1147.50537109375 144
1695118719868 1009.0704956054688 145
1695118720052 977.3211669921875 146
1695118720237 1002.5675048828125 147
1695118720422 1000.2957153320312 148
1695118720608 1008.5926513671875 149
1695118720798 1081.8759765625 150
1695118720986 1007.41455078125 151
1695118721173 982.0191650390625 152
1695118721375 998.4734497070312 153
1695118721552 1068.4632568359375 154
1695118721735 950.0641479492188 155
1695118721920 1040.7261962890625 156
1695118722097 991.76904296875 157
1695118722282 1004.3806762695312 158
1695118722459 1006.343505859375 159
1695118722633 1033.896240234375 160
1695118722817 972.6123046875 161
1695118723001 939.9408569335938 162
1695118723176 950.4100952148438 163
1695118723349 963.8779907226562 164
1695118723523 975.5006103515625 165
1695118723696 930.0003051757812 166
1695118723870 977.769287109375 167
1695118724042 1014.2107543945312 168
1695118724220 939.736328125 169
1695118724404 918.5863037109375 170
1695118724586 1018.827392578125 171
1695118724762 1027.561767578125 172
1695118724938 1055.82470703125 173
1695118725115 957.9415283203125 174
1695118725305 914.801025390625 175
1695118725480 1012.509521484375 176
1695118725653 944.6812133789062 177
1695118725833 945.3872680664062 178
1695118726021 948.5491943359375 179
1695118726206 991.7564086914062 180
1695118726389 938.5564575195312 181
1695118726565 982.1463623046875 182
1695118726744 1025.8353271484375 183
1695118726921 990.3662719726562 184
1695118727096 888.42822265625 185
1695118727272 906.9479370117188 186
1695118727455 923.7874755859375 187
1695118727642 959.133056640625 188
1695118727827 921.1907348632812 189
1695118728009 958.72119140625 190
1695118728185 919.417236328125 191
1695118728369 936.2364501953125 192
1695118728554 900.5933837890625 193
1695118728730 872.5629272460938 194
1695118728905 954.6898193359375 195
1695118729078 888.0310668945312 196
1695118729254 903.212158203125 197
1695118729427 964.7694702148438 198
1695118729603 983.4156494140625 199
1695118729777 1038.079833984375 200
1695118733424 931.1338500976562 201
1695118733598 893.7666625976562 202
1695118733772 930.9277954101562 203
1695118733945 951.9434204101562 204
1695118734118 952.2964477539062 205
1695118734291 957.63671875 206
1695118734466 927.5046997070312 207
1695118734640 906.9700927734375 208
1695118734814 948.4974365234375 209
1695118734987 882.1888427734375 210
1695118735161 919.2755737304688 211
1695118735334 908.9766235351562 212
1695118735506 930.8750610351562 213
1695118735678 920.4618530273438 214
1695118735852 943.2322387695312 215
1695118736025 892.3927001953125 216
1695118736198 907.9710693359375 217
1695118736373 919.4902954101562 218
1695118736548 914.5323486328125 219
1695118736721 900.6605834960938 220
1695118736895 991.004638671875 221
1695118737068 928.3740844726562 222
1695118737242 875.5493774414062 223
1695118737416 894.7896118164062 224
1695118737589 939.7263793945312 225
1695118737762 923.657958984375 226
1695118737937 878.5084838867188 227
1695118738111 905.2892456054688 228
1695118738284 906.4373779296875 229
1695118738458 941.223388671875 230
1695118738632 836.8564453125 231
1695118738805 867.9744873046875 232
1695118738978 860.01806640625 233
1695118739150 931.6864013671875 234
1695118739323 927.7459106445312 235
1695118739496 901.4537353515625 236
1695118739671 897.779541015625 237
1695118739844 896.2179565429688 238
1695118740019 863.9154663085938 239
1695118740195 930.4649047851562 240
1695118740368 901.939697265625 241
1695118740542 883.3782958984375 242
1695118740716 914.4757080078125 243
1695118740890 915.1480102539062 244
1695118741074 815.3338623046875 245
1695118741248 884.0621948242188 246
1695118741421 882.9616088867188 247
1695118741595 892.0435180664062 248
1695118741771 919.0712890625 249
1695118741945 920.4989013671875 250
1695118742120 907.2423706054688 251
1695118742294 872.9046630859375 252
1695118742469 840.7496948242188 253
1695118742642 859.0214233398438 254
1695118742816 901.9902954101562 255
1695118742990 880.8314208984375 256
1695118743164 841.1452026367188 257
1695118743342 855.3246459960938 258
1695118743518 901.6143798828125 259
1695118743692 852.2978515625 260
1695118743868 878.6718139648438 261
1695118744043 819.7012939453125 262
1695118744221 888.1249389648438 263
1695118744403 901.0830688476562 264
1695118744588 891.210205078125 265
1695118744761 865.523193359375 266
1695118744936 838.921142578125 267
1695118745110 938.7884521484375 268
1695118745285 823.624267578125 269
1695118745459 879.6708374023438 270
1695118745634 853.0963134765625 271
1695118745807 845.3961181640625 272
1695118745981 820.7178955078125 273
1695118746155 892.9033813476562 274
1695118746330 832.217529296875 275
1695118746504 819.2171630859375 276
1695118746678 824.7940673828125 277
1695118746853 789.9364013671875 278
1695118747029 781.554443359375 279
1695118747202 839.9217529296875 280
1695118747377 865.8471069335938 281
1695118747551 784.0506591796875 282
1695118747724 873.7794189453125 283
1695118747900 849.276611328125 284
1695118748073 804.470458984375 285
1695118748250 850.349853515625 286
1695118748439 860.488525390625 287
1695118748624 838.0217895507812 288
1695118748803 869.8578491210938 289
1695118748979 830.0833129882812 290
1695118749157 824.9092407226562 291
1695118749338 801.191162109375 292
1695118749518 828.3851318359375 293
1695118749694 782.66015625 294
1695118749871 899.6959228515625 295
1695118750047 872.51318359375 296
1695118750222 818.9717407226562 297
1695118750404 787.732177734375 298
1695118750579 771.698486328125 299
1695118750755 798.5174560546875 300
1695118754504 819.903564453125 301
1695118754685 867.7378540039062 302
1695118754873 839.8585815429688 303
1695118755052 783.0264282226562 304
1695118755227 815.3472900390625 305
1695118755412 784.3836669921875 306
1695118755594 839.2911376953125 307
1695118755770 831.6571044921875 308
1695118755943 832.8430786132812 309
1695118756117 827.0335083007812 310
1695118756292 800.9996948242188 311
1695118756467 891.34765625 312
1695118756642 829.0404663085938 313
1695118756817 782.9398803710938 314
1695118756991 788.1416015625 315
1695118757165 803.9154052734375 316
1695118757339 781.3394775390625 317
1695118757515 774.3333129882812 318
1695118757689 888.1129760742188 319
1695118757862 748.8253173828125 320
1695118758040 855.8807983398438 321
1695118758213 863.301025390625 322
1695118758386 760.4291381835938 323
1695118758560 776.5737915039062 324
1695118758734 825.4867553710938 325
1695118758908 814.2060546875 326
1695118759082 804.245361328125 327
1695118759255 837.1804809570312 328
1695118759429 803.93505859375 329
1695118759611 847.3159790039062 330
1695118759797 788.6027221679688 331
1695118759979 789.2677001953125 332
1695118760160 810.312255859375 333
1695118760333 783.6179809570312 334
1695118760507 905.5429077148438 335
1695118760679 798.4744873046875 336
1695118760852 778.3919067382812 337
1695118761027 831.5489501953125 338
1695118761200 793.640869140625 339
1695118761374 835.2322387695312 340
1695118761550 820.589599609375 341
1695118761734 810.616455078125 342
1695118761914 738.3826904296875 343
1695118762090 767.879150390625 344
1695118762262 770.3851928710938 345
1695118762434 800.0013427734375 346
1695118762608 807.01025390625 347
1695118762782 696.908447265625 348
1695118762958 772.9675903320312 349
1695118763136 836.3360595703125 350
1695118763324 762.7398681640625 351
1695118763504 781.8468627929688 352
1695118763682 740.951904296875 353
1695118763858 785.4067993164062 354
1695118764033 732.8280029296875 355
1695118764215 857.102783203125 356
1695118764400 839.987060546875 357
1695118764575 787.5530395507812 358
1695118764750 784.4304809570312 359
1695118764923 804.07763671875 360
1695118765102 785.5036010742188 361
1695118765274 817.4219970703125 362
1695118765449 803.6787109375 363
1695118765624 790.2384033203125 364
1695118765797 771.4205932617188 365
1695118765972 799.2608032226562 366
1695118766146 766.9012451171875 367
1695118766320 954.052978515625 368
1695118766496 857.615234375 369
1695118766679 759.1312866210938 370
1695118766866 736.185302734375 371
1695118767058 846.409912109375 372
1695118767248 784.8568115234375 373
1695118767445 722.8175048828125 374
1695118767631 797.8304443359375 375
1695118767817 805.4403686523438 376
1695118768012 763.076171875 377
1695118768204 796.2470703125 378
1695118768387 790.7427978515625 379
1695118768573 780.8563232421875 380
1695118768759 715.0313110351562 381
1695118768956 736.3089599609375 382
1695118769150 736.9584350585938 383
1695118769341 788.001708984375 384
1695118769534 785.8942260742188 385
1695118769723 759.1998291015625 386
1695118769919 767.3523559570312 387
1695118770095 761.1566772460938 388
1695118770269 744.38427734375 389
1695118770447 754.0038452148438 390
1695118770621 879.9605712890625 391
1695118770795 816.9906005859375 392
1695118770981 808.3590087890625 393
1695118771162 792.05712890625 394
1695118771339 733.0293579101562 395
1695118771524 765.6318969726562 396
1695118771703 720.9244384765625 397
1695118771879 729.360595703125 398
1695118772055 766.308349609375 399
1695118772238 753.7930908203125 400
1695118775961 736.631103515625 401
1695118776134 736.365478515625 402
1695118776308 753.5518798828125 403
1695118776481 874.4949340820312 404
1695118776655 741.0906982421875 405
1695118776829 859.774658203125 406
1695118777003 760.0224609375 407
1695118777176 792.5479736328125 408
1695118777349 733.1812744140625 409
1695118777522 755.7951049804688 410
1695118777696 705.4317016601562 411
1695118777872 707.50537109375 412
1695118778045 892.3569946289062 413
1695118778219 812.029296875 414
1695118778393 788.45947265625 415
1695118778566 757.261474609375 416
1695118778739 821.0797119140625 417
1695118778912 781.0115966796875 418
1695118779085 762.019775390625 419
1695118779257 741.564697265625 420
1695118779431 771.62451171875 421
1695118779604 785.3388671875 422
1695118779777 736.1625366210938 423
1695118779950 770.572509765625 424
1695118780124 805.467529296875 425
1695118780298 701.0318603515625 426
1695118780472 741.6622924804688 427
1695118780646 763.3369750976562 428
1695118780819 723.3702392578125 429
1695118780994 707.2453002929688 430
1695118781167 737.6566162109375 431
1695118781341 719.2033081054688 432
1695118781515 785.5200805664062 433
1695118781689 754.03369140625 434
1695118781863 815.3172607421875 435
1695118782037 745.172119140625 436
1695118782209 812.10498046875 437
1695118782381 778.4140625 438
1695118782554 720.574951171875 439
1695118782728 744.1375122070312 440
1695118782902 706.5923461914062 441
1695118783087 866.2044677734375 442
1695118783261 763.504638671875 443
1695118783435 793.0994262695312 444
1695118783609 735.1859130859375 445
1695118783782 799.3980712890625 446
1695118783959 685.0250244140625 447
1695118784132 785.733154296875 448
1695118784306 752.138427734375 449
1695118784480 740.2432250976562 450
1695118784654 719.956787109375 451
1695118784830 800.6416015625 452
1695118785003 712.16796875 453
1695118785178 708.0593872070312 454
1695118785352 741.2373657226562 455
1695118785526 749.3211669921875 456
1695118785704 780.4046020507812 457
1695118785879 729.4143676757812 458
1695118786055 717.20654296875 459
1695118786230 781.9498901367188 460
1695118786405 793.82861328125 461
1695118786578 761.33642578125 462
1695118786752 802.6503295898438 463
1695118786925 764.5352783203125 464
1695118787099 757.4913330078125 465
1695118787272 722.4698486328125 466
1695118787447 714.4644165039062 467
1695118787621 695.24169921875 468
1695118787796 710.9429321289062 469
1695118787972 729.791748046875 470
1695118788144 790.8301391601562 471
1695118788320 716.80810546875 472
1695118788498 727.8475341796875 473
1695118788683 692.599853515625 474
1695118788861 751.19482421875 475
1695118789054 739.3629150390625 476
1695118789240 736.1812133789062 477
1695118789429 711.3618774414062 478
1695118789617 720.7124633789062 479
1695118789798 724.0404663085938 480
1695118789995 674.345703125 481
1695118790189 722.302490234375 482
1695118790380 746.0247802734375 483
1695118790568 688.8297119140625 484
1695118790769 710.4871215820312 485
1695118790948 730.14404296875 486
1695118791129 686.455810546875 487
1695118791318 751.30126953125 488
1695118791506 709.662109375 489
1695118791684 717.825439453125 490
1695118791857 733.0703125 491
1695118792034 704.5128784179688 492
1695118792221 775.7102661132812 493
1695118792412 726.7879638671875 494
1695118792602 701.3814086914062 495
1695118792784 762.115966796875 496
1695118792968 745.0452880859375 497
1695118793158 809.3648071289062 498
1695118793339 694.5621337890625 499
1695118793526 734.4114990234375 500
1695118797203 747.4791259765625 501
1695118797377 675.6925659179688 502
1695118797567 725.38134765625 503
1695118797759 726.348388671875 504
1695118797949 746.890869140625 505
1695118798138 732.43896484375 506
1695118798330 715.54443359375 507
1695118798520 766.5667724609375 508
1695118798710 746.9423217773438 509
1695118798892 765.1065673828125 510
1695118799067 723.7349853515625 511
1695118799242 705.078125 512
1695118799419 840.393310546875 513
1695118799594 679.1915283203125 514
1695118799769 766.6639404296875 515
1695118799943 766.302978515625 516
1695118800118 691.0076904296875 517
1695118800293 696.285888671875 518
1695118800467 710.505126953125 519
1695118800643 794.2452392578125 520
1695118800833 704.1075439453125 521
1695118801027 766.7406005859375 522
1695118801219 735.7571411132812 523
1695118801411 710.8433227539062 524
1695118801602 743.9358520507812 525
1695118801790 686.998046875 526
1695118801970 710.614501953125 527
1695118802146 672.7369384765625 528
1695118802323 728.8465576171875 529
1695118802499 704.150634765625 530
1695118802675 659.495849609375 531
1695118802852 662.185546875 532
1695118803033 686.0171508789062 533
1695118803213 712.6110229492188 534
1695118803390 656.0109252929688 535
1695118803565 685.85888671875 536
1695118803744 676.20703125 537
1695118803925 642.513427734375 538
1695118804101 775.839599609375 539
1695118804283 683.838623046875 540
1695118804466 683.1497192382812 541
1695118804644 683.3320922851562 542
1695118804824 681.7850952148438 543
1695118804998 693.6722412109375 544
1695118805173 696.7037963867188 545
1695118805351 650.8775634765625 546
1695118805529 663.8870849609375 547
1695118805709 723.9724731445312 548
1695118805884 719.6373291015625 549
1695118806060 726.28515625 550
1695118806249 817.3934326171875 551
1695118806440 752.5095825195312 552
1695118806628 650.1852416992188 553
1695118806817 667.51025390625 554
1695118807003 722.2484741210938 555
1695118807192 674.05517578125 556
1695118807381 679.1534423828125 557
1695118807557 706.20166015625 558
1695118807735 646.3233032226562 559
1695118807914 677.2430419921875 560
1695118808089 700.7091674804688 561
1695118808267 703.6248168945312 562
1695118808443 692.8259887695312 563
1695118808619 683.8134765625 564
1695118808798 670.0012817382812 565
1695118808975 660.9778442382812 566
1695118809162 758.790283203125 567
1695118809346 717.3579711914062 568
1695118809531 678.4640502929688 569
1695118809706 657.2685546875 570
1695118809883 701.9309692382812 571
1695118810061 705.7369384765625 572
1695118810239 666.1591796875 573
1695118810417 686.8385009765625 574
1695118810594 709.0562744140625 575
1695118810771 664.532958984375 576
1695118810948 664.601806640625 577
1695118811126 701.8418579101562 578
1695118811303 694.8780517578125 579
1695118811480 748.0982666015625 580
1695118811657 715.7039794921875 581
1695118811834 656.5360717773438 582
1695118812009 730.9593505859375 583
1695118812185 707.755615234375 584
1695118812361 727.255126953125 585
1695118812537 673.707275390625 586
1695118812715 697.3721923828125 587
1695118812891 719.5335693359375 588
1695118813071 692.3681640625 589
1695118813250 653.6891479492188 590
1695118813431 739.4279174804688 591
1695118813610 687.3145141601562 592
1695118813786 662.0859375 593
1695118813961 649.488037109375 594
1695118814140 733.178466796875 595
1695118814332 677.8077392578125 596
1695118814534 710.1024780273438 597
1695118814721 686.2400512695312 598
1695118814906 657.49658203125 599
1695118815091 716.008056640625 600
1695118818866 714.641357421875 601
1695118819040 699.9230346679688 602
1695118819216 690.384521484375 603
1695118819391 647.3289184570312 604
1695118819565 680.344970703125 605
1695118819740 686.02587890625 606
1695118819914 678.0618896484375 607
1695118820089 666.8299560546875 608
1695118820264 683.7540893554688 609
1695118820436 750.4719848632812 610
1695118820610 691.20458984375 611
1695118820783 668.408935546875 612
1695118820957 729.4866943359375 613
1695118821130 702.6232299804688 614
1695118821304 720.6925048828125 615
1695118821478 664.794677734375 616
1695118821655 698.5396728515625 617
1695118821829 688.3712158203125 618
1695118822005 679.0027465820312 619
1695118822180 674.2158203125 620
1695118822353 675.0615844726562 621
1695118822527 653.3163452148438 622
1695118822701 734.7271118164062 623
1695118822876 641.0918579101562 624
1695118823061 710.769287109375 625
1695118823251 739.552734375 626
1695118823438 734.4295654296875 627
1695118823615 663.6695556640625 628
1695118823800 763.2109375 629
1695118823985 687.2377319335938 630
1695118824166 669.4127807617188 631
1695118824346 621.2794799804688 632
1695118824530 704.3577880859375 633
1695118824710 711.1634521484375 634
1695118824885 685.8251342773438 635
1695118825063 733.7163696289062 636
1695118825238 622.1241455078125 637
1695118825415 716.1697387695312 638
1695118825591 642.8782348632812 639
1695118825769 669.5887451171875 640
1695118825944 689.7779541015625 641
1695118826120 637.7174682617188 642
1695118826313 694.2959594726562 643
1695118826495 701.8755493164062 644
1695118826678 683.93212890625 645
1695118826859 695.059326171875 646
1695118827037 657.563232421875 647
1695118827209 688.6495361328125 648
1695118827382 665.8883056640625 649
1695118827560 686.3699951171875 650
1695118827750 657.365966796875 651
1695118827925 749.3570556640625 652
1695118828101 681.6492309570312 653
1695118828278 714.65087890625 654
1695118828453 668.214599609375 655
1695118828631 694.3469848632812 656
1695118828806 761.7003784179688 657
1695118828979 713.791015625 658
1695118829155 661.52099609375 659
1695118829330 709.1176147460938 660
1695118829504 655.520263671875 661
1695118829688 666.4441528320312 662
1695118829866 704.7581176757812 663
1695118830041 653.9739990234375 664
1695118830223 624.5389404296875 665
1695118830398 667.8748168945312 666
1695118830576 718.8441772460938 667
1695118830760 659.7748413085938 668
1695118830936 646.871826171875 669
1695118831113 647.1710205078125 670
1695118831289 674.91357421875 671
1695118831466 656.549560546875 672
1695118831643 666.2130126953125 673
1695118831825 714.8988647460938 674
1695118832003 789.5260009765625 675
1695118832180 647.9072875976562 676
1695118832359 667.7940063476562 677
1695118832532 632.6409912109375 678
1695118832707 680.611083984375 679
1695118832882 705.812255859375 680
1695118833062 746.0336303710938 681
1695118833237 640.126953125 682
1695118833413 710.1788940429688 683
1695118833594 661.1375732421875 684
1695118833772 678.0972900390625 685
1695118833951 676.0054931640625 686
1695118834131 677.088623046875 687
1695118834309 660.39599609375 688
1695118834485 655.7029418945312 689
1695118834663 660.2943725585938 690
1695118834840 635.8853759765625 691
1695118835017 693.1884155273438 692
1695118835194 712.2732543945312 693
1695118835373 702.0943603515625 694
1695118835547 700.3193359375 695
1695118835722 657.004638671875 696
1695118835904 633.31640625 697
1695118836091 661.7432861328125 698
1695118836267 649.9022216796875 699
1695118836444 660.1990966796875 700
1695118840179 683.9437255859375 701
1695118840356 598.9406127929688 702
1695118840534 652.9189453125 703
1695118840708 689.4322509765625 704
1695118840889 649.1145629882812 705
1695118841067 639.482421875 706
1695118841243 696.031982421875 707
1695118841420 657.9793701171875 708
1695118841597 721.144287109375 709
1695118841773 669.3380126953125 710
1695118841953 660.75634765625 711
1695118842136 628.393310546875 712
1695118842312 686.9110107421875 713
1695118842488 674.72607421875 714
1695118842666 653.064453125 715
1695118842840 626.505126953125 716
1695118843013 597.907958984375 717
1695118843191 713.0821533203125 718
1695118843381 632.09130859375 719
1695118843570 630.8053588867188 720
1695118843758 650.6145629882812 721
1695118843948 625.4033203125 722
1695118844146 657.8496704101562 723
1695118844334 672.41015625 724
1695118844521 656.7351684570312 725
1695118844711 644.1995239257812 726
1695118844901 660.1633911132812 727
1695118845088 697.7469482421875 728
1695118845275 654.9329833984375 729
1695118845463 651.1302490234375 730
1695118845656 650.255615234375 731
1695118845844 655.1040649414062 732
1695118846031 648.2296142578125 733
1695118846229 664.9114990234375 734
1695118846413 635.0036010742188 735
1695118846588 656.4146728515625 736
1695118846773 656.677734375 737
1695118846956 633.7769775390625 738
1695118847129 618.5994262695312 739
1695118847313 628.5296020507812 740
1695118847499 677.560791015625 741
1695118847673 673.1320190429688 742
1695118847847 654.0379028320312 743
1695118848023 623.9306030273438 744
1695118848197 678.2069091796875 745
1695118848373 666.673583984375 746
1695118848547 657.8204345703125 747
1695118848720 632.2724609375 748
1695118848894 657.2255859375 749
1695118849067 629.8692626953125 750
1695118849240 729.6214599609375 751
1695118849414 726.9224243164062 752
1695118849589 720.1920776367188 753
1695118849763 703.350830078125 754
1695118849937 625.3336181640625 755
1695118850111 635.7203369140625 756
1695118850284 670.8658447265625 757
1695118850458 633.964599609375 758
1695118850632 675.2680053710938 759
1695118850805 709.9208984375 760
1695118850979 669.844970703125 761
1695118851151 731.0927124023438 762
1695118851323 696.4097290039062 763
1695118851496 664.4093017578125 764
1695118851670 642.0184326171875 765
1695118851844 707.5603637695312 766
1695118852018 629.052734375 767
1695118852192 697.4132080078125 768
1695118852365 615.5003662109375 769
1695118852538 639.2618408203125 770
1695118852713 655.7994384765625 771
1695118852887 620.9171752929688 772
1695118853064 670.1791381835938 773
1695118853248 719.3790283203125 774
1695118853433 640.37548828125 775
1695118853619 632.129150390625 776
1695118853803 660.323974609375 777
1695118853989 648.9981689453125 778
1695118854163 622.9713745117188 779
1695118854336 649.0582885742188 780
1695118854511 592.0291748046875 781
1695118854685 639.1986083984375 782
1695118854859 661.1936645507812 783
1695118855040 635.6055297851562 784
1695118855234 645.546875 785
1695118855422 649.6499633789062 786
1695118855611 607.0325927734375 787
1695118855807 661.4104614257812 788
1695118855995 623.134033203125 789
1695118856169 694.2454833984375 790
1695118856348 719.3712158203125 791
1695118856535 615.4940185546875 792
1695118856720 663.7396850585938 793
1695118856903 678.5736083984375 794
1695118857079 650.1690063476562 795
1695118857254 668.031982421875 796
1695118857430 661.176025390625 797
1695118857606 658.06640625 798
1695118857781 636.574951171875 799
1695118857975 628.5068359375 800
1695118861692 675.7725219726562 801
1695118861899 710.9196166992188 802
1695118862079 789.5581665039062 803
1695118862269 662.383056640625 804
1695118862457 691.6280517578125 805
1695118862645 614.0219116210938 806
1695118862836 660.3619384765625 807
1695118863030 656.8370361328125 808
1695118863220 633.2946166992188 809
1695118863409 686.1514282226562 810
1695118863600 700.9385375976562 811
1695118863798 612.726806640625 812
1695118863987 650.9716796875 813
1695118864160 669.255859375 814
1695118864338 661.2974243164062 815
1695118864515 711.751708984375 816
1695118864692 621.363037109375 817
1695118864868 662.6287841796875 818
1695118865041 674.2816772460938 819
1695118865217 608.222412109375 820
1695118865392 639.2269897460938 821
1695118865568 633.9171142578125 822
1695118865742 660.5693359375 823
1695118865916 673.8994140625 824
1695118866090 668.7994995117188 825
1695118866272 666.887939453125 826
1695118866470 605.1580200195312 827
1695118866658 576.5374755859375 828
1695118866852 636.67138671875 829
1695118867043 659.4923095703125 830
1695118867234 624.0856323242188 831
1695118867425 637.869140625 832
1695118867613 674.137939453125 833
1695118867802 659.7590942382812 834
1695118867990 687.7119140625 835
1695118868166 596.7872314453125 836
1695118868343 680.734375 837
1695118868519 618.8388061523438 838
1695118868697 648.630859375 839
1695118868876 680.6749267578125 840
1695118869054 599.3238525390625 841
1695118869231 631.3081665039062 842
1695118869410 628.9163818359375 843
1695118869588 653.163330078125 844
1695118869766 628.6279907226562 845
1695118869945 636.6712646484375 846
1695118870121 646.076416015625 847
1695118870295 641.1576538085938 848
1695118870472 669.0968017578125 849
1695118870660 743.77587890625 850
1695118870835 612.8411865234375 851
1695118871012 625.8968505859375 852
1695118871186 638.9500732421875 853
1695118871361 632.1781616210938 854
1695118871538 696.1436157226562 855
1695118871712 622.9554443359375 856
1695118871885 616.0030517578125 857
1695118872060 674.7835693359375 858
1695118872234 626.9669189453125 859
1695118872408 627.9176025390625 860
1695118872582 629.864501953125 861
1695118872757 628.3509521484375 862
1695118872931 612.8339233398438 863
1695118873107 607.336669921875 864
1695118873279 646.3900146484375 865
1695118873463 641.392578125 866
1695118873639 747.1015625 867
1695118873813 593.229248046875 868
1695118873987 702.07080078125 869
1695118874160 591.6130981445312 870
1695118874334 627.8462524414062 871
1695118874509 642.398681640625 872
1695118874689 590.4483642578125 873
1695118874874 653.9949340820312 874
1695118875055 602.5359497070312 875
1695118875243 664.4859619140625 876
1695118875422 635.2803344726562 877
1695118875613 615.88671875 878
1695118875791 670.397216796875 879
1695118875976 646.792724609375 880
1695118876159 614.9275512695312 881
1695118876343 609.762939453125 882
1695118876522 638.3792724609375 883
1695118876709 585.6028442382812 884
1695118876894 622.5263671875 885
1695118877081 633.5535888671875 886
1695118877279 609.4976806640625 887
1695118877468 677.7622680664062 888
1695118877658 618.2049560546875 889
1695118877852 637.5223388671875 890
1695118878042 589.63330078125 891
1695118878222 601.1419067382812 892
1695118878399 643.8615112304688 893
1695118878578 658.1038818359375 894
1695118878753 619.8656005859375 895
1695118878925 647.0211181640625 896
1695118879101 633.5162353515625 897
1695118879275 683.73974609375 898
1695118879450 690.5032958984375 899
1695118879632 622.25244140625 900
1695118883209 637.1216430664062 901
1695118883383 611.7100830078125 902
1695118883557 633.8235473632812 903
1695118883731 653.3709716796875 904
1695118883906 645.273681640625 905
1695118884080 621.0732421875 906
1695118884254 682.0556640625 907
1695118884428 601.8827514648438 908
1695118884601 620.5771484375 909
1695118884777 612.6082763671875 910
1695118884951 610.5171508789062 911
1695118885125 582.7042846679688 912
1695118885300 608.5294189453125 913
1695118885476 682.6470947265625 914
1695118885655 601.4935302734375 915
1695118885827 631.4133911132812 916
1695118886001 630.8911743164062 917
1695118886174 642.6324462890625 918
1695118886349 600.3724975585938 919
1695118886525 598.251708984375 920
1695118886701 634.0747680664062 921
1695118886875 678.3214111328125 922
1695118887047 642.7354736328125 923
1695118887220 681.13916015625 924
1695118887395 581.046875 925
1695118887577 653.646728515625 926
1695118887751 660.517578125 927
1695118887925 671.8602294921875 928
1695118888100 654.9415893554688 929
1695118888274 612.7721557617188 930
1695118888447 607.8592529296875 931
1695118888620 649.5149536132812 932
1695118888792 602.9274291992188 933
1695118888966 626.2318115234375 934
1695118889139 676.2708129882812 935
1695118889312 603.8859252929688 936
1695118889485 661.2517700195312 937
1695118889660 622.1983642578125 938
1695118889835 612.2843017578125 939
1695118890008 669.2191772460938 940
1695118890183 595.4149169921875 941
1695118890357 784.94970703125 942
1695118890531 607.2449951171875 943
1695118890705 626.14990234375 944
1695118890882 646.36328125 945
1695118891067 619.1485595703125 946
1695118891245 634.8502807617188 947
1695118891417 639.1846313476562 948
1695118891592 618.576904296875 949
1695118891765 639.520263671875 950
1695118891939 610.161376953125 951
1695118892111 611.127685546875 952
1695118892284 614.3572998046875 953
1695118892458 646.70947265625 954
1695118892632 645.1279296875 955
1695118892805 590.7684936523438 956
1695118892979 647.9833984375 957
1695118893153 647.8109741210938 958
1695118893326 573.1416625976562 959
1695118893497 625.1775512695312 960
1695118893670 693.2861328125 961
1695118893842 635.03955078125 962
1695118894016 700.54052734375 963
1695118894189 599.2490234375 964
1695118894364 577.4371948242188 965
1695118894538 617.2835083007812 966
1695118894711 603.7891235351562 967
1695118894884 611.6285400390625 968
1695118895058 627.3383178710938 969
1695118895232 636.075439453125 970
1695118895406 629.4314575195312 971
1695118895579 605.2369384765625 972
1695118895762 597.3126831054688 973
1695118895946 601.692626953125 974
1695118896136 577.074462890625 975
1695118896322 613.5044555664062 976
1695118896500 636.4276733398438 977
1695118896693 659.166015625 978
1695118896886 656.353271484375 979
1695118897075 660.73828125 980
1695118897264 628.832275390625 981
1695118897453 658.2115478515625 982
1695118897631 594.1907348632812 983
1695118897809 664.12548828125 984
1695118897984 677.6314697265625 985
1695118898161 599.673095703125 986
1695118898335 607.7227172851562 987
1695118898513 649.836669921875 988
1695118898687 621.0215454101562 989
1695118898860 603.6719970703125 990
1695118899048 618.5733642578125 991
1695118899224 684.2532958984375 992
1695118899405 617.3230590820312 993
1695118899582 614.2173461914062 994
1695118899768 683.5260009765625 995
1695118899944 608.3319091796875 996
1695118900125 674.5028686523438 997
1695118900301 599.7821044921875 998
1695118900477 600.8182373046875 999
1695118900654 631.9215087890625 1000
1695118904365 577.1661987304688 1001
1695118904554 631.6470336914062 1002
1695118904742 651.4356689453125 1003
1695118904928 595.189697265625 1004
1695118905107 621.3671264648438 1005
1695118905285 584.3635864257812 1006
1695118905469 652.3751220703125 1007
1695118905648 612.6923217773438 1008
1695118905834 631.9566650390625 1009
1695118906012 683.7260131835938 1010
1695118906193 582.9393310546875 1011
1695118906375 596.012939453125 1012
1695118906560 640.3307495117188 1013
1695118906742 637.992431640625 1014
1695118906918 624.0545654296875 1015
1695118907092 584.0680541992188 1016
1695118907266 592.6517944335938 1017
1695118907444 584.82666015625 1018
1695118907623 638.7244262695312 1019
1695118907802 595.1822509765625 1020
1695118907979 634.81787109375 1021
1695118908155 600.5640258789062 1022
1695118908333 630.1446533203125 1023
1695118908511 588.9891357421875 1024
1695118908688 618.1685791015625 1025
1695118908866 609.6205444335938 1026
1695118909042 609.73828125 1027
1695118909218 636.7181396484375 1028
1695118909395 623.1094970703125 1029
1695118909570 589.9219970703125 1030
1695118909747 603.127197265625 1031
1695118909921 564.1128540039062 1032
1695118910099 596.25732421875 1033
1695118910278 630.296142578125 1034
1695118910455 620.017333984375 1035
1695118910630 615.33935546875 1036
1695118910807 629.078369140625 1037
1695118910984 591.12060546875 1038
1695118911161 591.6121215820312 1039
1695118911340 566.03125 1040
1695118911516 621.3108520507812 1041
1695118911691 658.0801391601562 1042
1695118911869 616.9193115234375 1043
1695118912046 565.0978393554688 1044
1695118912222 606.6990966796875 1045
1695118912399 630.3203125 1046
1695118912574 625.6983642578125 1047
1695118912753 683.1820068359375 1048
1695118912930 660.3898315429688 1049
1695118913107 666.0765991210938 1050
1695118913287 611.1378173828125 1051
1695118913460 604.660888671875 1052
1695118913634 627.3011474609375 1053
1695118913810 664.7979736328125 1054
1695118913988 596.8630981445312 1055
1695118914166 640.1595458984375 1056
1695118914343 628.87646484375 1057
1695118914525 590.9209594726562 1058
1695118914710 590.3359375 1059
1695118914890 572.1265869140625 1060
1695118915070 635.2581787109375 1061
1695118915250 615.70458984375 1062
1695118915428 611.7811279296875 1063
1695118915617 691.6182861328125 1064
1695118915805 591.4712524414062 1065
1695118915987 677.9920043945312 1066
1695118916164 651.6302490234375 1067
1695118916353 587.210205078125 1068
1695118916544 627.5990600585938 1069
1695118916734 714.6554565429688 1070
1695118916925 585.904296875 1071
1695118917109 645.153076171875 1072
1695118917304 633.5118408203125 1073
1695118917490 652.2054443359375 1074
1695118917679 611.0970458984375 1075
1695118917868 684.6886596679688 1076
1695118918055 656.2545166015625 1077
1695118918239 609.711669921875 1078
1695118918426 683.1138916015625 1079
1695118918608 626.8740234375 1080
1695118918782 712.2197265625 1081
1695118918958 637.5308837890625 1082
1695118919145 615.2269287109375 1083
1695118919333 620.5374755859375 1084
1695118919527 557.300048828125 1085
1695118919720 619.5869750976562 1086
1695118919909 603.57177734375 1087
1695118920101 643.2032470703125 1088
1695118920292 668.8388671875 1089
1695118920466 627.3446044921875 1090
1695118920642 608.4486694335938 1091
1695118920816 600.865966796875 1092
1695118920990 661.475341796875 1093
1695118921172 599.3851318359375 1094
1695118921365 589.6861572265625 1095
1695118921555 546.626220703125 1096
1695118921743 670.498779296875 1097
1695118921932 606.3384399414062 1098
