1695150180233 1867.3734130859375 0
1695150184500 1815.0655517578125 1
1695150185029 1769.9017333984375 2
1695150185518 1745.673828125 3
1695150186007 1733.8223876953125 4
1695150186586 1674.4844970703125 5
1695150187112 1617.5679931640625 6
1695150187621 1501.0194091796875 7
1695150188149 1451.2918701171875 8
1695150188684 1388.1180419921875 9
1695150189220 1344.341552734375 10
1695150189729 1251.54345703125 11
1695150190239 1078.7744140625 12
1695150190746 1011.1973266601562 13
1695150191253 956.4451293945312 14
1695150191759 907.7252197265625 15
1695150192268 870.20166015625 16
1695150192776 858.51806640625 17
1695150193286 882.5611572265625 18
1695150193798 857.41357421875 19
1695150194308 828.2827758789062 20
1695150194815 825.0218505859375 21
1695150195324 827.8494873046875 22
1695150195834 796.527587890625 23
1695150196343 782.3204345703125 24
1695150196852 734.0984497070312 25
1695150197366 744.6295776367188 26
1695150197875 734.84228515625 27
1695150198382 728.6109619140625 28
1695150198914 710.8446044921875 29
1695150199462 723.5325927734375 30
1695150199974 681.0698852539062 31
1695150200483 683.134521484375 32
1695150201002 707.7631225585938 33
1695150201515 657.35009765625 34
1695150202027 668.0249633789062 35
1695150202574 633.8143310546875 36
1695150203104 641.06787109375 37
1695150203615 628.3748779296875 38
1695150204128 610.19287109375 39
1695150204636 588.4197998046875 40
1695150205168 573.3562622070312 41
1695150205700 604.1649169921875 42
1695150206241 604.1561279296875 43
1695150206771 548.9668579101562 44
1695150207291 609.1724243164062 45
1695150207800 542.1903076171875 46
1695150208343 598.4520263671875 47
1695150208883 548.8638916015625 48
1695150209435 519.7625732421875 49
1695150209991 531.09228515625 50
1695150210507 577.2974853515625 51
1695150211018 504.4568176269531 52
1695150211528 529.0469970703125 53
1695150212041 523.83154296875 54
1695150212549 515.8742065429688 55
1695150213063 476.62274169921875 56
1695150213571 527.8316040039062 57
1695150214079 521.9619750976562 58
1695150214592 490.0938720703125 59
1695150215101 473.5378112792969 60
1695150215610 454.3326110839844 61
1695150216116 506.1544189453125 62
1695150216624 451.57269287109375 63
1695150217133 460.87835693359375 64
1695150217650 500.2043151855469 65
1695150218163 456.4068603515625 66
1695150218672 455.2779846191406 67
1695150219195 487.8841857910156 68
1695150219703 516.4434814453125 69
1695150220212 485.241455078125 70
1695150220721 472.52734375 71
1695150221228 464.4729309082031 72
1695150221740 428.42803955078125 73
1695150222249 436.3345947265625 74
1695150222759 453.37261962890625 75
1695150223268 425.7219543457031 76
1695150223776 430.6123352050781 77
1695150224291 403.5676574707031 78
1695150224800 403.1477355957031 79
1695150225309 408.3295593261719 80
1695150225820 408.2242431640625 81
1695150226330 401.5458679199219 82
1695150226840 392.7358093261719 83
1695150227349 429.16510009765625 84
1695150227857 385.1764221191406 85
1695150228371 446.79669189453125 86
1695150228878 391.98193359375 87
1695150229410 399.0339050292969 88
1695150229933 434.37127685546875 89
1695150230501 382.19036865234375 90
1695150231019 380.7131042480469 91
1695150231528 378.46148681640625 92
1695150232040 380.4373474121094 93
1695150232552 410.044189453125 94
1695150233060 387.5955810546875 95
1695150233569 372.2616882324219 96
1695150234079 349.4996337890625 97
1695150234588 374.02734375 98
1695150235098 384.09649658203125 99
1695150235610 361.44866943359375 100
1695150239649 384.217529296875 101
1695150240251 373.7880859375 102
1695150240761 374.81787109375 103
1695150241295 375.9739074707031 104
1695150241823 402.67095947265625 105
1695150242340 342.3602600097656 106
1695150242849 386.52337646484375 107
1695150243365 343.056884765625 108
1695150243875 389.30621337890625 109
1695150244448 362.79840087890625 110
1695150244963 355.68231201171875 111
1695150245477 339.4496154785156 112
1695150245987 357.8924255371094 113
1695150246496 338.77423095703125 114
1695150247005 334.6580810546875 115
1695150247518 339.10693359375 116
1695150248028 333.1314697265625 117
1695150248581 379.193603515625 118
1695150249164 338.3029479980469 119
1695150249731 325.15728759765625 120
1695150250242 335.1082458496094 121
1695150250752 321.00909423828125 122
1695150251261 342.410400390625 123
1695150251775 322.85675048828125 124
1695150252285 334.2471618652344 125
1695150252792 332.68798828125 126
1695150253299 328.7398681640625 127
1695150253810 344.4629211425781 128
1695150254320 352.2111511230469 129
1695150254829 318.9734802246094 130
1695150255338 350.3851318359375 131
1695150255848 313.18695068359375 132
1695150256357 350.149169921875 133
1695150256866 339.8841857910156 134
1695150257375 320.39190673828125 135
1695150257888 341.3497009277344 136
1695150258396 323.7284851074219 137
1695150258912 329.2882080078125 138
1695150259508 311.7939147949219 139
1695150260016 318.2464599609375 140
1695150260525 330.0181579589844 141
1695150261039 312.3865966796875 142
1695150261546 330.71551513671875 143
1695150262058 321.9292907714844 144
1695150262565 305.0801696777344 145
1695150263073 303.4954833984375 146
1695150263582 307.0015563964844 147
1695150264090 302.07080078125 148
1695150264605 313.9937744140625 149
1695150265111 315.3457336425781 150
1695150265622 306.920166015625 151
1695150266130 323.23175048828125 152
1695150266640 299.7815856933594 153
1695150267153 318.35748291015625 154
1695150267663 284.61279296875 155
1695150268175 312.5457763671875 156
1695150268684 289.89630126953125 157
1695150269260 296.5340881347656 158
1695150269781 305.2839050292969 159
1695150270291 288.1684265136719 160
1695150270804 304.512451171875 161
1695150271315 293.927978515625 162
1695150271825 295.5076904296875 163
1695150272334 316.1891784667969 164
1695150272844 311.4443359375 165
1695150273354 294.59124755859375 166
1695150273863 294.47265625 167
1695150274376 293.41925048828125 168
1695150274884 271.8990478515625 169
1695150275392 274.491455078125 170
1695150275901 303.3301696777344 171
1695150276415 296.5157775878906 172
1695150276927 293.2624206542969 173
1695150277436 276.2675476074219 174
1695150277948 286.7560119628906 175
1695150278458 267.962890625 176
1695150278969 294.6678161621094 177
1695150279568 280.562744140625 178
1695150280076 267.04034423828125 179
1695150280586 309.6249694824219 180
1695150281095 287.3362121582031 181
1695150281605 272.0714416503906 182
1695150282116 272.5105895996094 183
1695150282625 316.2687683105469 184
1695150283135 277.8206481933594 185
1695150283644 290.14788818359375 186
1695150284158 275.2626647949219 187
1695150284667 285.46905517578125 188
1695150285177 300.9241943359375 189
1695150285687 292.5664978027344 190
1695150286197 289.8928527832031 191
1695150286710 297.2857971191406 192
1695150287221 290.93084716796875 193
1695150287730 274.5695495605469 194
1695150288243 260.02069091796875 195
1695150288753 261.2453918457031 196
1695150289352 309.80401611328125 197
1695150289861 297.33892822265625 198
1695150290378 263.33306884765625 199
1695150290888 275.1861572265625 200
1695150294715 250.61984252929688 201
1695150295224 300.1944885253906 202
1695150295737 271.39862060546875 203
1695150296247 261.09564208984375 204
1695150296758 273.90673828125 205
1695150297268 270.1971740722656 206
1695150297779 306.3961486816406 207
1695150298304 262.1960754394531 208
1695150298855 270.8039855957031 209
1695150299515 259.51007080078125 210
1695150300116 251.70233154296875 211
1695150300735 251.99386596679688 212
1695150301253 255.57809448242188 213
1695150301854 274.91424560546875 214
1695150302373 262.51953125 215
1695150302883 268.9739074707031 216
1695150303395 245.50698852539062 217
1695150303952 266.531982421875 218
1695150304474 262.7371520996094 219
1695150304985 267.03179931640625 220
1695150305541 266.0581359863281 221
1695150306109 268.30126953125 222
1695150306638 266.73504638671875 223
1695150307162 243.42578125 224
1695150307676 265.5594482421875 225
1695150308195 278.9803161621094 226
1695150308710 260.9905700683594 227
1695150309233 258.16851806640625 228
1695150309747 266.5090026855469 229
1695150310262 278.3410339355469 230
1695150310777 236.56138610839844 231
1695150311293 274.4733581542969 232
1695150311822 275.97271728515625 233
1695150312336 269.992431640625 234
1695150312860 242.62969970703125 235
1695150313376 255.27511596679688 236
1695150313892 244.7929229736328 237
1695150314406 263.3770446777344 238
1695150314918 261.96234130859375 239
1695150315432 277.802001953125 240
1695150315957 264.62249755859375 241
1695150316480 264.30755615234375 242
1695150317031 253.00115966796875 243
1695150317597 254.26797485351562 244
1695150318156 250.86260986328125 245
