1695128959628 2021.28955078125 0
1695128963598 1924.0557861328125 1
1695128963919 1735.0980224609375 2
1695128964238 1634.09375 3
1695128964577 1566.364013671875 4
1695128964913 1578.063232421875 5
1695128965240 1500.809326171875 6
1695128965564 1495.9473876953125 7
1695128965890 1360.8177490234375 8
1695128966246 1353.91455078125 9
1695128966572 1283.169921875 10
1695128966911 1264.267578125 11
1695128967251 1344.345703125 12
1695128967592 1312.880126953125 13
1695128967913 1236.8294677734375 14
1695128968227 1175.96044921875 15
1695128968536 1123.0244140625 16
1695128968877 1109.9141845703125 17
1695128969206 1163.264404296875 18
1695128969547 1132.87744140625 19
1695128969888 1052.6168212890625 20
1695128970214 1128.12353515625 21
1695128970529 1063.567138671875 22
1695128970843 1054.49755859375 23
1695128971154 1022.1173095703125 24
1695128971469 1053.78662109375 25
1695128971795 1010.9226684570312 26
1695128972136 981.6173095703125 27
1695128972455 971.6166381835938 28
1695128972766 979.9287109375 29
1695128973076 987.4490356445312 30
1695128973391 958.3403930664062 31
1695128973705 937.8006591796875 32
1695128974016 931.8648681640625 33
1695128974327 943.7982177734375 34
1695128974639 914.1268920898438 35
1695128974952 956.0540771484375 36
1695128975285 945.3024291992188 37
1695128975598 919.239013671875 38
1695128975910 911.271240234375 39
1695128976222 932.0191040039062 40
1695128976532 898.5700073242188 41
1695128976844 925.447021484375 42
1695128977158 892.3582763671875 43
1695128977469 900.1168212890625 44
1695128977780 866.0177001953125 45
1695128978092 882.208984375 46
1695128978403 859.80908203125 47
1695128978715 849.9576416015625 48
1695128979024 853.3112182617188 49
1695128979337 851.8460693359375 50
1695128979649 825.2662353515625 51
1695128979962 805.3182373046875 52
1695128980274 816.7283935546875 53
1695128980591 816.7323608398438 54
1695128980922 867.54345703125 55
1695128981239 825.5297241210938 56
1695128981551 822.86669921875 57
1695128981861 787.193359375 58
1695128982170 784.9628295898438 59
1695128982482 813.80419921875 60
1695128982794 761.2635498046875 61
1695128983105 760.8101196289062 62
1695128983428 729.927734375 63
1695128983743 767.5001831054688 64
1695128984083 740.0499267578125 65
1695128984403 762.4283447265625 66
1695128984741 744.1859130859375 67
1695128985053 762.465576171875 68
1695128985387 723.2528686523438 69
1695128985711 755.674072265625 70
1695128986034 802.1229858398438 71
1695128986355 765.6402587890625 72
1695128986667 791.33349609375 73
1695128986977 700.7449951171875 74
1695128987291 837.26904296875 75
1695128987606 692.8446044921875 76
1695128987925 757.2435913085938 77
1695128988236 722.2567138671875 78
1695128988550 712.4849853515625 79
1695128988874 708.6610107421875 80
1695128989197 716.4296875 81
1695128989511 716.5538330078125 82
1695128989824 761.9534912109375 83
1695128990136 740.0357666015625 84
1695128990464 673.7493896484375 85
1695128990776 703.9882202148438 86
1695128991088 689.1083984375 87
1695128991398 666.07763671875 88
1695128991709 733.05126953125 89
1695128992020 691.9166870117188 90
1695128992332 644.9488525390625 91
1695128992644 693.6265869140625 92
1695128992953 675.2034301757812 93
1695128993262 664.2340698242188 94
1695128993574 712.1804809570312 95
1695128993885 727.6602783203125 96
1695128994195 678.243408203125 97
1695128994506 702.9129638671875 98
1695128994816 644.311279296875 99
1695128995127 663.97021484375 100
1695128998973 650.877197265625 101
1695128999292 658.9661254882812 102
1695128999602 690.7864990234375 103
1695128999914 660.9757080078125 104
1695129000227 615.9856567382812 105
1695129000538 670.6325073242188 106
1695129000850 628.7557373046875 107
1695129001166 675.034912109375 108
1695129001483 630.958251953125 109
1695129001806 656.1232299804688 110
1695129002137 651.13623046875 111
1695129002465 695.2401123046875 112
1695129002787 661.9757690429688 113
1695129003110 635.6004638671875 114
1695129003422 624.7601318359375 115
1695129003733 620.558349609375 116
1695129004047 633.8448486328125 117
1695129004359 630.76318359375 118
1695129004690 616.7176513671875 119
1695129005004 662.077880859375 120
1695129005316 677.81591796875 121
1695129005630 622.2335815429688 122
1695129005942 626.8106689453125 123
1695129006252 607.1473388671875 124
1695129006590 615.5636596679688 125
1695129006912 643.4138793945312 126
1695129007229 634.3206787109375 127
1695129007565 641.6538696289062 128
1695129007875 623.8465576171875 129
1695129008185 592.6207275390625 130
1695129008534 578.8706665039062 131
1695129008847 618.73095703125 132
1695129009159 634.1300659179688 133
1695129009483 620.4782104492188 134
1695129009794 601.182861328125 135
1695129010139 598.5635986328125 136
1695129010449 605.28662109375 137
1695129010772 603.9384155273438 138
1695129011113 641.6196899414062 139
1695129011451 602.5654296875 140
1695129011791 608.098388671875 141
1695129012124 625.1033935546875 142
1695129012440 603.2064208984375 143
1695129012776 599.919921875 144
1695129013111 590.744140625 145
1695129013450 597.168212890625 146
1695129013764 600.4078369140625 147
1695129014105 608.7247314453125 148
1695129014442 558.0047607421875 149
1695129014767 590.5733642578125 150
1695129015093 592.11376953125 151
1695129015404 603.956787109375 152
1695129015715 593.1696166992188 153
1695129016025 573.936279296875 154
1695129016350 555.172119140625 155
1695129016681 573.0659790039062 156
1695129016994 547.4122924804688 157
1695129017317 594.3126220703125 158
1695129017627 569.05078125 159
1695129017940 552.6788940429688 160
1695129018252 574.6165771484375 161
1695129018566 556.4960327148438 162
1695129018879 583.3709106445312 163
1695129019193 561.9884033203125 164
1695129019518 575.0865478515625 165
1695129019864 592.894287109375 166
1695129020212 564.8984985351562 167
1695129020558 559.3189697265625 168
1695129020912 546.3314208984375 169
1695129021257 552.2646484375 170
1695129021605 596.3887939453125 171
1695129021942 555.0919189453125 172
1695129022265 587.51806640625 173
1695129022592 576.0308837890625 174
1695129022909 583.1370849609375 175
1695129023222 537.4838256835938 176
1695129023547 534.1898193359375 177
1695129023885 572.5150756835938 178
1695129024215 542.5516967773438 179
1695129024527 580.126708984375 180
1695129024839 548.6893310546875 181
1695129025192 509.6485595703125 182
1695129025546 527.3165893554688 183
1695129025862 560.289794921875 184
1695129026174 541.5458374023438 185
1695129026495 541.0516357421875 186
1695129026814 518.3787841796875 187
1695129027131 559.9537353515625 188
1695129027473 536.9403076171875 189
1695129027817 564.3878784179688 190
1695129028155 536.199951171875 191
1695129028469 558.8529663085938 192
1695129028780 539.4270629882812 193
1695129029092 554.6547241210938 194
1695129029403 551.8941040039062 195
1695129029743 527.9239501953125 196
1695129030070 537.2894287109375 197
1695129030416 538.9850463867188 198
1695129030765 527.9795532226562 199
1695129031117 591.6317138671875 200
1695129035016 551.4179077148438 201
1695129035348 514.9275512695312 202
1695129035658 535.950439453125 203
1695129035975 514.2237548828125 204
1695129036289 539.0369873046875 205
1695129036616 538.9036865234375 206
1695129036948 543.4541625976562 207
1695129037280 511.2158203125 208
1695129037593 508.3680419921875 209
1695129037903 514.2355346679688 210
1695129038218 559.6221923828125 211
1695129038529 542.1361694335938 212
1695129038840 531.38134765625 213
1695129039151 518.4102783203125 214
1695129039473 522.7892456054688 215
1695129039814 510.1167297363281 216
1695129040171 534.943359375 217
1695129040511 541.4864501953125 218
1695129040847 518.4987182617188 219
1695129041182 533.910400390625 220
1695129041503 507.56292724609375 221
1695129041828 551.0844116210938 222
1695129042162 516.63134765625 223
1695129042510 526.8140869140625 224
1695129042821 543.83984375 225
1695129043133 509.66412353515625 226
1695129043443 510.92816162109375 227
1695129043754 523.2347412109375 228
1695129044065 526.5714721679688 229
1695129044401 525.74365234375 230
1695129044718 503.6367492675781 231
1695129045055 492.052978515625 232
1695129045413 511.54010009765625 233
1695129045771 493.9759216308594 234
1695129046132 551.1801147460938 235
1695129046493 511.9417724609375 236
1695129046852 485.9538269042969 237
1695129047206 478.4722595214844 238
1695129047557 485.9779052734375 239
1695129047875 515.6063842773438 240
1695129048192 545.5078125 241
1695129048511 505.6319580078125 242
1695129048850 491.2630920410156 243
1695129049165 494.58892822265625 244
1695129049491 507.282958984375 245
1695129049818 490.635986328125 246
1695129050142 484.62744140625 247
1695129050480 498.0213623046875 248
1695129050804 505.6201171875 249
1695129051129 511.2679443359375 250
1695129051438 482.8897399902344 251
1695129051768 491.92742919921875 252
1695129052108 484.29730224609375 253
1695129052452 501.55712890625 254
1695129052800 474.4857482910156 255
1695129053146 523.125244140625 256
1695129053478 514.9762573242188 257
1695129053790 513.0693969726562 258
1695129054102 489.8139953613281 259
1695129054414 492.87823486328125 260
1695129054725 505.68328857421875 261
1695129055060 486.0758972167969 262
1695129055391 523.242919921875 263
1695129055711 483.86529541015625 264
1695129056049 516.6294555664062 265
1695129056361 495.0410461425781 266
1695129056701 483.30908203125 267
1695129057017 484.75604248046875 268
1695129057333 551.5087890625 269
1695129057644 489.1033020019531 270
1695129057955 501.57757568359375 271
1695129058266 472.42333984375 272
1695129058583 498.5455322265625 273
1695129058896 479.1993103027344 274
1695129059206 469.3826904296875 275
1695129059517 504.6826477050781 276
1695129059830 504.5145568847656 277
1695129060141 481.1352844238281 278
1695129060452 463.160888671875 279
1695129060763 498.35382080078125 280
1695129061073 510.82611083984375 281
1695129061383 508.3511657714844 282
1695129061694 483.1557312011719 283
1695129062006 471.19110107421875 284
1695129062316 500.63311767578125 285
1695129062626 491.3805236816406 286
1695129062936 479.2633056640625 287
1695129063247 495.7156066894531 288
1695129063559 502.36492919921875 289
1695129063868 474.8659362792969 290
1695129064181 476.4268798828125 291
1695129064491 464.6900634765625 292
1695129064803 489.8526611328125 293
1695129065114 508.8006591796875 294
1695129065424 456.83746337890625 295
1695129065734 468.1570129394531 296
1695129066044 486.6033935546875 297
1695129066353 472.02642822265625 298
1695129066664 502.7728271484375 299
1695129066974 460.27362060546875 300
1695129070615 501.10247802734375 301
1695129070924 451.6049499511719 302
1695129071233 498.7069091796875 303
1695129071545 466.19329833984375 304
1695129071856 505.41217041015625 305
1695129072166 474.45367431640625 306
1695129072481 462.9490661621094 307
1695129072792 487.1459655761719 308
1695129073102 469.7271728515625 309
1695129073412 478.27606201171875 310
1695129073728 475.2601013183594 311
1695129074040 474.1584167480469 312
1695129074350 482.2738037109375 313
1695129074662 474.05511474609375 314
1695129074977 456.9786071777344 315
1695129075288 453.68109130859375 316
1695129075598 484.25421142578125 317
1695129075911 485.754638671875 318
1695129076222 482.62322998046875 319
1695129076532 472.63427734375 320
1695129076843 506.79541015625 321
1695129077156 453.41900634765625 322
1695129077466 473.1814880371094 323
1695129077775 472.0181884765625 324
1695129078086 459.14898681640625 325
1695129078398 457.490234375 326
1695129078731 478.863525390625 327
1695129079046 459.20074462890625 328
1695129079356 504.4920654296875 329
1695129079669 463.5474548339844 330
1695129079980 481.62799072265625 331
1695129080291 476.2271423339844 332
1695129080602 474.3809814453125 333
1695129080915 465.0281982421875 334
1695129081226 463.67901611328125 335
1695129081564 438.63055419921875 336
1695129081875 465.66619873046875 337
1695129082186 469.6600646972656 338
1695129082497 454.93621826171875 339
1695129082809 441.04107666015625 340
1695129083121 459.47052001953125 341
1695129083432 468.3004150390625 342
1695129083742 474.6697998046875 343
1695129084052 451.05206298828125 344
1695129084362 462.19342041015625 345
1695129084687 481.61676025390625 346
1695129085002 454.04254150390625 347
1695129085312 456.925537109375 348
1695129085625 434.61614990234375 349
1695129085957 490.26690673828125 350
1695129086268 465.5804443359375 351
1695129086578 465.74151611328125 352
1695129086890 465.0849609375 353
1695129087199 490.3518371582031 354
1695129087510 429.41229248046875 355
1695129087820 430.0589599609375 356
1695129088130 450.9185791015625 357
1695129088440 462.1001892089844 358
1695129088751 459.21026611328125 359
1695129089060 416.50384521484375 360
1695129089373 453.5961608886719 361
1695129089682 457.7198486328125 362
1695129089993 446.7356872558594 363
1695129090305 431.82794189453125 364
1695129090618 472.84991455078125 365
1695129090929 467.1415100097656 366
1695129091240 446.0604248046875 367
1695129091551 465.3584899902344 368
1695129091860 431.36297607421875 369
1695129092170 467.8212890625 370
1695129092479 433.5074462890625 371
1695129092790 450.3599853515625 372
1695129093101 458.9481201171875 373
1695129093412 445.31903076171875 374
1695129093722 426.1873474121094 375
1695129094032 464.33721923828125 376
1695129094342 478.6794128417969 377
1695129094652 449.5838317871094 378
1695129094963 438.720947265625 379
1695129095278 476.78863525390625 380
1695129095588 452.2454833984375 381
1695129095900 432.9281005859375 382
1695129096214 426.591552734375 383
1695129096523 456.1527099609375 384
1695129096833 451.3382568359375 385
1695129097143 446.1568603515625 386
1695129097453 467.70257568359375 387
1695129097764 434.9310607910156 388
1695129098074 436.09588623046875 389
1695129098385 441.7429504394531 390
1695129098695 445.7929992675781 391
1695129099007 435.3416748046875 392
1695129099317 412.0397644042969 393
1695129099630 468.49041748046875 394
1695129099958 441.7100830078125 395
1695129100270 435.26385498046875 396
1695129100586 473.3204345703125 397
1695129100897 436.3222961425781 398
1695129101206 448.35089111328125 399
1695129101516 449.2525329589844 400
1695129105147 460.3249816894531 401
1695129105457 468.5048522949219 402
1695129105768 422.0089111328125 403
1695129106079 442.42816162109375 404
1695129106391 415.9530029296875 405
1695129106700 476.89154052734375 406
1695129107010 440.3473815917969 407
1695129107334 437.36041259765625 408
1695129107659 460.5703125 409
1695129107970 449.0299987792969 410
1695129108280 404.2199401855469 411
1695129108591 448.842041015625 412
1695129108899 436.22039794921875 413
1695129109209 453.5536193847656 414
1695129109517 471.0506591796875 415
1695129109828 459.7953186035156 416
1695129110139 445.5632629394531 417
1695129110449 424.97900390625 418
1695129110759 420.5276184082031 419
1695129111072 446.7806396484375 420
1695129111380 453.4696044921875 421
1695129111690 413.79644775390625 422
1695129112000 470.6841735839844 423
1695129112309 450.82373046875 424
1695129112619 444.542724609375 425
1695129112929 454.3251953125 426
1695129113238 458.5903625488281 427
1695129113548 433.70831298828125 428
1695129113862 455.3740234375 429
1695129114174 424.3441467285156 430
1695129114488 414.5638732910156 431
1695129114798 433.50177001953125 432
1695129115107 415.7745361328125 433
1695129115417 460.07061767578125 434
1695129115731 458.2109680175781 435
1695129116042 443.008544921875 436
1695129116352 451.73297119140625 437
1695129116661 446.3083190917969 438
1695129116987 465.4377136230469 439
1695129117311 443.98577880859375 440
1695129117637 457.9502258300781 441
1695129117979 501.65191650390625 442
1695129118331 415.1980895996094 443
1695129118675 421.54461669921875 444
1695129119029 447.75604248046875 445
1695129119353 447.634765625 446
1695129119665 448.5214538574219 447
1695129119981 458.0529479980469 448
1695129120292 437.6679382324219 449
1695129120611 449.8948974609375 450
1695129120925 413.60302734375 451
1695129121234 438.7213134765625 452
1695129121545 474.0345458984375 453
1695129121857 449.7237548828125 454
1695129122170 413.0566711425781 455
1695129122480 427.64715576171875 456
1695129122794 465.7789611816406 457
1695129123106 435.0523986816406 458
1695129123419 406.7265625 459
1695129123736 443.1369323730469 460
1695129124048 428.3711853027344 461
1695129124361 417.9300537109375 462
1695129124674 481.8129577636719 463
1695129124984 432.5826721191406 464
1695129125294 435.841064453125 465
1695129125602 451.17718505859375 466
1695129125925 440.19891357421875 467
1695129126235 428.97137451171875 468
1695129126546 430.61712646484375 469
1695129126857 414.73590087890625 470
1695129127172 402.0845947265625 471
1695129127482 441.3324279785156 472
1695129127819 443.62359619140625 473
1695129128146 420.6417236328125 474
1695129128493 413.9955749511719 475
1695129128838 441.2027893066406 476
1695129129163 411.9805908203125 477
1695129129476 436.2508544921875 478
1695129129815 464.8414306640625 479
1695129130151 414.255126953125 480
1695129130492 413.56182861328125 481
1695129130823 448.76043701171875 482
1695129131168 447.90020751953125 483
1695129131506 439.1436767578125 484
1695129131824 412.1203308105469 485
1695129132152 439.9236145019531 486
1695129132474 422.3235168457031 487
1695129132800 453.07391357421875 488
1695129133125 446.79559326171875 489
1695129133461 418.59210205078125 490
1695129133778 445.8974609375 491
1695129134116 414.71258544921875 492
1695129134436 418.77093505859375 493
1695129134746 432.7671203613281 494
1695129135078 414.6943359375 495
1695129135388 420.37713623046875 496
1695129135701 418.0018310546875 497
1695129136012 416.1878356933594 498
1695129136328 446.05621337890625 499
1695129136668 433.5072021484375 500
1695129141081 403.14044189453125 501
1695129141394 398.476318359375 502
1695129141703 399.6717834472656 503
1695129142016 405.54827880859375 504
1695129142331 425.5740661621094 505
1695129142641 409.8683166503906 506
1695129142953 418.5573425292969 507
1695129143266 420.605712890625 508
1695129143582 430.11138916015625 509
1695129143895 402.49066162109375 510
1695129144222 424.4105529785156 511
1695129144537 424.66656494140625 512
1695129144851 399.8226623535156 513
1695129145166 400.156005859375 514
1695129145487 440.6807556152344 515
1695129145811 405.8489990234375 516
1695129146137 429.4232482910156 517
1695129146475 399.5305480957031 518
1695129146786 429.6153259277344 519
1695129147100 428.5111083984375 520
1695129147415 432.55596923828125 521
1695129147730 425.78692626953125 522
1695129148064 446.40606689453125 523
1695129148377 411.606201171875 524
1695129148689 421.8507080078125 525
1695129149001 414.74188232421875 526
1695129149314 458.0160217285156 527
1695129149628 396.56036376953125 528
1695129149948 404.79296875 529
1695129150264 413.7357177734375 530
1695129150576 410.7926940917969 531
1695129150889 400.9447021484375 532
1695129151201 382.83624267578125 533
1695129151511 395.8858642578125 534
1695129151822 398.8220520019531 535
1695129152135 411.6991882324219 536
1695129152451 400.8230895996094 537
1695129152783 413.5694580078125 538
1695129153133 424.2456970214844 539
1695129153459 427.5861511230469 540
1695129153772 418.3114013671875 541
1695129154090 415.17877197265625 542
1695129154402 406.355224609375 543
1695129154718 406.73779296875 544
1695129155030 432.0775146484375 545
1695129155370 398.45733642578125 546
1695129155692 417.12786865234375 547
1695129156013 385.3250427246094 548
1695129156357 413.74932861328125 549
1695129156678 406.4435119628906 550
1695129157015 418.7073669433594 551
1695129157327 414.440185546875 552
1695129157639 399.4081115722656 553
1695129157950 426.80902099609375 554
1695129158261 421.5963134765625 555
1695129158570 412.54052734375 556
1695129158884 408.5350341796875 557
1695129159199 421.0392761230469 558
1695129159511 427.282470703125 559
1695129159822 391.32635498046875 560
1695129160140 413.221923828125 561
1695129160454 440.0039367675781 562
1695129160784 452.89337158203125 563
1695129161098 418.07757568359375 564
1695129161425 410.0478515625 565
1695129161765 434.43511962890625 566
1695129162077 424.1375427246094 567
1695129162386 424.95330810546875 568
1695129162722 432.82940673828125 569
1695129163065 433.4466247558594 570
1695129163418 413.0205993652344 571
1695129163740 402.5917053222656 572
1695129164056 412.78753662109375 573
1695129164372 390.18231201171875 574
1695129164688 401.7001953125 575
1695129165020 388.1726989746094 576
1695129165354 419.6397399902344 577
1695129165668 410.37701416015625 578
1695129165980 395.28765869140625 579
1695129166318 416.7198486328125 580
1695129166659 407.6170349121094 581
1695129166992 421.7197265625 582
1695129167315 435.1385192871094 583
1695129167640 428.5618896484375 584
1695129167952 402.5356750488281 585
1695129168265 405.2941589355469 586
1695129168586 430.1570129394531 587
1695129168933 425.9692077636719 588
1695129169254 380.2275390625 589
1695129169573 415.774658203125 590
1695129169883 430.8389587402344 591
1695129170194 425.54339599609375 592
1695129170507 418.25103759765625 593
1695129170820 415.9991760253906 594
1695129171130 420.3723449707031 595
1695129171441 415.84423828125 596
1695129171751 403.1058349609375 597
1695129172074 414.8377990722656 598
1695129172419 404.9017639160156 599
1695129172769 378.5325622558594 600
1695129177061 379.3729553222656 601
1695129177422 384.1307678222656 602
1695129177753 428.2167053222656 603
1695129178069 419.05462646484375 604
1695129178388 450.59417724609375 605
1695129178725 410.38763427734375 606
1695129179035 406.6558837890625 607
1695129179345 408.4350280761719 608
1695129179685 409.93096923828125 609
1695129180000 399.2236022949219 610
1695129180324 428.3355407714844 611
1695129180672 425.9541931152344 612
1695129180997 391.6080322265625 613
1695129181325 418.3570251464844 614
1695129181637 404.66925048828125 615
1695129181950 393.2429504394531 616
1695129182261 394.33563232421875 617
1695129182571 385.85491943359375 618
1695129182881 415.18292236328125 619
1695129183190 414.42645263671875 620
1695129183499 448.4185485839844 621
1695129183810 423.65509033203125 622
1695129184121 422.2229309082031 623
1695129184431 398.1055603027344 624
1695129184756 404.7265319824219 625
1695129185081 419.7696533203125 626
1695129185411 419.66583251953125 627
1695129185751 413.3788146972656 628
1695129186083 409.2710876464844 629
1695129186412 413.14068603515625 630
1695129186758 421.41259765625 631
1695129187106 400.59368896484375 632
1695129187435 410.7829284667969 633
1695129187748 409.6485290527344 634
1695129188065 408.1434020996094 635
1695129188396 406.8083190917969 636
1695129188736 364.2702941894531 637
1695129189052 395.4096984863281 638
1695129189385 394.0118103027344 639
1695129189732 424.1822814941406 640
1695129190077 396.8539733886719 641
1695129190426 394.83074951171875 642
1695129190737 402.27655029296875 643
1695129191049 384.1085205078125 644
1695129191377 393.3444519042969 645
1695129191688 445.6949768066406 646
1695129192000 400.6402282714844 647
1695129192311 405.0731201171875 648
1695129192623 399.6805114746094 649
1695129192934 384.91632080078125 650
1695129193255 434.77001953125 651
1695129193570 416.35333251953125 652
1695129193904 392.5506591796875 653
1695129194235 411.3883056640625 654
1695129194560 380.80438232421875 655
1695129194873 396.01275634765625 656
1695129195186 386.46514892578125 657
1695129195495 405.2248840332031 658
1695129195819 402.8918151855469 659
1695129196162 414.8729248046875 660
1695129196476 414.40155029296875 661
1695129196794 419.18511962890625 662
1695129197112 402.93072509765625 663
1695129197438 382.22479248046875 664
1695129197749 362.7767639160156 665
1695129198063 410.06536865234375 666
1695129198377 410.884765625 667
1695129198687 408.066162109375 668
1695129198997 411.1441650390625 669
1695129199308 411.65716552734375 670
1695129199618 399.7658996582031 671
1695129199928 394.2486267089844 672
1695129200241 399.5103759765625 673
1695129200581 424.8196105957031 674
1695129200921 400.4233093261719 675
1695129201257 384.8955078125 676
1695129201606 390.8302001953125 677
1695129201934 407.6808166503906 678
1695129202268 362.3673400878906 679
1695129202588 410.4149169921875 680
1695129202906 411.9176025390625 681
1695129203219 395.53192138671875 682
1695129203531 412.8180236816406 683
1695129203845 401.09423828125 684
1695129204187 404.13165283203125 685
1695129204530 398.14697265625 686
1695129204849 419.2811279296875 687
1695129205165 404.7551574707031 688
1695129205479 400.13739013671875 689
1695129205791 410.7796630859375 690
1695129206101 391.31060791015625 691
1695129206411 375.5830078125 692
1695129206723 361.3739318847656 693
1695129207033 386.6944274902344 694
1695129207348 367.85833740234375 695
1695129207665 387.0210876464844 696
1695129207979 383.5479736328125 697
1695129208299 390.61749267578125 698
1695129208609 393.93011474609375 699
1695129208927 385.65887451171875 700
1695129212824 395.5428466796875 701
1695129213163 391.305419921875 702
1695129213508 382.3657531738281 703
1695129213820 402.2208557128906 704
1695129214132 378.042724609375 705
1695129214444 413.05517578125 706
1695129214758 406.4958190917969 707
1695129215095 410.4747314453125 708
1695129215439 369.36334228515625 709
1695129215764 409.1138000488281 710
1695129216091 403.7972106933594 711
1695129216405 421.581787109375 712
1695129216715 380.85211181640625 713
1695129217043 422.7541809082031 714
1695129217363 399.59686279296875 715
1695129217698 422.3365783691406 716
1695129218010 395.2457275390625 717
1695129218325 395.40423583984375 718
1695129218658 396.9695129394531 719
1695129218993 420.9078369140625 720
1695129219304 391.1990966796875 721
1695129219626 404.46533203125 722
1695129219960 387.98486328125 723
1695129220293 434.9147033691406 724
1695129220606 419.064697265625 725
1695129220919 426.39544677734375 726
1695129221229 399.6246337890625 727
1695129221549 427.3426513671875 728
1695129221875 403.75811767578125 729
1695129222188 381.70758056640625 730
1695129222536 399.56060791015625 731
1695129222886 413.56658935546875 732
1695129223232 375.50433349609375 733
1695129223551 398.9755859375 734
1695129223873 428.3641662597656 735
1695129224201 374.74615478515625 736
1695129224517 408.33245849609375 737
1695129224830 382.074951171875 738
1695129225140 375.0876159667969 739
1695129225450 380.57794189453125 740
1695129225762 366.7501525878906 741
1695129226071 387.4633483886719 742
1695129226385 458.7586975097656 743
1695129226709 396.2555847167969 744
1695129227031 436.833740234375 745
1695129227344 380.31304931640625 746
1695129227665 409.8550720214844 747
1695129228001 392.0979309082031 748
1695129228311 396.29534912109375 749
1695129228623 432.7812805175781 750
1695129228934 389.6566162109375 751
1695129229245 406.9827880859375 752
1695129229572 361.8518371582031 753
1695129229894 431.7086486816406 754
1695129230208 396.00335693359375 755
1695129230532 437.21881103515625 756
1695129230843 427.92645263671875 757
1695129231158 393.6475830078125 758
1695129231472 414.08782958984375 759
1695129231801 390.3919372558594 760
1695129232129 403.9881591796875 761
1695129232449 397.01055908203125 762
1695129232767 403.1890869140625 763
1695129233080 408.1831359863281 764
1695129233391 392.61834716796875 765
1695129233701 386.5845642089844 766
1695129234009 370.599853515625 767
1695129234321 370.37213134765625 768
1695129234631 409.8880310058594 769
1695129234958 365.13543701171875 770
1695129235267 387.04351806640625 771
1695129235590 392.776611328125 772
1695129235907 378.881591796875 773
1695129236217 382.0196533203125 774
1695129236528 375.0699157714844 775
1695129236837 381.71514892578125 776
1695129237146 387.5141296386719 777
1695129237466 396.6897888183594 778
1695129237785 404.0166015625 779
1695129238108 394.5649719238281 780
1695129238427 372.8848876953125 781
1695129238743 366.1022033691406 782
1695129239055 386.174560546875 783
1695129239380 408.70062255859375 784
1695129239700 378.8785095214844 785
1695129240024 392.42340087890625 786
1695129240345 381.6231689453125 787
1695129240657 377.23614501953125 788
1695129240969 363.2946472167969 789
1695129241296 379.77716064453125 790
1695129241611 385.23858642578125 791
1695129241932 380.2810974121094 792
1695129242255 386.44183349609375 793
1695129242573 388.02728271484375 794
1695129242887 384.50872802734375 795
1695129243197 383.50189208984375 796
1695129243508 386.11602783203125 797
1695129243847 364.11553955078125 798
1695129244192 380.42669677734375 799
1695129244512 407.32366943359375 800
1695129248539 377.79296875 801
1695129248851 394.3494873046875 802
1695129249187 376.8587646484375 803
1695129249499 375.763916015625 804
1695129249821 395.05072021484375 805
1695129250137 385.0087585449219 806
1695129250460 386.6375732421875 807
1695129250784 361.51568603515625 808
1695129251096 412.34039306640625 809
1695129251407 393.4257507324219 810
1695129251745 365.96405029296875 811
1695129252084 383.7026672363281 812
1695129252423 392.5052490234375 813
1695129252761 402.42840576171875 814
1695129253072 377.8281555175781 815
1695129253380 371.5096740722656 816
1695129253689 394.42547607421875 817
1695129253999 367.2928466796875 818
1695129254309 356.7780456542969 819
1695129254650 390.105224609375 820
1695129254978 365.25262451171875 821
1695129255317 386.6588439941406 822
1695129255664 412.4354248046875 823
1695129256012 388.74822998046875 824
1695129256357 369.72503662109375 825
1695129256687 362.58477783203125 826
1695129257023 377.4283142089844 827
1695129257356 386.6024169921875 828
1695129257670 386.08892822265625 829
1695129257985 388.4953308105469 830
1695129258294 386.1441345214844 831
1695129258622 367.71112060546875 832
1695129258935 393.7879333496094 833
1695129259256 362.34893798828125 834
1695129259597 405.85662841796875 835
1695129259940 355.3241271972656 836
1695129260257 372.1487121582031 837
1695129260583 369.18524169921875 838
1695129260900 400.3421325683594 839
1695129261242 376.8713073730469 840
1695129261572 371.7669982910156 841
1695129261889 360.974853515625 842
1695129262202 377.628173828125 843
1695129262515 383.0197448730469 844
1695129262857 357.6961364746094 845
1695129263195 400.01397705078125 846
1695129263510 397.6902770996094 847
1695129263837 371.42822265625 848
1695129264182 386.95654296875 849
1695129264517 376.3843994140625 850
1695129264845 379.2536315917969 851
1695129265195 387.41668701171875 852
1695129265508 394.2302551269531 853
1695129265820 375.0479736328125 854
1695129266160 359.63677978515625 855
1695129266473 411.73199462890625 856
1695129266787 400.8426208496094 857
1695129267099 376.58404541015625 858
1695129267414 358.2126770019531 859
1695129267734 375.96435546875 860
1695129268060 402.5625 861
1695129268388 398.0713806152344 862
1695129268699 383.3076171875 863
1695129269008 368.18096923828125 864
1695129269318 365.472900390625 865
1695129269627 373.15582275390625 866
1695129269938 398.2014465332031 867
1695129270248 384.0791931152344 868
1695129270558 405.74530029296875 869
1695129270868 393.75018310546875 870
1695129271178 380.49200439453125 871
1695129271490 402.03472900390625 872
1695129271827 404.2022399902344 873
1695129272162 387.03289794921875 874
1695129272474 426.79095458984375 875
1695129272783 366.533203125 876
1695129273092 362.69720458984375 877
1695129273406 390.81915283203125 878
1695129273737 413.926025390625 879
1695129274054 361.9113464355469 880
1695129274367 377.56134033203125 881
1695129274692 360.67608642578125 882
1695129275014 413.5313720703125 883
1695129275325 376.28900146484375 884
1695129275638 359.32257080078125 885
1695129275948 390.8232421875 886
1695129276258 371.0587158203125 887
1695129276568 372.74896240234375 888
1695129276878 374.1392822265625 889
1695129277187 385.47296142578125 890
1695129277498 385.9318542480469 891
1695129277809 367.32476806640625 892
1695129278120 391.25738525390625 893
1695129278431 372.0546875 894
1695129278743 374.8847351074219 895
1695129279070 358.634765625 896
1695129279397 411.26751708984375 897
1695129279709 353.1124267578125 898
1695129280025 384.25555419921875 899
1695129280341 363.8004455566406 900
1695129284171 407.9283447265625 901
1695129284504 363.58935546875 902
1695129284840 368.52764892578125 903
1695129285157 347.74981689453125 904
1695129285482 415.21185302734375 905
1695129285825 422.91839599609375 906
1695129286152 372.9005126953125 907
1695129286470 365.15521240234375 908
1695129286804 369.0926513671875 909
1695129287140 356.4061279296875 910
1695129287480 376.53350830078125 911
1695129287828 385.929443359375 912
1695129288150 359.51361083984375 913
1695129288479 357.8187255859375 914
1695129288799 356.90557861328125 915
1695129289123 388.86285400390625 916
1695129289444 391.9554138183594 917
1695129289760 393.07012939453125 918
1695129290089 370.97528076171875 919
1695129290411 383.80145263671875 920
1695129290758 357.1900329589844 921
1695129291075 365.4420166015625 922
1695129291390 370.7100830078125 923
1695129291705 372.8814697265625 924
1695129292015 382.7841796875 925
1695129292328 372.41192626953125 926
1695129292637 385.48175048828125 927
1695129292948 361.1646728515625 928
1695129293258 380.8001403808594 929
1695129293567 399.3733215332031 930
1695129293876 363.5111083984375 931
1695129294188 349.19927978515625 932
1695129294498 394.8431091308594 933
1695129294808 369.3907470703125 934
1695129295128 390.1589050292969 935
1695129295444 418.909912109375 936
1695129295761 376.53802490234375 937
1695129296075 372.27508544921875 938
1695129296385 369.6947326660156 939
1695129296698 414.5204772949219 940
1695129297012 379.23626708984375 941
1695129297324 374.5904541015625 942
1695129297637 373.47735595703125 943
1695129297955 361.6563720703125 944
1695129298274 355.59130859375 945
1695129298597 388.3045654296875 946
1695129298931 353.4822692871094 947
1695129299255 377.34930419921875 948
1695129299579 375.167236328125 949
1695129299904 364.4647521972656 950
1695129300230 393.7203369140625 951
1695129300557 358.3326721191406 952
1695129300888 370.3981628417969 953
1695129301202 354.7442626953125 954
1695129301521 352.02056884765625 955
1695129301833 380.90753173828125 956
1695129302150 389.2877502441406 957
1695129302460 367.5931701660156 958
1695129302771 361.02093505859375 959
1695129303085 350.96514892578125 960
1695129303405 384.73394775390625 961
1695129303715 374.2135009765625 962
1695129304030 387.2763366699219 963
1695129304358 367.17486572265625 964
1695129304668 375.14093017578125 965
1695129304979 360.6032409667969 966
1695129305291 399.091064453125 967
1695129305603 393.70635986328125 968
1695129305912 377.8200988769531 969
1695129306222 361.63751220703125 970
1695129306538 361.17669677734375 971
1695129306853 370.9952392578125 972
1695129307172 363.3204345703125 973
1695129307490 366.8455810546875 974
1695129307803 385.64239501953125 975
1695129308115 390.6642150878906 976
1695129308428 370.22125244140625 977
1695129308740 362.93487548828125 978
1695129309075 361.6672058105469 979
1695129309390 374.168701171875 980
1695129309703 375.0088806152344 981
1695129310020 392.06634521484375 982
1695129310335 356.5138854980469 983
1695129310650 371.4668884277344 984
1695129310964 355.17877197265625 985
1695129311280 396.1976318359375 986
1695129311592 362.7099609375 987
1695129311905 371.04779052734375 988
1695129312216 360.7275695800781 989
1695129312527 379.2798767089844 990
1695129312841 395.4420471191406 991
1695129313152 389.76898193359375 992
1695129313462 354.7918395996094 993
1695129313774 393.37921142578125 994
1695129314084 357.5592041015625 995
1695129314396 417.8774108886719 996
1695129314707 400.014892578125 997
1695129315018 386.86474609375 998
1695129315332 372.67193603515625 999
1695129315642 371.00982666015625 1000
1695129319424 377.73687744140625 1001
1695129319744 388.49188232421875 1002
1695129320071 366.6545104980469 1003
1695129320388 397.1990966796875 1004
1695129320708 400.4124450683594 1005
1695129321029 371.98651123046875 1006
1695129321346 384.18621826171875 1007
1695129321667 345.3299865722656 1008
1695129321988 350.9505920410156 1009
1695129322303 366.0761413574219 1010
1695129322615 350.6580505371094 1011
1695129322930 354.70758056640625 1012
1695129323275 369.4737548828125 1013
1695129323616 379.976318359375 1014
1695129323955 351.2162170410156 1015
1695129324274 348.6309814453125 1016
1695129324598 390.210205078125 1017
1695129324947 392.726806640625 1018
1695129325277 401.13226318359375 1019
1695129325609 378.11419677734375 1020
1695129325934 396.9189758300781 1021
1695129326248 379.03460693359375 1022
1695129326575 366.2509765625 1023
1695129326887 375.75250244140625 1024
1695129327196 377.3760986328125 1025
1695129327506 342.1170654296875 1026
1695129327817 369.6672668457031 1027
1695129328126 364.1423034667969 1028
1695129328439 397.8553161621094 1029
1695129328766 363.0348815917969 1030
1695129329082 361.06298828125 1031
1695129329409 364.44036865234375 1032
1695129329722 341.09771728515625 1033
1695129330033 375.45513916015625 1034
1695129330363 359.15777587890625 1035
1695129330674 375.39508056640625 1036
1695129330985 371.2080383300781 1037
1695129331299 347.7781677246094 1038
1695129331611 374.1649169921875 1039
1695129331922 364.84710693359375 1040
1695129332235 369.6497497558594 1041
1695129332544 365.0986328125 1042
1695129332856 393.4239807128906 1043
1695129333165 357.2364196777344 1044
1695129333485 365.34442138671875 1045
1695129333811 371.08575439453125 1046
1695129334123 388.7281494140625 1047
1695129334432 352.1664733886719 1048
1695129334768 382.7114562988281 1049
1695129335095 359.331787109375 1050
1695129335405 388.732177734375 1051
1695129335732 353.1010437011719 1052
1695129336053 384.0634765625 1053
1695129336366 366.25958251953125 1054
1695129336675 379.1839599609375 1055
1695129336985 386.9913330078125 1056
1695129337293 376.2115783691406 1057
1695129337603 361.4727478027344 1058
1695129337912 361.1905517578125 1059
1695129338221 400.02532958984375 1060
1695129338532 336.09466552734375 1061
1695129338842 392.1951599121094 1062
1695129339153 358.1697082519531 1063
1695129339462 377.9627685546875 1064
1695129339771 362.06829833984375 1065
1695129340081 376.63519287109375 1066
1695129340391 365.97509765625 1067
1695129340704 380.89129638671875 1068
1695129341017 351.4111633300781 1069
1695129341327 382.5567626953125 1070
1695129341639 360.3653564453125 1071
1695129341949 369.3182067871094 1072
1695129342259 362.2487487792969 1073
1695129342572 359.748291015625 1074
1695129342882 376.82196044921875 1075
1695129343191 399.720458984375 1076
1695129343501 372.9873962402344 1077
1695129343811 410.71063232421875 1078
1695129344122 398.7691955566406 1079
1695129344441 393.5856018066406 1080
1695129344754 376.2792053222656 1081
1695129345089 370.48455810546875 1082
1695129345423 356.190185546875 1083
1695129345763 354.6451721191406 1084
1695129346104 341.5740661621094 1085
1695129346452 385.202880859375 1086
1695129346799 354.0157775878906 1087
1695129347122 370.989013671875 1088
1695129347470 349.70751953125 1089
1695129347784 347.73114013671875 1090
1695129348098 346.7984313964844 1091
1695129348418 370.2409362792969 1092
1695129348749 374.42779541015625 1093
1695129349060 358.140869140625 1094
1695129349370 369.5306396484375 1095
1695129349681 385.8330078125 1096
1695129349994 357.55584716796875 1097
1695129350303 363.3887023925781 1098
1695129350632 433.5893249511719 1099
1695129350941 337.58319091796875 1100
1695129354787 361.6490783691406 1101
1695129355100 351.9581604003906 1102
1695129355435 382.8121337890625 1103
1695129355759 376.39422607421875 1104
1695129356073 379.15673828125 1105
1695129356388 354.17584228515625 1106
1695129356701 350.1831359863281 1107
1695129357014 372.7418212890625 1108
1695129357325 362.82794189453125 1109
1695129357643 387.18890380859375 1110
1695129357956 357.48681640625 1111
1695129358268 376.7960205078125 1112
1695129358579 384.0731506347656 1113
1695129358896 384.2694091796875 1114
1695129359208 379.6351318359375 1115
1695129359526 380.77264404296875 1116
1695129359857 365.32977294921875 1117
1695129360199 377.15972900390625 1118
1695129360532 349.7137756347656 1119
1695129360850 370.00384521484375 1120
1695129361161 367.000244140625 1121
1695129361471 357.1578063964844 1122
1695129361786 398.05401611328125 1123
1695129362099 398.1627197265625 1124
1695129362435 362.0602111816406 1125
1695129362753 343.7521057128906 1126
1695129363096 343.84967041015625 1127
1695129363416 367.9022216796875 1128
1695129363730 353.60760498046875 1129
1695129364043 364.5017395019531 1130
1695129364356 393.358154296875 1131
1695129364668 333.0046081542969 1132
1695129364982 352.8891296386719 1133
1695129365308 374.78021240234375 1134
1695129365662 351.87689208984375 1135
1695129365993 387.44024658203125 1136
1695129366318 386.0274658203125 1137
1695129366637 341.1005554199219 1138
1695129366962 384.185546875 1139
1695129367272 346.977783203125 1140
1695129367583 384.59429931640625 1141
1695129367902 374.4253845214844 1142
1695129368218 355.30389404296875 1143
1695129368532 364.1141662597656 1144
1695129368846 345.4816589355469 1145
1695129369164 346.40997314453125 1146
1695129369481 369.97760009765625 1147
1695129369802 406.111328125 1148
1695129370111 370.5188903808594 1149
1695129370420 333.017578125 1150
1695129370731 352.05230712890625 1151
1695129371045 362.9423828125 1152
1695129371355 380.9347229003906 1153
1695129371668 365.2493896484375 1154
1695129371979 366.94183349609375 1155
1695129372305 358.62225341796875 1156
1695129372639 369.3059387207031 1157
1695129372950 351.5047302246094 1158
1695129373266 363.0387268066406 1159
1695129373583 363.80853271484375 1160
1695129373894 375.9288024902344 1161
1695129374207 364.15191650390625 1162
1695129374519 356.43975830078125 1163
1695129374829 362.10919189453125 1164
1695129375163 382.2926025390625 1165
1695129375499 365.7618408203125 1166
1695129375839 362.4267578125 1167
1695129376151 345.4408874511719 1168
1695129376460 364.7835388183594 1169
1695129376796 409.2767333984375 1170
1695129377108 386.6106262207031 1171
1695129377418 375.47906494140625 1172
1695129377728 384.772705078125 1173
1695129378039 358.406005859375 1174
1695129378353 335.62939453125 1175
1695129378662 396.1905212402344 1176
1695129378973 363.6716003417969 1177
1695129379294 375.49090576171875 1178
1695129379624 373.4410705566406 1179
1695129379936 351.703125 1180
1695129380249 369.4238586425781 1181
1695129380573 372.48883056640625 1182
1695129380899 336.99261474609375 1183
1695129381230 381.4180908203125 1184
1695129381553 351.1270751953125 1185
1695129381873 365.760498046875 1186
1695129382203 339.810302734375 1187
1695129382525 336.929931640625 1188
1695129382847 375.937255859375 1189
1695129383171 358.12884521484375 1190
1695129383482 339.3883056640625 1191
1695129383795 375.1761474609375 1192
1695129384104 337.47808837890625 1193
1695129384433 389.3245544433594 1194
1695129384745 357.2047119140625 1195
1695129385072 354.12298583984375 1196
1695129385385 387.0314025878906 1197
1695129385697 347.4465026855469 1198
1695129386010 349.23321533203125 1199
1695129386353 357.32598876953125 1200
1695129390278 391.8714599609375 1201
1695129390592 357.42523193359375 1202
1695129390926 334.4847412109375 1203
1695129391267 399.485107421875 1204
1695129391595 345.58551025390625 1205
1695129391922 329.323974609375 1206
1695129392264 332.29595947265625 1207
1695129392589 351.26385498046875 1208
1695129392918 381.6307678222656 1209
1695129393259 344.00567626953125 1210
1695129393597 369.9561767578125 1211
1695129393914 367.08184814453125 1212
1695129394256 350.6553955078125 1213
1695129394598 347.65777587890625 1214
1695129394941 364.0556335449219 1215
1695129395282 353.7519226074219 1216
1695129395624 359.8133544921875 1217
1695129395966 359.780029296875 1218
1695129396310 383.36614990234375 1219
1695129396632 366.91741943359375 1220
1695129396979 353.9150085449219 1221
1695129397323 379.5473937988281 1222
1695129397670 428.265869140625 1223
1695129398016 367.32208251953125 1224
1695129398359 361.7525329589844 1225
1695129398702 374.0501403808594 1226
1695129399035 355.2793884277344 1227
1695129399355 346.3040771484375 1228
1695129399668 341.9039306640625 1229
1695129400002 355.875732421875 1230
1695129400332 381.1842041015625 1231
1695129400675 356.7586669921875 1232
1695129401020 348.75177001953125 1233
1695129401338 340.5445556640625 1234
1695129401684 367.1116943359375 1235
1695129402026 358.84979248046875 1236
1695129402365 354.6644592285156 1237
1695129402680 381.29608154296875 1238
1695129402999 346.387939453125 1239
1695129403314 348.80072021484375 1240
1695129403630 367.1603698730469 1241
1695129403948 344.00604248046875 1242
1695129404266 369.0377502441406 1243
1695129404584 385.6745300292969 1244
1695129404901 357.1253967285156 1245
1695129405219 358.41180419921875 1246
1695129405538 372.11505126953125 1247
1695129405857 377.087158203125 1248
1695129406174 336.85552978515625 1249
1695129406490 354.409912109375 1250
1695129406802 351.7814025878906 1251
1695129407115 373.083984375 1252
1695129407429 355.85357666015625 1253
1695129407744 368.50750732421875 1254
1695129408071 392.7186279296875 1255
1695129408383 409.6698913574219 1256
1695129408695 362.38916015625 1257
1695129409005 374.7296142578125 1258
1695129409327 366.021484375 1259
1695129409669 345.1292419433594 1260
1695129409990 397.51953125 1261
1695129410342 377.16033935546875 1262
1695129410685 370.5299987792969 1263
1695129411042 372.111083984375 1264
1695129411355 365.6618347167969 1265
1695129411694 396.44903564453125 1266
1695129412011 359.5582275390625 1267
1695129412342 397.4581604003906 1268
1695129412656 386.4947204589844 1269
1695129412969 354.27099609375 1270
1695129413285 374.5002746582031 1271
1695129413618 346.94720458984375 1272
1695129413943 361.13519287109375 1273
1695129414255 363.9547424316406 1274
1695129414599 355.8663330078125 1275
1695129414938 344.8312683105469 1276
1695129415284 369.3746337890625 1277
1695129415625 380.66485595703125 1278
1695129415938 364.9276123046875 1279
1695129416254 349.7484130859375 1280
1695129416566 373.0858154296875 1281
1695129416908 352.0928955078125 1282
1695129417251 370.64068603515625 1283
1695129417579 340.10540771484375 1284
1695129417892 374.0999450683594 1285
1695129418204 375.5124816894531 1286
1695129418516 345.5169677734375 1287
1695129418826 349.84979248046875 1288
1695129419138 322.5086364746094 1289
1695129419453 354.591552734375 1290
1695129419762 333.7703857421875 1291
1695129420073 343.255859375 1292
1695129420385 358.5264892578125 1293
1695129420697 361.4896240234375 1294
1695129421009 383.4375915527344 1295
1695129421323 374.322998046875 1296
1695129421636 331.75079345703125 1297
1695129421950 357.0067138671875 1298
1695129422265 359.5471496582031 1299
1695129422577 349.5300598144531 1300
1695129426313 374.69158935546875 1301
1695129426629 365.8179626464844 1302
1695129426941 369.8804931640625 1303
1695129427253 362.7957763671875 1304
1695129427575 340.8790283203125 1305
1695129427884 399.38690185546875 1306
1695129428214 329.6162109375 1307
1695129428538 383.4354553222656 1308
1695129428875 335.6884765625 1309
1695129429221 368.48297119140625 1310
1695129429564 388.1081237792969 1311
1695129429919 347.0326232910156 1312
1695129430233 379.1512451171875 1313
1695129430573 355.1938171386719 1314
1695129430889 390.4949035644531 1315
1695129431199 347.18902587890625 1316
1695129431516 347.25628662109375 1317
1695129431825 352.9407958984375 1318
1695129432139 357.83612060546875 1319
1695129432452 356.157958984375 1320
1695129432761 384.62481689453125 1321
1695129433070 357.3503723144531 1322
1695129433380 340.6871643066406 1323
1695129433692 359.0953063964844 1324
1695129434001 336.4921875 1325
1695129434311 341.3896484375 1326
1695129434621 361.4613037109375 1327
1695129434929 359.4931640625 1328
1695129435238 341.90509033203125 1329
1695129435549 335.1670837402344 1330
1695129435860 352.35626220703125 1331
1695129436172 330.95538330078125 1332
1695129436482 339.014404296875 1333
1695129436791 334.5074462890625 1334
1695129437100 356.5594177246094 1335
1695129437410 365.4079284667969 1336
1695129437722 351.9127502441406 1337
1695129438034 339.5928039550781 1338
1695129438344 361.4841613769531 1339
1695129438655 380.4251708984375 1340
1695129438965 343.1054382324219 1341
1695129439279 352.8050537109375 1342
1695129439600 378.30914306640625 1343
1695129439910 355.0466003417969 1344
1695129440219 374.1279602050781 1345
1695129440527 346.69293212890625 1346
1695129440839 356.22198486328125 1347
1695129441148 396.37103271484375 1348
1695129441457 373.66937255859375 1349
1695129441767 339.81976318359375 1350
1695129442076 360.00689697265625 1351
1695129442385 342.956787109375 1352
1695129442695 348.47979736328125 1353
1695129443006 343.9520263671875 1354
1695129443314 358.7728271484375 1355
1695129443649 366.39483642578125 1356
1695129443970 387.5694274902344 1357
1695129444286 374.41949462890625 1358
1695129444632 336.5906982421875 1359
1695129444972 356.0624694824219 1360
1695129445288 376.21673583984375 1361
1695129445602 345.3160095214844 1362
1695129445917 368.93304443359375 1363
1695129446229 338.44232177734375 1364
1695129446541 348.83880615234375 1365
1695129446855 354.5072021484375 1366
1695129447166 353.63226318359375 1367
1695129447483 353.0914306640625 1368
1695129447793 349.5680847167969 1369
1695129448108 343.1516418457031 1370
1695129448420 334.6737976074219 1371
1695129448739 362.9453125 1372
1695129449085 335.55694580078125 1373
1695129449414 335.9426574707031 1374
1695129449738 349.3187255859375 1375
1695129450047 355.56964111328125 1376
1695129450382 373.0432434082031 1377
1695129450699 357.67559814453125 1378
1695129451011 391.7386779785156 1379
1695129451328 341.39892578125 1380
1695129451641 352.072021484375 1381
1695129451952 383.06640625 1382
1695129452268 367.66943359375 1383
1695129452581 325.9111633300781 1384
1695129452897 359.9199523925781 1385
1695129453211 343.5175476074219 1386
1695129453523 353.99163818359375 1387
1695129453836 372.4588317871094 1388
1695129454149 335.6097106933594 1389
1695129454461 344.3144226074219 1390
1695129454773 375.4267578125 1391
1695129455084 334.8895568847656 1392
1695129455394 337.3338317871094 1393
1695129455707 344.5536193847656 1394
1695129456019 356.2742919921875 1395
1695129456331 351.2572021484375 1396
1695129456643 363.9308166503906 1397
1695129456957 384.57183837890625 1398
1695129457271 375.2978515625 1399
1695129457584 339.53228759765625 1400
1695129461253 365.00164794921875 1401
1695129461566 358.380615234375 1402
1695129461878 364.8102111816406 1403
1695129462191 350.3271484375 1404
1695129462503 342.7301940917969 1405
1695129462816 338.58251953125 1406
1695129463130 351.0170593261719 1407
1695129463443 376.7831115722656 1408
1695129463759 332.4019775390625 1409
1695129464073 366.8157043457031 1410
1695129464389 363.3070068359375 1411
1695129464702 395.16949462890625 1412
1695129465017 401.9462585449219 1413
1695129465332 348.02947998046875 1414
1695129465649 342.2114562988281 1415
1695129465963 334.15045166015625 1416
1695129466277 351.0797424316406 1417
1695129466588 343.90093994140625 1418
1695129466900 332.00067138671875 1419
1695129467216 385.3051452636719 1420
1695129467527 369.49005126953125 1421
1695129467839 357.0987854003906 1422
1695129468154 375.1747131347656 1423
1695129468464 343.5648193359375 1424
1695129468776 378.81878662109375 1425
1695129469089 350.42083740234375 1426
1695129469400 336.61767578125 1427
1695129469714 365.97772216796875 1428
1695129470026 344.3704528808594 1429
1695129470347 374.77105712890625 1430
1695129470693 349.505859375 1431
1695129471034 367.4136962890625 1432
1695129471369 360.05926513671875 1433
1695129471682 371.5782775878906 1434
1695129471994 335.10955810546875 1435
1695129472309 371.68951416015625 1436
1695129472630 344.6503601074219 1437
1695129472941 366.9969482421875 1438
1695129473253 345.388427734375 1439
1695129473566 380.44073486328125 1440
1695129473878 347.7947082519531 1441
1695129474188 385.2247314453125 1442
1695129474501 363.9298095703125 1443
1695129474813 340.55267333984375 1444
1695129475129 345.7301330566406 1445
1695129475440 338.140380859375 1446
1695129475753 394.2562255859375 1447
1695129476064 370.995849609375 1448
1695129476374 393.041015625 1449
1695129476685 356.09686279296875 1450
1695129476996 335.12152099609375 1451
1695129477308 347.04345703125 1452
1695129477619 364.2935791015625 1453
1695129477928 380.7467346191406 1454
1695129478240 360.14697265625 1455
1695129478552 345.9999694824219 1456
1695129478864 356.73040771484375 1457
1695129479174 385.53680419921875 1458
1695129479488 348.954833984375 1459
1695129479805 370.34991455078125 1460
1695129480120 430.613525390625 1461
1695129480432 336.84454345703125 1462
1695129480744 352.15264892578125 1463
1695129481058 350.90093994140625 1464
1695129481370 336.3450927734375 1465
1695129481682 336.157470703125 1466
1695129481998 351.74127197265625 1467
1695129482311 354.96429443359375 1468
1695129482625 342.83184814453125 1469
1695129482938 360.2358093261719 1470
1695129483251 347.940185546875 1471
1695129483566 356.8689880371094 1472
1695129483879 352.52166748046875 1473
1695129484189 356.37469482421875 1474
1695129484502 350.4377136230469 1475
1695129484814 345.78887939453125 1476
1695129485128 343.0757751464844 1477
1695129485443 336.97552490234375 1478
1695129485755 377.6290283203125 1479
1695129486064 344.5318298339844 1480
1695129486377 357.989501953125 1481
1695129486694 343.84027099609375 1482
1695129487012 352.88360595703125 1483
1695129487324 341.35906982421875 1484
1695129487634 331.7417907714844 1485
1695129487945 361.2207946777344 1486
1695129488258 359.59686279296875 1487
1695129488570 348.41998291015625 1488
1695129488879 351.8883972167969 1489
1695129489189 368.482421875 1490
1695129489502 374.97369384765625 1491
1695129489814 348.0144958496094 1492
1695129490126 362.28302001953125 1493
1695129490436 347.63946533203125 1494
1695129490748 342.971923828125 1495
1695129491060 339.67724609375 1496
1695129491373 337.4691162109375 1497
1695129491687 324.98321533203125 1498
1695129491999 334.8028564453125 1499
1695129492312 331.424072265625 1500
1695129496059 356.6062927246094 1501
1695129496392 336.6269836425781 1502
1695129496736 351.0133056640625 1503
1695129497078 340.3658447265625 1504
1695129497390 352.3336181640625 1505
1695129497706 336.4871826171875 1506
1695129498033 375.28240966796875 1507
1695129498351 339.67242431640625 1508
1695129498690 352.9288024902344 1509
1695129499026 343.1476745605469 1510
1695129499367 342.12591552734375 1511
1695129499712 362.78582763671875 1512
1695129500072 333.93487548828125 1513
1695129500411 335.4883117675781 1514
1695129500761 334.782470703125 1515
1695129501093 327.62896728515625 1516
1695129501426 352.1618957519531 1517
1695129501741 347.8858337402344 1518
1695129502058 339.55938720703125 1519
1695129502376 374.9962158203125 1520
1695129502689 353.8479919433594 1521
1695129503004 347.862548828125 1522
1695129503316 333.21343994140625 1523
1695129503631 351.004638671875 1524
1695129503967 329.5899963378906 1525
1695129504281 351.2947998046875 1526
1695129504595 329.9908752441406 1527
1695129504905 317.52020263671875 1528
1695129505218 368.86175537109375 1529
1695129505530 335.5111083984375 1530
1695129505840 358.04803466796875 1531
1695129506150 329.8354797363281 1532
1695129506458 340.13983154296875 1533
1695129506768 330.65411376953125 1534
1695129507077 357.7713317871094 1535
1695129507386 353.2010498046875 1536
1695129507695 330.6895751953125 1537
1695129508004 346.5794677734375 1538
1695129508314 334.60211181640625 1539
1695129508626 343.50836181640625 1540
1695129508936 352.07073974609375 1541
1695129509245 349.001953125 1542
1695129509555 341.0322570800781 1543
1695129509865 382.1115417480469 1544
1695129510175 345.0138854980469 1545
1695129510498 347.71612548828125 1546
1695129510809 346.689697265625 1547
1695129511116 359.859375 1548
1695129511425 366.37701416015625 1549
1695129511733 340.61236572265625 1550
1695129512044 333.7145080566406 1551
1695129512353 335.4039611816406 1552
1695129512663 345.17877197265625 1553
1695129512972 329.83538818359375 1554
1695129513282 354.020263671875 1555
1695129513592 344.07086181640625 1556
1695129513900 372.92156982421875 1557
1695129514209 332.2269287109375 1558
1695129514518 360.8863525390625 1559
1695129514826 341.2179870605469 1560
1695129515135 358.1583251953125 1561
1695129515445 346.4873046875 1562
1695129515754 334.07672119140625 1563
1695129516062 334.8215026855469 1564
1695129516373 349.947509765625 1565
1695129516681 339.351318359375 1566
1695129516990 342.6365051269531 1567
1695129517300 354.578369140625 1568
1695129517610 360.4566650390625 1569
1695129517919 347.9440612792969 1570
1695129518233 349.43304443359375 1571
1695129518542 337.8616638183594 1572
1695129518849 345.8901672363281 1573
1695129519158 359.889404296875 1574
1695129519467 373.5938415527344 1575
1695129519776 348.5789794921875 1576
1695129520085 349.5152587890625 1577
1695129520407 332.31982421875 1578
1695129520718 353.2290954589844 1579
1695129521027 328.9742126464844 1580
1695129521340 349.75836181640625 1581
1695129521650 354.4508056640625 1582
1695129521961 352.0928649902344 1583
1695129522269 368.193603515625 1584
1695129522578 335.4150390625 1585
1695129522886 342.129150390625 1586
1695129523194 365.2026672363281 1587
1695129523502 340.47625732421875 1588
1695129523811 350.3100280761719 1589
1695129524123 327.18499755859375 1590
1695129524433 345.29315185546875 1591
1695129524744 352.9676513671875 1592
1695129525052 360.17755126953125 1593
1695129525362 353.1535339355469 1594
1695129525671 355.93511962890625 1595
1695129525980 344.72979736328125 1596
1695129526289 413.6524658203125 1597
1695129526598 334.5973815917969 1598
1695129526910 374.9127197265625 1599
1695129527220 307.8682556152344 1600
1695129530996 366.48297119140625 1601
1695129531312 365.651611328125 1602
1695129531621 375.1033935546875 1603
1695129531930 340.49102783203125 1604
1695129532239 339.8211669921875 1605
1695129532549 357.9472961425781 1606
1695129532860 346.2607421875 1607
1695129533168 324.723388671875 1608
1695129533480 319.7763671875 1609
1695129533790 352.29278564453125 1610
1695129534102 370.270751953125 1611
1695129534414 346.12384033203125 1612
1695129534726 326.793701171875 1613
1695129535037 369.97747802734375 1614
1695129535348 346.0108642578125 1615
1695129535659 342.453857421875 1616
1695129535968 348.108154296875 1617
1695129536280 357.02532958984375 1618
1695129536590 355.36285400390625 1619
1695129536900 373.052734375 1620
1695129537209 352.9080505371094 1621
1695129537518 356.3873596191406 1622
1695129537828 328.92431640625 1623
1695129538137 328.5094909667969 1624
1695129538450 338.7716369628906 1625
1695129538758 361.85955810546875 1626
1695129539067 331.37139892578125 1627
1695129539375 328.20306396484375 1628
1695129539683 348.0157470703125 1629
1695129539994 336.812255859375 1630
1695129540318 344.6494140625 1631
1695129540627 319.064453125 1632
1695129540937 323.7017517089844 1633
1695129541252 354.0346984863281 1634
1695129541563 339.05621337890625 1635
1695129541874 339.2884521484375 1636
1695129542184 373.2640380859375 1637
1695129542494 357.1577453613281 1638
1695129542804 343.1414794921875 1639
1695129543115 359.681396484375 1640
1695129543423 376.087158203125 1641
1695129543731 335.59429931640625 1642
1695129544039 351.57489013671875 1643
1695129544347 334.4253234863281 1644
1695129544656 363.944580078125 1645
1695129544964 363.27783203125 1646
1695129545274 333.517333984375 1647
1695129545587 363.7529296875 1648
1695129545896 327.6331787109375 1649
1695129546209 359.11199951171875 1650
1695129546518 333.52862548828125 1651
1695129546827 328.2110595703125 1652
1695129547139 356.2166442871094 1653
1695129547453 354.305419921875 1654
1695129547765 340.1029968261719 1655
1695129548074 334.7564392089844 1656
1695129548383 355.3539733886719 1657
1695129548695 358.4385681152344 1658
1695129549005 349.3727722167969 1659
1695129549315 343.42364501953125 1660
1695129549629 325.7992858886719 1661
1695129549937 326.64874267578125 1662
1695129550256 333.6440734863281 1663
1695129550569 364.89764404296875 1664
1695129550908 334.31011962890625 1665
1695129551218 334.1493835449219 1666
1695129551530 346.19158935546875 1667
1695129551841 339.68878173828125 1668
1695129552150 355.81292724609375 1669
1695129552462 323.57672119140625 1670
1695129552772 360.9451904296875 1671
1695129553081 382.6276550292969 1672
1695129553390 368.82623291015625 1673
1695129553699 348.9742431640625 1674
1695129554008 357.42987060546875 1675
1695129554317 324.58917236328125 1676
1695129554626 332.3042907714844 1677
1695129554935 340.751708984375 1678
1695129555245 345.18878173828125 1679
1695129555562 352.068115234375 1680
1695129555873 339.61810302734375 1681
1695129556184 364.10223388671875 1682
1695129556495 330.81964111328125 1683
1695129556805 326.5140380859375 1684
1695129557117 331.5242614746094 1685
1695129557429 338.98101806640625 1686
1695129557742 328.5264892578125 1687
1695129558058 334.21728515625 1688
1695129558371 338.2864074707031 1689
1695129558682 360.7548828125 1690
1695129558993 353.1536560058594 1691
1695129559306 325.91009521484375 1692
1695129559616 376.6017761230469 1693
1695129559925 346.58642578125 1694
1695129560245 364.867919921875 1695
1695129560559 348.9100646972656 1696
1695129560869 347.4602966308594 1697
1695129561180 345.2812805175781 1698
1695129561490 357.3768310546875 1699
1695129561802 334.7315979003906 1700
1695129565460 322.5082092285156 1701
1695129565774 353.94317626953125 1702
1695129566084 337.0658264160156 1703
1695129566396 357.360107421875 1704
1695129566710 340.9684143066406 1705
1695129567021 331.89080810546875 1706
1695129567332 345.520751953125 1707
1695129567641 344.61834716796875 1708
1695129567952 327.392822265625 1709
1695129568262 347.013916015625 1710
1695129568572 350.16217041015625 1711
1695129568885 327.09661865234375 1712
1695129569195 350.95904541015625 1713
1695129569505 336.84429931640625 1714
1695129569817 340.49273681640625 1715
1695129570125 345.3441162109375 1716
1695129570447 346.8818359375 1717
1695129570756 369.71295166015625 1718
1695129571064 324.3218994140625 1719
1695129571372 334.5677795410156 1720
1695129571681 344.9887390136719 1721
1695129571989 324.2337646484375 1722
1695129572297 353.75567626953125 1723
1695129572605 352.5326843261719 1724
1695129572917 340.16619873046875 1725
1695129573227 355.2743225097656 1726
1695129573539 352.7375183105469 1727
1695129573848 325.3724670410156 1728
1695129574158 326.01116943359375 1729
1695129574467 333.18798828125 1730
1695129574776 345.09814453125 1731
1695129575088 327.6539306640625 1732
1695129575399 332.0626220703125 1733
1695129575712 302.31353759765625 1734
1695129576026 318.3691101074219 1735
1695129576337 369.19775390625 1736
1695129576648 330.3264465332031 1737
1695129576960 353.38055419921875 1738
1695129577269 340.5552978515625 1739
1695129577582 307.4464416503906 1740
1695129577892 322.1513977050781 1741
1695129578201 342.0066833496094 1742
1695129578513 342.2060241699219 1743
1695129578822 369.33660888671875 1744
1695129579132 346.3749084472656 1745
1695129579442 343.6839599609375 1746
1695129579751 345.38153076171875 1747
1695129580062 340.8580627441406 1748
1695129580384 357.7550354003906 1749
1695129580694 336.37969970703125 1750
1695129581003 341.7630615234375 1751
1695129581313 373.71527099609375 1752
1695129581624 321.5968017578125 1753
1695129581938 344.71826171875 1754
1695129582248 330.1724853515625 1755
1695129582558 323.6827087402344 1756
1695129582867 357.54571533203125 1757
1695129583177 332.04620361328125 1758
1695129583491 338.872314453125 1759
1695129583801 354.80517578125 1760
1695129584113 346.2240295410156 1761
1695129584427 346.41229248046875 1762
1695129584738 350.38116455078125 1763
1695129585049 341.7201232910156 1764
1695129585360 329.17572021484375 1765
1695129585671 343.01025390625 1766
1695129585980 345.3824462890625 1767
1695129586293 345.1977844238281 1768
1695129586604 357.30010986328125 1769
1695129586914 335.8702087402344 1770
1695129587223 356.052001953125 1771
1695129587533 345.4737243652344 1772
1695129587842 367.88458251953125 1773
1695129588150 402.50189208984375 1774
1695129588459 371.1952819824219 1775
1695129588768 336.1414794921875 1776
1695129589077 324.24505615234375 1777
1695129589386 344.43914794921875 1778
1695129589695 367.8079833984375 1779
1695129590004 369.48809814453125 1780
1695129590324 339.2772216796875 1781
1695129590633 354.7959899902344 1782
1695129590942 334.8686218261719 1783
1695129591251 358.04986572265625 1784
1695129591563 355.6404724121094 1785
1695129591875 363.55377197265625 1786
1695129592186 335.0247802734375 1787
1695129592495 354.3112487792969 1788
1695129592804 325.7541198730469 1789
1695129593113 330.7672119140625 1790
1695129593422 337.6905212402344 1791
1695129593732 348.4975280761719 1792
1695129594040 361.2812194824219 1793
1695129594350 324.24029541015625 1794
1695129594660 343.9918212890625 1795
1695129594970 358.7244873046875 1796
1695129595285 328.03875732421875 1797
1695129595601 374.0766296386719 1798
1695129595912 367.7983703613281 1799
1695129596222 368.453857421875 1800
1695129599892 367.86663818359375 1801
1695129600226 321.821533203125 1802
1695129600540 341.7062072753906 1803
1695129600850 329.21563720703125 1804
1695129601159 342.5223388671875 1805
1695129601467 338.58441162109375 1806
1695129601775 355.4632873535156 1807
1695129602083 339.14825439453125 1808
1695129602392 330.90582275390625 1809
1695129602699 326.1004333496094 1810
1695129603007 364.67047119140625 1811
1695129603320 354.91998291015625 1812
1695129603632 333.9511413574219 1813
1695129603941 367.2565002441406 1814
1695129604252 364.53570556640625 1815
1695129604562 343.7449035644531 1816
1695129604873 332.1103210449219 1817
1695129605183 373.18597412109375 1818
1695129605493 346.5517272949219 1819
1695129605803 329.11407470703125 1820
1695129606112 313.880126953125 1821
1695129606421 344.1007995605469 1822
1695129606732 360.4840087890625 1823
1695129607042 360.3046569824219 1824
1695129607350 339.289306640625 1825
1695129607659 322.728271484375 1826
1695129607968 362.029296875 1827
1695129608276 371.1764831542969 1828
1695129608585 341.98388671875 1829
1695129608899 355.59326171875 1830
1695129609213 319.64288330078125 1831
1695129609523 337.61376953125 1832
1695129609833 339.25140380859375 1833
1695129610143 367.35162353515625 1834
1695129610472 345.3216857910156 1835
1695129610782 357.9310607910156 1836
1695129611093 371.54248046875 1837
1695129611404 332.911376953125 1838
1695129611718 358.61407470703125 1839
1695129612030 324.92645263671875 1840
1695129612338 352.73162841796875 1841
1695129612646 334.3426818847656 1842
1695129612956 319.62579345703125 1843
1695129613266 349.0218505859375 1844
1695129613576 324.93817138671875 1845
1695129613886 329.27301025390625 1846
1695129614197 334.3983459472656 1847
1695129614507 345.5145568847656 1848
1695129614815 336.3098449707031 1849
1695129615124 348.81207275390625 1850
1695129615438 331.75665283203125 1851
1695129615748 355.4786376953125 1852
1695129616060 344.42633056640625 1853
1695129616368 334.0987548828125 1854
1695129616678 351.56353759765625 1855
1695129616987 337.057861328125 1856
1695129617300 356.2969665527344 1857
1695129617610 333.49285888671875 1858
1695129617921 347.8092041015625 1859
1695129618230 342.9622497558594 1860
1695129618539 352.1476135253906 1861
1695129618848 345.22418212890625 1862
1695129619159 337.77850341796875 1863
1695129619471 356.1770935058594 1864
1695129619782 350.9775390625 1865
1695129620092 334.80206298828125 1866
1695129620410 366.1807861328125 1867
1695129620719 335.90625 1868
1695129621029 351.6492919921875 1869
1695129621339 336.2731628417969 1870
1695129621649 335.03985595703125 1871
1695129621958 324.3504943847656 1872
1695129622266 348.41558837890625 1873
1695129622576 343.8118896484375 1874
1695129622887 363.3279113769531 1875
1695129623196 345.9123229980469 1876
1695129623504 350.9591979980469 1877
1695129623815 308.4154052734375 1878
1695129624128 357.758544921875 1879
1695129624440 365.20440673828125 1880
1695129624751 348.9293518066406 1881
1695129625064 376.1650390625 1882
1695129625375 348.14678955078125 1883
1695129625688 368.40948486328125 1884
1695129625997 331.4444274902344 1885
1695129626306 324.9058837890625 1886
1695129626614 348.4306640625 1887
1695129626925 347.97296142578125 1888
1695129627234 348.8704833984375 1889
1695129627544 331.51385498046875 1890
1695129627854 336.5381774902344 1891
1695129628163 348.5287170410156 1892
1695129628473 339.05218505859375 1893
1695129628786 345.32269287109375 1894
1695129629094 345.0699157714844 1895
1695129629407 337.88336181640625 1896
1695129629717 348.7220458984375 1897
1695129630028 351.0951843261719 1898
1695129630349 334.58154296875 1899
1695129630658 367.728271484375 1900
1695129634281 344.77459716796875 1901
1695129634606 334.0477600097656 1902
1695129634919 341.9145812988281 1903
1695129635228 317.2952575683594 1904
1695129635536 340.8340759277344 1905
1695129635845 366.6002197265625 1906
1695129636154 322.3191223144531 1907
1695129636464 344.5694580078125 1908
1695129636772 368.4150390625 1909
1695129637083 330.566650390625 1910
1695129637391 354.1328125 1911
1695129637704 311.18060302734375 1912
1695129638013 345.88916015625 1913
1695129638323 387.75469970703125 1914
1695129638634 370.7615661621094 1915
1695129638944 340.982177734375 1916
1695129639254 332.07421875 1917
1695129639563 351.3320617675781 1918
1695129639872 325.79736328125 1919
1695129640186 329.13458251953125 1920
1695129640500 350.09100341796875 1921
1695129640810 370.71051025390625 1922
1695129641121 345.2398986816406 1923
1695129641431 352.2632141113281 1924
1695129641741 364.6563720703125 1925
1695129642053 390.44830322265625 1926
1695129642362 328.86163330078125 1927
1695129642677 324.28271484375 1928
1695129642987 331.969970703125 1929
1695129643297 354.72412109375 1930
1695129643606 327.9246520996094 1931
1695129643915 359.44366455078125 1932
1695129644227 341.06561279296875 1933
1695129644536 365.10723876953125 1934
1695129644844 327.2383117675781 1935
1695129645153 326.7764892578125 1936
1695129645465 352.06671142578125 1937
1695129645776 334.21295166015625 1938
1695129646086 344.62713623046875 1939
1695129646395 344.9867858886719 1940
1695129646704 349.23309326171875 1941
1695129647014 341.37310791015625 1942
1695129647327 370.0269775390625 1943
1695129647638 356.24530029296875 1944
1695129647947 353.91546630859375 1945
1695129648262 305.5467834472656 1946
1695129648571 338.49951171875 1947
1695129648880 356.139404296875 1948
1695129649189 351.61639404296875 1949
1695129649497 351.44622802734375 1950
1695129649805 330.76580810546875 1951
1695129650117 351.5579528808594 1952
1695129650439 336.9510803222656 1953
1695129650750 313.421142578125 1954
1695129651061 358.07952880859375 1955
1695129651373 345.2031555175781 1956
1695129651681 324.4171447753906 1957
1695129651989 305.4501037597656 1958
1695129652298 355.3681640625 1959
1695129652608 326.1759948730469 1960
1695129652915 332.55987548828125 1961
1695129653223 350.10113525390625 1962
1695129653532 347.4204406738281 1963
1695129653840 349.94110107421875 1964
1695129654148 321.2960205078125 1965
1695129654460 359.6137390136719 1966
1695129654769 339.36248779296875 1967
1695129655078 347.19000244140625 1968
1695129655388 334.7195129394531 1969
1695129655697 342.60931396484375 1970
1695129656006 331.7327880859375 1971
1695129656321 340.1195068359375 1972
1695129656632 343.2589416503906 1973
1695129656945 349.9678039550781 1974
1695129657254 315.51080322265625 1975
1695129657566 321.34246826171875 1976
1695129657874 350.3128967285156 1977
1695129658183 334.656494140625 1978
1695129658491 335.5464782714844 1979
1695129658800 336.77276611328125 1980
1695129659108 359.0074462890625 1981
1695129659423 340.4862365722656 1982
1695129659734 347.7929992675781 1983
1695129660044 326.2249755859375 1984
1695129660368 337.70294189453125 1985
1695129660678 336.23052978515625 1986
1695129660990 329.6763610839844 1987
1695129661299 335.1169128417969 1988
1695129661610 329.6956787109375 1989
1695129661922 350.6734313964844 1990
1695129662233 332.26190185546875 1991
1695129662542 335.4731750488281 1992
1695129662855 329.9112548828125 1993
1695129663165 334.176025390625 1994
1695129663474 329.1219482421875 1995
1695129663783 349.05377197265625 1996
1695129664113 326.70599365234375 1997
1695129664440 326.630615234375 1998
1695129664749 363.1838073730469 1999
1695129665084 354.24700927734375 2000
1695129669008 319.23699951171875 2001
1695129669320 338.74212646484375 2002
1695129669629 351.16729736328125 2003
1695129669940 320.08148193359375 2004
1695129670249 348.15087890625 2005
1695129670559 326.270263671875 2006
1695129670869 349.2003173828125 2007
1695129671179 357.2316589355469 2008
1695129671488 353.2122497558594 2009
1695129671797 340.26708984375 2010
1695129672106 310.3873291015625 2011
1695129672416 328.4212341308594 2012
1695129672726 330.55120849609375 2013
1695129673071 319.43402099609375 2014
1695129673392 347.92529296875 2015
1695129673708 345.0140075683594 2016
1695129674021 348.4898376464844 2017
1695129674335 318.1849670410156 2018
1695129674647 316.6895446777344 2019
1695129674958 356.857421875 2020
1695129675270 319.947265625 2021
1695129675582 333.9883728027344 2022
1695129675896 332.14141845703125 2023
1695129676208 320.4383239746094 2024
1695129676526 341.98126220703125 2025
1695129676838 326.2951965332031 2026
1695129677150 320.228271484375 2027
1695129677461 329.72198486328125 2028
1695129677796 355.7140808105469 2029
1695129678123 322.4926452636719 2030
1695129678446 332.3577575683594 2031
1695129678756 324.7257995605469 2032
1695129679065 353.63580322265625 2033
1695129679378 336.2140197753906 2034
1695129679687 339.7394104003906 2035
1695129679997 357.958984375 2036
1695129680306 321.1501770019531 2037
1695129680616 376.1982116699219 2038
1695129680925 344.0834045410156 2039
1695129681234 353.8013916015625 2040
1695129681554 343.1960754394531 2041
1695129681895 355.96954345703125 2042
1695129682218 349.74810791015625 2043
1695129682531 335.07281494140625 2044
1695129682842 362.3875732421875 2045
1695129683152 340.4859619140625 2046
1695129683462 329.11712646484375 2047
1695129683772 379.49591064453125 2048
1695129684082 340.04266357421875 2049
1695129684393 338.4222412109375 2050
1695129684707 366.5623779296875 2051
1695129685049 335.5940246582031 2052
1695129685391 352.142333984375 2053
1695129685703 330.405029296875 2054
1695129686013 329.92724609375 2055
1695129686322 330.2908935546875 2056
1695129686641 331.0715637207031 2057
1695129686962 343.04620361328125 2058
1695129687284 340.52813720703125 2059
1695129687598 327.63336181640625 2060
1695129687910 340.46490478515625 2061
1695129688225 320.8760070800781 2062
1695129688538 358.9567565917969 2063
1695129688850 312.63568115234375 2064
1695129689161 324.2552490234375 2065
1695129689474 359.8967590332031 2066
1695129689786 359.49090576171875 2067
1695129690098 360.358642578125 2068
1695129690410 324.77410888671875 2069
1695129690721 319.272216796875 2070
1695129691034 332.4550476074219 2071
1695129691345 316.2029724121094 2072
1695129691657 361.30224609375 2073
1695129691971 325.87115478515625 2074
1695129692285 354.2696533203125 2075
1695129692596 339.6290283203125 2076
1695129692908 335.6142883300781 2077
1695129693219 321.251953125 2078
1695129693531 326.1515197753906 2079
1695129693842 320.30194091796875 2080
1695129694153 324.32574462890625 2081
1695129694465 314.64892578125 2082
1695129694777 348.64111328125 2083
1695129695088 339.64666748046875 2084
1695129695398 342.7454833984375 2085
1695129695710 318.4667053222656 2086
1695129696021 337.36663818359375 2087
1695129696333 347.56805419921875 2088
1695129696643 318.91583251953125 2089
1695129696953 338.76080322265625 2090
1695129697265 316.6879577636719 2091
1695129697576 357.31854248046875 2092
1695129697888 327.8829040527344 2093
1695129698198 324.7197570800781 2094
1695129698509 384.28485107421875 2095
1695129698824 345.47930908203125 2096
1695129699136 352.20941162109375 2097
1695129699449 332.4161376953125 2098
1695129699761 344.3720703125 2099
1695129700073 368.4361267089844 2100
1695129704040 340.32427978515625 2101
1695129704351 328.0516357421875 2102
1695129704667 332.6555480957031 2103
1695129705019 367.2802429199219 2104
1695129705367 336.88446044921875 2105
1695129705705 329.9845886230469 2106
1695129706050 336.939453125 2107
1695129706398 328.9012451171875 2108
1695129706742 340.91259765625 2109
1695129707080 325.7677307128906 2110
1695129707404 325.044677734375 2111
1695129707741 321.35015869140625 2112
1695129708061 337.60626220703125 2113
1695129708374 359.0713806152344 2114
1695129708684 352.2581787109375 2115
1695129709016 319.4666442871094 2116
1695129709325 324.91937255859375 2117
1695129709636 325.0936584472656 2118
1695129709948 336.35150146484375 2119
1695129710258 361.03900146484375 2120
1695129710568 344.80291748046875 2121
1695129710881 329.93756103515625 2122
1695129711192 306.78607177734375 2123
1695129711502 337.6041259765625 2124
1695129711815 324.091796875 2125
1695129712125 336.0227355957031 2126
1695129712434 305.369384765625 2127
1695129712745 329.33575439453125 2128
1695129713055 308.33660888671875 2129
1695129713365 331.8987121582031 2130
1695129713674 333.85772705078125 2131
1695129713985 321.98797607421875 2132
1695129714299 327.7232666015625 2133
1695129714608 347.7152404785156 2134
1695129714918 366.75299072265625 2135
1695129715229 347.1192321777344 2136
1695129715539 343.10919189453125 2137
1695129715851 349.2938232421875 2138
1695129716159 355.1251220703125 2139
1695129716472 319.7802734375 2140
1695129716789 312.6793212890625 2141
1695129717099 336.8934020996094 2142
1695129717433 323.0240478515625 2143
1695129717762 333.62066650390625 2144
1695129718075 355.10125732421875 2145
1695129718389 344.04766845703125 2146
1695129718703 356.4116516113281 2147
1695129719016 352.1570129394531 2148
1695129719329 328.57373046875 2149
1695129719643 355.25152587890625 2150
1695129719956 331.0392761230469 2151
1695129720268 339.80841064453125 2152
1695129720581 350.25543212890625 2153
1695129720892 334.61993408203125 2154
1695129721204 320.6571350097656 2155
1695129721516 349.05145263671875 2156
1695129721830 330.4611511230469 2157
1695129722144 330.0177917480469 2158
1695129722457 336.6976623535156 2159
1695129722807 320.41845703125 2160
1695129723139 339.56207275390625 2161
1695129723454 357.86761474609375 2162
1695129723762 347.45166015625 2163
1695129724072 342.1259765625 2164
1695129724414 338.7222900390625 2165
1695129724735 337.8111572265625 2166
1695129725069 324.23223876953125 2167
1695129725408 329.0289611816406 2168
1695129725753 328.86334228515625 2169
1695129726098 323.3855895996094 2170
1695129726414 324.1412048339844 2171
1695129726738 320.10107421875 2172
1695129727047 337.0194091796875 2173
1695129727384 328.16119384765625 2174
1695129727727 324.64984130859375 2175
1695129728068 339.14422607421875 2176
1695129728410 331.9599609375 2177
1695129728756 325.90594482421875 2178
1695129729096 329.8609619140625 2179
1695129729424 350.629150390625 2180
1695129729735 344.7412414550781 2181
1695129730059 349.0670166015625 2182
1695129730371 309.57000732421875 2183
1695129730686 339.5751953125 2184
1695129731003 322.46710205078125 2185
1695129731315 329.66497802734375 2186
1695129731628 307.8011169433594 2187
1695129731941 326.882568359375 2188
1695129732253 340.7793884277344 2189
1695129732569 338.98590087890625 2190
1695129732880 305.3616027832031 2191
1695129733193 346.21600341796875 2192
1695129733505 361.7687072753906 2193
1695129733816 332.8614501953125 2194
1695129734132 328.589599609375 2195
1695129734449 309.09063720703125 2196
1695129734770 338.47406005859375 2197
1695129735088 354.5467224121094 2198
1695129735399 326.5850830078125 2199
1695129735715 326.59002685546875 2200
1695129739490 336.9219665527344 2201
1695129739801 335.4558410644531 2202
1695129740115 307.7131042480469 2203
1695129740460 356.3040466308594 2204
1695129740773 336.0074157714844 2205
1695129741086 344.410400390625 2206
1695129741405 314.33477783203125 2207
1695129741719 363.050537109375 2208
1695129742033 357.26507568359375 2209
1695129742350 342.61810302734375 2210
1695129742664 332.33551025390625 2211
1695129743004 312.594970703125 2212
1695129743345 316.5269775390625 2213
1695129743694 330.17529296875 2214
1695129744037 289.2994384765625 2215
1695129744383 330.5496826171875 2216
1695129744735 343.45855712890625 2217
1695129745081 339.4040832519531 2218
1695129745418 328.5382385253906 2219
1695129745728 325.8474426269531 2220
1695129746044 391.19525146484375 2221
1695129746361 320.1002197265625 2222
1695129746697 354.4139404296875 2223
1695129747010 349.0713806152344 2224
1695129747319 317.4085693359375 2225
1695129747649 349.83642578125 2226
1695129747987 336.59112548828125 2227
1695129748305 302.55157470703125 2228
1695129748618 334.7608642578125 2229
1695129748933 312.2380676269531 2230
1695129749245 331.2294921875 2231
1695129749558 315.11627197265625 2232
1695129749870 344.5792236328125 2233
1695129750214 344.6241760253906 2234
1695129750551 323.6632080078125 2235
1695129750868 324.318603515625 2236
1695129751180 339.0252990722656 2237
1695129751489 329.670166015625 2238
1695129751798 353.8026428222656 2239
1695129752108 328.23065185546875 2240
1695129752420 330.25787353515625 2241
1695129752728 314.42730712890625 2242
1695129753037 318.569091796875 2243
1695129753345 339.04779052734375 2244
1695129753669 347.62738037109375 2245
1695129754001 357.6134948730469 2246
1695129754319 356.570068359375 2247
1695129754630 333.0821533203125 2248
1695129754945 349.74908447265625 2249
1695129755263 381.529296875 2250
1695129755579 336.26123046875 2251
1695129755894 338.38482666015625 2252
1695129756219 312.96441650390625 2253
1695129756541 358.3774719238281 2254
1695129756872 353.5211486816406 2255
1695129757190 319.9713439941406 2256
1695129757504 344.0940856933594 2257
1695129757817 347.498291015625 2258
1695129758129 342.86834716796875 2259
1695129758440 305.40643310546875 2260
1695129758751 345.5027770996094 2261
1695129759068 345.15594482421875 2262
1695129759415 332.37628173828125 2263
1695129759748 345.87823486328125 2264
1695129760060 325.9676513671875 2265
1695129760375 329.5248718261719 2266
1695129760687 313.6087951660156 2267
1695129760998 303.8409423828125 2268
1695129761309 323.9944152832031 2269
1695129761642 338.8063049316406 2270
1695129761970 345.3429260253906 2271
1695129762311 319.3525390625 2272
1695129762628 331.9244079589844 2273
1695129762944 345.6905212402344 2274
1695129763257 338.320556640625 2275
1695129763568 319.51763916015625 2276
1695129763880 314.85626220703125 2277
1695129764195 321.968017578125 2278
1695129764510 313.8731689453125 2279
1695129764824 335.6862487792969 2280
1695129765135 315.8623352050781 2281
1695129765447 313.90625 2282
1695129765761 334.27313232421875 2283
1695129766073 361.30224609375 2284
1695129766386 355.962890625 2285
1695129766698 339.3345947265625 2286
1695129767012 313.94189453125 2287
1695129767326 329.45355224609375 2288
1695129767639 324.00439453125 2289
1695129767952 333.48919677734375 2290
1695129768269 329.7177734375 2291
1695129768584 348.4513244628906 2292
1695129768897 356.3723449707031 2293
1695129769209 333.776123046875 2294
1695129769524 339.25592041015625 2295
1695129769835 341.1730041503906 2296
1695129770147 366.77264404296875 2297
1695129770460 344.96417236328125 2298
1695129770772 311.76483154296875 2299
1695129771085 347.1268310546875 2300
1695129774855 367.1103515625 2301
1695129775176 329.54022216796875 2302
1695129775489 340.04376220703125 2303
1695129775800 328.0643005371094 2304
1695129776114 343.26654052734375 2305
1695129776454 317.697021484375 2306
1695129776798 327.811279296875 2307
1695129777122 338.7428894042969 2308
1695129777449 325.3946533203125 2309
1695129777782 352.3523864746094 2310
1695129778112 332.2648010253906 2311
1695129778453 366.0204772949219 2312
1695129778770 352.36749267578125 2313
1695129779099 333.43017578125 2314
1695129779450 304.11859130859375 2315
1695129779785 334.84259033203125 2316
1695129780133 310.0256042480469 2317
1695129780462 356.31671142578125 2318
1695129780789 317.0947570800781 2319
1695129781100 348.7701416015625 2320
1695129781435 325.2804870605469 2321
1695129781750 324.1706237792969 2322
1695129782066 323.08349609375 2323
1695129782376 305.8629150390625 2324
1695129782685 343.234375 2325
1695129782999 328.3040771484375 2326
1695129783310 324.8499450683594 2327
1695129783622 338.7223815917969 2328
1695129783931 322.80413818359375 2329
1695129784242 316.8303527832031 2330
1695129784556 351.2001037597656 2331
1695129784866 334.85052490234375 2332
1695129785178 331.104248046875 2333
1695129785486 329.7611083984375 2334
1695129785795 316.4317626953125 2335
1695129786105 341.91180419921875 2336
1695129786414 349.3859558105469 2337
1695129786724 319.349609375 2338
1695129787032 332.5470886230469 2339
1695129787340 339.3617248535156 2340
1695129787651 346.4102783203125 2341
1695129787964 335.5687255859375 2342
1695129788306 347.2037353515625 2343
1695129788621 318.3649597167969 2344
1695129788933 353.871826171875 2345
1695129789251 339.6556396484375 2346
1695129789590 327.54034423828125 2347
1695129789929 317.41845703125 2348
1695129790248 330.7731018066406 2349
1695129790563 351.03680419921875 2350
1695129790876 322.58685302734375 2351
1695129791188 340.0200500488281 2352
1695129791502 338.8238220214844 2353
1695129791826 348.2557373046875 2354
1695129792138 325.15966796875 2355
1695129792449 343.6473083496094 2356
1695129792760 313.77593994140625 2357
1695129793071 346.11614990234375 2358
1695129793382 323.3173522949219 2359
1695129793693 324.13690185546875 2360
1695129794002 322.995849609375 2361
