1694797086401 2250.49853515625 0
1694797086739 1691.2889404296875 1
1694797087069 3316.521484375 2
1694797087383 2158.218994140625 3
1694797087711 2739.302001953125 4
1694797088037 2235.54248046875 5
1694797088360 2119.34619140625 6
1694797088696 1901.99072265625 7
1694797089018 2348.151611328125 8
1694797089347 2073.356689453125 9
1694797089673 4551.69482421875 10
1694797090000 2163.545166015625 11
1694797090318 2247.86376953125 12
1694797090643 2327.306884765625 13
1694797090994 2302.90625 14
1694797091350 2212.428466796875 15
1694797091704 2337.779052734375 16
1694797092069 2032.05615234375 17
1694797092413 2505.126953125 18
1694797092745 2114.79248046875 19
1694797093093 2256.39697265625 20
1694797093444 2200.439697265625 21
1694797093779 2215.9912109375 22
1694797094109 2016.450439453125 23
1694797094449 2148.85791015625 24
1694797094777 2163.789794921875 25
1694797095103 2175.510009765625 26
1694797095423 2183.772705078125 27
1694797095748 2145.800537109375 28
1694797096091 2150.475830078125 29
1694797096424 2153.357177734375 30
1694797096768 2128.75732421875 31
1694797097102 2114.82177734375 32
1694797097438 2122.39404296875 33
1694797097782 2224.795654296875 34
1694797098123 2143.447021484375 35
1694797098464 2133.315673828125 36
1694797098829 2116.970458984375 37
1694797099179 2121.699462890625 38
1694797099525 2117.95751953125 39
1694797099879 2140.027587890625 40
1694797100218 2115.013671875 41
1694797100558 2150.4384765625 42
1694797100899 2109.71875 43
1694797101238 2118.270751953125 44
1694797101577 2119.315185546875 45
1694797101930 2118.637939453125 46
1694797102255 2127.8427734375 47
1694797102597 2061.29052734375 48
1694797102925 2116.675537109375 49
1694797103269 2141.68798828125 50
1694797103590 2162.938232421875 51
1694797103915 2131.68505859375 52
1694797104237 2151.081298828125 53
1694797104561 2115.0556640625 54
1694797104886 2137.74169921875 55
1694797105212 2128.59033203125 56
1694797105528 2149.384033203125 57
1694797105850 2130.819091796875 58
1694797106175 2115.006591796875 59
1694797106496 2164.012451171875 60
1694797106819 2133.648681640625 61
1694797107145 2114.8330078125 62
1694797107471 2118.416748046875 63
1694797107818 2160.150390625 64
1694797108170 2127.472900390625 65
1694797108499 2063.25732421875 66
1694797108830 2108.8076171875 67
1694797109156 2108.119384765625 68
1694797109476 2105.7509765625 69
1694797109805 2122.2744140625 70
1694797110130 2112.50390625 71
1694797110462 2121.611328125 72
1694797110789 2139.61181640625 73
1694797111112 2123.533447265625 74
1694797111439 2106.7685546875 75
1694797111766 2105.43212890625 76
1694797112115 2127.87158203125 77
1694797112440 2104.781005859375 78
1694797112769 2197.378662109375 79
1694797113106 2108.349609375 80
1694797113449 2146.1728515625 81
1694797113773 2117.232421875 82
1694797114099 2109.347900390625 83
1694797114429 2461.140380859375 84
1694797114759 2157.369140625 85
1694797115081 3791.050537109375 86
1694797115405 2157.9140625 87
1694797115725 2129.215576171875 88
1694797116061 2163.82861328125 89
1694797116386 2135.203369140625 90
1694797116711 2147.12353515625 91
1694797117038 2130.324951171875 92
1694797117369 2149.9765625 93
1694797117701 2209.20068359375 94
1694797118023 17226.525390625 95
1694797118352 2215.394775390625 96
1694797118679 1879.5570068359375 97
1694797119020 2207.775390625 98
1694797119349 2239.746337890625 99
1694797119687 1877.721435546875 100
1694797120009 2422.986083984375 101
1694797120352 2217.506103515625 102
1694797120708 2159.85107421875 103
1694797121037 2156.30810546875 104
