1695117344325 2201.741455078125 0
1695117348089 2232.2939453125 1
1695117348261 2190.900634765625 2
1695117348446 2139.676025390625 3
1695117348632 1994.876708984375 4
1695117348806 2161.85791015625 5
1695117348992 2024.343505859375 6
1695117349174 2025.75 7
1695117349348 2048.822265625 8
1695117349545 1946.6446533203125 9
1695117349741 2038.1822509765625 10
1695117349926 1889.393310546875 11
1695117350111 1967.9967041015625 12
1695117350286 1884.058349609375 13
1695117350476 1927.5328369140625 14
1695117350671 1850.7864990234375 15
1695117350850 1872.135498046875 16
1695117351035 1707.376220703125 17
1695117351214 1851.1478271484375 18
1695117351393 1758.665771484375 19
1695117351581 1727.1434326171875 20
1695117351779 1743.113037109375 21
1695117351966 1621.6729736328125 22
1695117352143 1655.178466796875 23
1695117352319 1665.9130859375 24
1695117352505 1693.0311279296875 25
1695117352690 1651.3463134765625 26
1695117352874 1679.51611328125 27
1695117353051 1625.5831298828125 28
1695117353227 1668.481201171875 29
1695117353404 1669.9034423828125 30
1695117353579 1647.4022216796875 31
1695117353755 1534.3709716796875 32
1695117353932 1578.498046875 33
1695117354104 1550.28759765625 34
1695117354278 1527.9686279296875 35
1695117354452 1554.81005859375 36
1695117354640 1728.901123046875 37
1695117354818 1503.54248046875 38
1695117354990 1574.2237548828125 39
1695117355173 1541.853515625 40
1695117355359 1472.3385009765625 41
1695117355543 1500.313720703125 42
1695117355728 1499.7232666015625 43
1695117355920 1494.47998046875 44
1695117356115 1464.2764892578125 45
1695117356292 1479.4306640625 46
1695117356467 1435.806396484375 47
1695117356640 1460.34716796875 48
1695117356813 1375.560791015625 49
1695117356994 1347.7667236328125 50
1695117357179 1401.3179931640625 51
1695117357350 1399.9622802734375 52
1695117357537 1411.99267578125 53
1695117357710 1419.9781494140625 54
1695117357882 1259.461669921875 55
1695117358055 1303.044189453125 56
1695117358230 1369.60693359375 57
1695117358403 1360.939453125 58
1695117358574 1394.31591796875 59
1695117358745 1343.7208251953125 60
1695117358917 1280.7882080078125 61
1695117359090 1281.7537841796875 62
1695117359263 1283.3304443359375 63
1695117359437 1252.48291015625 64
1695117359618 1300.6199951171875 65
1695117359792 1249.1375732421875 66
1695117359964 1308.349365234375 67
1695117360137 1256.369873046875 68
1695117360311 1276.735107421875 69
1695117360483 1276.3544921875 70
1695117360657 1256.10546875 71
1695117360830 1244.28271484375 72
1695117361002 1253.274169921875 73
1695117361183 1274.322265625 74
1695117361358 1139.1417236328125 75
1695117361538 1152.3818359375 76
1695117361714 1112.587646484375 77
1695117361891 1224.600830078125 78
1695117362082 1333.508544921875 79
1695117362258 1212.3963623046875 80
1695117362434 1196.432861328125 81
1695117362608 1225.123046875 82
1695117362782 1311.7188720703125 83
1695117362955 1210.556396484375 84
1695117363129 1152.6787109375 85
1695117363303 1169.624267578125 86
1695117363480 1066.7845458984375 87
1695117363653 1098.465087890625 88
1695117363827 1125.322265625 89
1695117364001 1154.148193359375 90
1695117364175 1206.53955078125 91
1695117364349 1093.38671875 92
1695117364524 1139.56640625 93
1695117364698 1172.8236083984375 94
1695117364887 1110.0576171875 95
1695117365070 1123.6962890625 96
1695117365252 1121.1077880859375 97
1695117365432 1111.807373046875 98
1695117365607 1175.216064453125 99
1695117365779 1060.16552734375 100
1695117369527 1049.60498046875 101
1695117369713 1151.042236328125 102
1695117369887 1094.353271484375 103
1695117370060 1153.9207763671875 104
1695117370233 1058.074951171875 105
1695117370409 1095.384521484375 106
1695117370585 1116.460693359375 107
1695117370760 1115.7166748046875 108
1695117370932 1099.9609375 109
1695117371104 1061.62060546875 110
1695117371277 1075.4410400390625 111
1695117371464 1150.353515625 112
1695117371661 1039.74365234375 113
1695117371856 1059.3758544921875 114
1695117372034 1017.9525756835938 115
1695117372214 1023.5263671875 116
1695117372402 1154.5263671875 117
1695117372589 1062.6385498046875 118
1695117372776 1104.807861328125 119
1695117372966 1051.30908203125 120
1695117373157 1018.4481811523438 121
1695117373349 1021.307373046875 122
1695117373537 1095.7119140625 123
1695117373733 997.1888427734375 124
1695117373907 1046.988037109375 125
1695117374078 1044.0 126
1695117374265 955.9195556640625 127
1695117374450 1045.78515625 128
1695117374623 1071.8974609375 129
1695117374803 1056.0810546875 130
1695117374988 946.2898559570312 131
1695117375167 1000.86328125 132
1695117375341 943.380126953125 133
1695117375516 949.2064208984375 134
1695117375689 1042.126220703125 135
1695117375862 987.9093017578125 136
1695117376039 960.02294921875 137
1695117376214 979.32177734375 138
1695117376399 1000.86279296875 139
1695117376587 987.59130859375 140
1695117376765 998.7484130859375 141
1695117376939 1049.68115234375 142
1695117377113 1131.762939453125 143
1695117377284 960.7927856445312 144
1695117377457 991.6614379882812 145
1695117377630 961.7344360351562 146
1695117377804 945.1492309570312 147
1695117377977 961.984130859375 148
1695117378151 1128.7486572265625 149
1695117378324 967.7076416015625 150
1695117378498 928.1258544921875 151
1695117378671 987.2799072265625 152
1695117378854 963.2911376953125 153
1695117379043 908.8936157226562 154
1695117379231 954.6634521484375 155
1695117379417 922.11767578125 156
1695117379604 984.7952880859375 157
1695117379778 942.1493530273438 158
1695117379951 989.3244018554688 159
1695117380125 954.5777587890625 160
1695117380298 942.974365234375 161
1695117380471 975.691162109375 162
1695117380645 1013.9677124023438 163
1695117380818 942.4730834960938 164
1695117380991 896.7109985351562 165
1695117381164 920.947021484375 166
1695117381336 1056.5262451171875 167
1695117381508 932.9523315429688 168
1695117381679 995.25390625 169
1695117381852 952.0771484375 170
1695117382026 895.1480712890625 171
1695117382199 879.3346557617188 172
1695117382373 895.7106323242188 173
1695117382545 946.3232421875 174
1695117382717 916.2139282226562 175
1695117382888 911.7191772460938 176
1695117383061 956.1724243164062 177
1695117383235 937.7684326171875 178
1695117383416 914.9903564453125 179
1695117383589 893.7219848632812 180
1695117383761 853.639404296875 181
1695117383933 873.7726440429688 182
1695117384106 941.1763916015625 183
1695117384281 932.880615234375 184
1695117384454 867.195068359375 185
1695117384627 861.0732421875 186
1695117384801 869.67626953125 187
1695117384974 840.9520874023438 188
1695117385148 911.85986328125 189
1695117385322 1016.6535034179688 190
1695117385496 863.8751220703125 191
1695117385670 906.151611328125 192
1695117385843 987.485595703125 193
1695117386015 950.3695678710938 194
1695117386187 944.9808349609375 195
1695117386360 874.09765625 196
1695117386534 888.3614501953125 197
1695117386707 912.493408203125 198
1695117386880 906.1070556640625 199
1695117387053 924.02490234375 200
1695117390624 826.0764770507812 201
1695117390799 900.317138671875 202
1695117390973 852.51171875 203
1695117391148 937.029541015625 204
1695117391319 807.865966796875 205
1695117391492 849.77490234375 206
1695117391666 908.267333984375 207
1695117391839 849.345703125 208
1695117392012 872.3363037109375 209
1695117392186 868.2103271484375 210
1695117392361 877.9955444335938 211
1695117392535 863.0037231445312 212
1695117392709 881.6715087890625 213
1695117392892 902.9140625 214
1695117393065 813.31591796875 215
1695117393238 906.094482421875 216
1695117393420 853.2095947265625 217
1695117393594 891.3350830078125 218
1695117393769 859.9078369140625 219
1695117393942 825.24462890625 220
1695117394116 867.4110107421875 221
1695117394289 810.671875 222
1695117394462 850.2548828125 223
1695117394634 860.01318359375 224
1695117394807 927.6160888671875 225
1695117394978 841.8927612304688 226
1695117395151 840.6354370117188 227
1695117395325 861.9578857421875 228
1695117395500 846.8779296875 229
1695117395673 796.433837890625 230
1695117395847 901.1407470703125 231
1695117396019 848.5501098632812 232
1695117396193 797.1434936523438 233
1695117396366 908.4815673828125 234
1695117396538 812.7242431640625 235
1695117396711 799.3209228515625 236
1695117396885 893.0486450195312 237
1695117397066 929.8208618164062 238
1695117397252 810.2259521484375 239
1695117397428 888.5623168945312 240
1695117397602 778.2147216796875 241
1695117397781 825.2523193359375 242
1695117397956 803.1460571289062 243
1695117398129 842.6766357421875 244
1695117398306 790.311767578125 245
1695117398478 753.505859375 246
1695117398651 910.4659423828125 247
1695117398828 877.2845458984375 248
1695117399000 806.0113525390625 249
1695117399174 807.4979858398438 250
1695117399348 852.90185546875 251
1695117399523 889.4769287109375 252
1695117399698 818.417724609375 253
1695117399872 830.3768920898438 254
1695117400045 879.215087890625 255
1695117400219 878.3659057617188 256
1695117400395 842.0418701171875 257
1695117400568 820.9630737304688 258
1695117400742 794.9871826171875 259
1695117400915 782.3353271484375 260
1695117401089 781.6536865234375 261
1695117401264 747.6463012695312 262
1695117401438 793.9894409179688 263
1695117401611 803.15234375 264
1695117401785 812.9306640625 265
1695117401959 803.5181884765625 266
1695117402134 811.4223022460938 267
1695117402307 782.0072021484375 268
1695117402481 844.7582397460938 269
1695117402655 821.6439208984375 270
1695117402830 772.7841186523438 271
1695117403004 856.1514892578125 272
1695117403178 803.5694580078125 273
1695117403364 765.706298828125 274
1695117403538 812.7108154296875 275
1695117403725 797.9447631835938 276
1695117403913 782.8389892578125 277
1695117404085 780.0216674804688 278
1695117404265 842.033447265625 279
1695117404460 806.2063598632812 280
1695117404646 785.2620239257812 281
1695117404835 809.2958374023438 282
1695117405022 760.1556396484375 283
1695117405211 877.0031127929688 284
1695117405398 733.7528686523438 285
1695117405585 763.544677734375 286
1695117405772 867.444091796875 287
1695117405953 801.134521484375 288
1695117406139 819.6298217773438 289
1695117406332 707.5120849609375 290
1695117406525 698.5928955078125 291
1695117406713 787.8780517578125 292
1695117406903 749.6548461914062 293
1695117407098 752.578369140625 294
1695117407277 816.6808471679688 295
1695117407451 809.2029418945312 296
1695117407637 788.3233642578125 297
1695117407823 771.43310546875 298
1695117407996 813.4776000976562 299
1695117408170 716.1931762695312 300
1695117411819 751.4283447265625 301
1695117411993 805.6434326171875 302
1695117412186 770.96435546875 303
1695117412363 782.4521484375 304
1695117412538 740.4267578125 305
1695117412714 836.5963134765625 306
1695117412891 744.5805053710938 307
1695117413065 779.1416625976562 308
1695117413250 768.587646484375 309
1695117413439 777.275146484375 310
1695117413618 738.1182861328125 311
1695117413792 744.5872802734375 312
1695117413965 822.9412841796875 313
1695117414141 794.8690795898438 314
1695117414328 748.3316650390625 315
1695117414510 759.6888427734375 316
1695117414686 811.9794311523438 317
1695117414861 755.2838134765625 318
1695117415036 777.305419921875 319
1695117415211 881.7225341796875 320
1695117415385 737.52685546875 321
1695117415567 740.1561279296875 322
1695117415758 743.9029541015625 323
1695117415940 774.436279296875 324
1695117416118 733.87890625 325
1695117416291 776.2403564453125 326
1695117416466 760.74853515625 327
1695117416639 759.0933837890625 328
1695117416813 740.7892456054688 329
1695117416987 791.3441162109375 330
1695117417162 738.6917114257812 331
1695117417351 730.2747802734375 332
1695117417534 804.409423828125 333
1695117417709 716.829345703125 334
1695117417883 724.7294921875 335
1695117418058 827.4000244140625 336
1695117418237 778.6795654296875 337
1695117418410 766.579345703125 338
1695117418584 720.2926635742188 339
1695117418758 700.8731689453125 340
1695117418931 791.2967529296875 341
1695117419105 753.9326171875 342
1695117419278 749.866943359375 343
1695117419452 754.3392333984375 344
1695117419626 729.4832763671875 345
1695117419799 762.8261108398438 346
1695117419972 805.4022216796875 347
1695117420144 745.3955078125 348
1695117420317 741.2113037109375 349
1695117420490 744.4240112304688 350
1695117420662 829.2225341796875 351
1695117420835 700.0301513671875 352
1695117421019 753.4862060546875 353
1695117421207 773.0552978515625 354
1695117421381 702.26611328125 355
1695117421555 712.0703125 356
1695117421747 697.2974243164062 357
1695117421928 750.8731689453125 358
1695117422100 726.68017578125 359
1695117422277 777.352783203125 360
1695117422452 818.1810913085938 361
1695117422624 737.5554809570312 362
1695117422799 716.6639404296875 363
1695117422980 705.0421752929688 364
1695117423157 762.3163452148438 365
1695117423338 715.827880859375 366
1695117423511 846.32421875 367
1695117423684 705.1212768554688 368
1695117423857 721.9303588867188 369
1695117424042 771.573974609375 370
1695117424230 788.92724609375 371
1695117424414 773.0883178710938 372
1695117424596 751.5416259765625 373
1695117424774 824.2335205078125 374
1695117424961 693.4075927734375 375
1695117425140 749.8585205078125 376
1695117425314 715.39111328125 377
1695117425487 747.9913330078125 378
1695117425661 749.2783203125 379
1695117425834 737.4302368164062 380
1695117426008 725.690185546875 381
1695117426183 723.04248046875 382
1695117426357 715.742431640625 383
1695117426531 869.7572021484375 384
1695117426704 729.2071533203125 385
1695117426878 706.2889404296875 386
1695117427052 730.5550537109375 387
1695117427225 754.1776733398438 388
1695117427398 743.621337890625 389
1695117427569 796.2696533203125 390
1695117427743 712.3096923828125 391
1695117427918 772.205078125 392
1695117428091 759.2677612304688 393
1695117428264 815.3037719726562 394
1695117428437 717.7054443359375 395
1695117428609 736.0010986328125 396
1695117428783 729.4666748046875 397
1695117428956 733.456298828125 398
1695117429130 696.4755249023438 399
1695117429309 718.461181640625 400
1695117432811 752.2957763671875 401
1695117432983 688.025146484375 402
1695117433156 771.4135131835938 403
1695117433340 784.2609252929688 404
1695117433513 776.8125 405
1695117433687 715.1072998046875 406
1695117433860 792.352783203125 407
1695117434033 729.1365356445312 408
1695117434206 720.942138671875 409
1695117434379 723.69873046875 410
1695117434551 762.4653930664062 411
1695117434724 752.1278076171875 412
1695117434897 739.8796997070312 413
1695117435070 765.60546875 414
1695117435244 783.1109619140625 415
1695117435418 721.647216796875 416
1695117435591 721.6812744140625 417
1695117435765 760.097900390625 418
1695117435938 805.5496826171875 419
1695117436110 706.72900390625 420
1695117436284 705.0545654296875 421
1695117436458 741.734619140625 422
1695117436631 792.2346801757812 423
1695117436804 756.9581909179688 424
1695117436976 727.1715698242188 425
1695117437149 709.3720092773438 426
1695117437322 755.535400390625 427
1695117437496 686.2562255859375 428
1695117437670 725.686767578125 429
1695117437845 767.7999877929688 430
1695117438019 755.744384765625 431
1695117438193 738.7763671875 432
1695117438367 742.9906616210938 433
1695117438540 673.2545166015625 434
1695117438715 704.6104736328125 435
1695117438888 733.3433227539062 436
1695117439063 748.0223999023438 437
1695117439236 699.9356079101562 438
1695117439411 734.4559936523438 439
1695117439584 721.104248046875 440
1695117439757 741.1791381835938 441
1695117439930 770.915283203125 442
1695117440103 687.4439697265625 443
1695117440276 687.0035400390625 444
1695117440450 632.2638549804688 445
1695117440623 682.5519409179688 446
1695117440796 748.0188598632812 447
1695117440969 708.3231201171875 448
1695117441142 729.3882446289062 449
1695117441316 698.1156005859375 450
1695117441490 744.3497314453125 451
1695117441663 706.3451538085938 452
1695117441837 706.044677734375 453
1695117442009 682.7804565429688 454
1695117442181 705.5997314453125 455
1695117442356 693.6463623046875 456
1695117442529 713.7666015625 457
1695117442701 710.80712890625 458
1695117442875 692.0478515625 459
1695117443048 689.8221435546875 460
1695117443222 656.9124755859375 461
1695117443406 676.2464599609375 462
1695117443579 689.7459716796875 463
1695117443751 664.6498413085938 464
1695117443924 653.28564453125 465
1695117444097 690.1203002929688 466
1695117444271 752.838134765625 467
1695117444443 676.5274658203125 468
1695117444617 746.600830078125 469
1695117444790 708.5380859375 470
1695117444964 664.07958984375 471
1695117445139 675.7337036132812 472
1695117445313 689.1309814453125 473
1695117445486 722.9080810546875 474
1695117445659 706.98974609375 475
1695117445833 719.45703125 476
1695117446006 676.07421875 477
1695117446179 656.0377807617188 478
1695117446351 678.3491821289062 479
1695117446525 712.3594970703125 480
1695117446698 766.2029418945312 481
1695117446870 715.628662109375 482
1695117447044 733.7403564453125 483
1695117447217 685.8316650390625 484
1695117447391 666.95947265625 485
1695117447564 743.7830200195312 486
1695117447738 743.9747924804688 487
1695117447912 732.0224609375 488
1695117448086 764.7550048828125 489
1695117448260 683.420166015625 490
1695117448433 713.062255859375 491
1695117448607 704.6408081054688 492
1695117448779 708.3399658203125 493
1695117448951 736.2161865234375 494
1695117449125 686.6434326171875 495
1695117449299 680.4033203125 496
1695117449473 697.06591796875 497
1695117449646 642.5216064453125 498
1695117449818 687.161865234375 499
1695117449992 710.1153564453125 500
1695117453627 659.2434692382812 501
1695117453799 772.6326293945312 502
1695117453972 670.4434814453125 503
1695117454146 664.895751953125 504
1695117454319 729.66748046875 505
1695117454493 643.4069213867188 506
1695117454666 774.7692260742188 507
1695117454840 670.7008056640625 508
1695117455012 660.6019287109375 509
1695117455184 712.9751586914062 510
1695117455358 621.1082763671875 511
1695117455532 694.66162109375 512
1695117455703 685.4750366210938 513
1695117455877 701.126953125 514
1695117456051 684.5250854492188 515
1695117456224 680.5979614257812 516
1695117456398 699.380126953125 517
1695117456571 683.1034545898438 518
1695117456745 680.9951782226562 519
1695117456920 678.21435546875 520
1695117457093 659.775390625 521
1695117457267 745.00390625 522
1695117457441 668.66162109375 523
1695117457614 710.964111328125 524
1695117457787 643.4389038085938 525
1695117457959 683.897216796875 526
1695117458133 722.0882568359375 527
1695117458304 683.5875244140625 528
1695117458477 651.999755859375 529
1695117458652 617.4154052734375 530
1695117458825 656.032958984375 531
1695117458998 705.8577880859375 532
1695117459172 668.3274536132812 533
1695117459345 603.3897705078125 534
1695117459518 670.1871948242188 535
1695117459692 723.095703125 536
1695117459864 696.7046508789062 537
1695117460036 672.5028076171875 538
1695117460210 660.3521728515625 539
1695117460382 642.30078125 540
1695117460555 741.74072265625 541
1695117460729 694.3731079101562 542
1695117460904 703.8221435546875 543
1695117461078 640.270751953125 544
1695117461251 662.8817749023438 545
1695117461425 666.2010498046875 546
1695117461599 666.7479858398438 547
1695117461773 716.4703369140625 548
1695117461946 708.8214111328125 549
1695117462120 715.9248657226562 550
1695117462294 680.5533447265625 551
1695117462467 682.920166015625 552
1695117462642 655.743408203125 553
1695117462817 641.9691772460938 554
1695117462991 685.9814453125 555
1695117463166 682.4461669921875 556
1695117463349 676.7793579101562 557
1695117463522 679.2271118164062 558
1695117463697 716.8594970703125 559
1695117463870 752.283447265625 560
1695117464044 656.3199462890625 561
1695117464219 646.1502685546875 562
1695117464392 711.742919921875 563
1695117464565 689.2445678710938 564
1695117464737 630.0977172851562 565
1695117464912 648.927001953125 566
1695117465086 690.6611938476562 567
1695117465259 717.97900390625 568
1695117465432 672.4342041015625 569
1695117465605 620.515380859375 570
1695117465779 696.0408325195312 571
1695117465953 688.2510986328125 572
1695117466125 644.8596801757812 573
1695117466297 635.9151000976562 574
1695117466469 708.6500244140625 575
1695117466640 681.9655151367188 576
1695117466813 693.0379638671875 577
1695117466987 709.2551879882812 578
1695117467160 618.34521484375 579
1695117467333 686.5631103515625 580
1695117467506 627.9774780273438 581
1695117467679 706.165771484375 582
1695117467852 640.8464965820312 583
1695117468024 648.12060546875 584
1695117468196 665.0261840820312 585
1695117468369 642.9732055664062 586
1695117468543 701.47705078125 587
1695117468716 679.1552734375 588
1695117468890 683.5872802734375 589
1695117469064 638.4925537109375 590
1695117469237 642.3853149414062 591
1695117469410 673.7803955078125 592
1695117469583 631.1982421875 593
1695117469755 664.6005859375 594
1695117469928 655.1446533203125 595
1695117470100 669.7870483398438 596
1695117470273 697.5867919921875 597
1695117470446 662.76806640625 598
1695117470619 710.2811279296875 599
1695117470793 674.1967163085938 600
1695117474337 669.5772705078125 601
1695117474511 682.8778076171875 602
1695117474686 640.244873046875 603
1695117474859 707.28564453125 604
1695117475033 680.3292846679688 605
1695117475208 659.20751953125 606
1695117475382 645.956298828125 607
1695117475554 708.4085693359375 608
1695117475728 649.7723999023438 609
1695117475902 689.9027709960938 610
1695117476076 610.161376953125 611
1695117476251 733.54443359375 612
1695117476425 648.6757202148438 613
1695117476598 651.0590209960938 614
1695117476772 620.7164916992188 615
1695117476946 682.0652465820312 616
1695117477120 638.7667236328125 617
1695117477293 655.478271484375 618
1695117477467 695.931396484375 619
1695117477639 655.2577514648438 620
1695117477812 692.9722290039062 621
1695117477986 652.299560546875 622
1695117478160 723.3572998046875 623
1695117478334 641.85009765625 624
1695117478506 729.1551513671875 625
1695117478678 635.337158203125 626
1695117478852 626.6487426757812 627
1695117479025 641.715576171875 628
1695117479200 624.1035766601562 629
1695117479374 606.825439453125 630
1695117479547 669.4905395507812 631
1695117479721 645.1696166992188 632
1695117479894 651.9527587890625 633
1695117480067 589.1182250976562 634
1695117480240 687.10107421875 635
1695117480413 639.2403564453125 636
1695117480586 673.8849487304688 637
1695117480758 691.050537109375 638
1695117480931 659.9622802734375 639
1695117481104 638.0639038085938 640
1695117481278 606.8137817382812 641
1695117481452 642.7338256835938 642
1695117481625 663.812744140625 643
1695117481799 675.8533935546875 644
1695117481972 642.5458374023438 645
1695117482145 678.975341796875 646
1695117482318 652.1351318359375 647
1695117482490 744.957763671875 648
1695117482662 635.595947265625 649
1695117482835 643.604736328125 650
1695117483010 691.2814331054688 651
1695117483182 673.2640991210938 652
1695117483367 663.3519287109375 653
1695117483540 649.8486328125 654
1695117483713 640.2310791015625 655
1695117483887 617.619384765625 656
1695117484061 643.074462890625 657
1695117484233 643.848388671875 658
1695117484405 679.8284912109375 659
1695117484580 621.5623779296875 660
1695117484752 627.8531494140625 661
1695117484926 623.9790649414062 662
1695117485099 653.2625122070312 663
1695117485272 629.8162841796875 664
1695117485445 703.097412109375 665
1695117485618 661.4906005859375 666
1695117485791 620.6151123046875 667
1695117485963 630.1304931640625 668
1695117486135 646.2125244140625 669
1695117486307 666.920166015625 670
1695117486480 631.0230712890625 671
1695117486654 646.546142578125 672
1695117486827 669.4013671875 673
1695117487000 663.2479248046875 674
1695117487174 682.28173828125 675
1695117487348 660.6929931640625 676
1695117487520 612.7688598632812 677
1695117487692 657.93310546875 678
1695117487866 634.208251953125 679
1695117488039 677.9658203125 680
1695117488213 621.6934814453125 681
1695117488385 633.6956787109375 682
1695117488560 647.1810913085938 683
1695117488732 588.6038818359375 684
1695117488906 712.27978515625 685
1695117489081 620.2769775390625 686
1695117489254 663.0958251953125 687
1695117489428 585.5775756835938 688
1695117489601 614.65283203125 689
1695117489775 639.4192504882812 690
1695117489949 622.2960815429688 691
1695117490122 617.13427734375 692
1695117490296 664.391845703125 693
1695117490470 633.9611206054688 694
1695117490643 600.9544677734375 695
1695117490815 668.9937744140625 696
1695117490989 658.6807861328125 697
1695117491162 600.7112426757812 698
1695117491334 664.0960083007812 699
1695117491507 594.036376953125 700
1695117495048 643.9559936523438 701
1695117495220 626.5032348632812 702
1695117495394 611.5628662109375 703
1695117495567 631.9580078125 704
1695117495740 657.4967041015625 705
1695117495914 676.824951171875 706
1695117496087 706.9989624023438 707
1695117496260 617.170166015625 708
1695117496438 749.0992431640625 709
1695117496625 615.61083984375 710
1695117496815 628.0364990234375 711
1695117496999 636.312255859375 712
1695117497174 691.6439819335938 713
1695117497350 610.6712036132812 714
1695117497526 675.7789306640625 715
1695117497701 604.2520751953125 716
1695117497874 626.3018798828125 717
1695117498049 659.3170166015625 718
1695117498227 615.8295288085938 719
1695117498405 604.740478515625 720
1695117498581 616.0152587890625 721
1695117498755 657.7041625976562 722
1695117498931 625.934326171875 723
1695117499106 627.8844604492188 724
1695117499285 628.5430908203125 725
1695117499460 639.9415283203125 726
1695117499636 613.8082275390625 727
1695117499810 634.4144897460938 728
1695117499983 656.8261108398438 729
1695117500157 602.475341796875 730
1695117500329 594.5704956054688 731
1695117500502 635.6668701171875 732
1695117500678 694.808349609375 733
1695117500851 599.8165893554688 734
1695117501024 646.8728637695312 735
1695117501198 627.945068359375 736
1695117501372 671.18115234375 737
1695117501545 583.8821411132812 738
1695117501719 642.198974609375 739
1695117501893 600.0179443359375 740
1695117502067 649.7030029296875 741
1695117502240 624.6942138671875 742
1695117502414 632.9375 743
1695117502585 650.0838623046875 744
1695117502759 623.9810791015625 745
1695117502932 647.7849731445312 746
1695117503104 608.4996948242188 747
1695117503281 654.9302978515625 748
1695117503460 646.630859375 749
1695117503636 622.6187133789062 750
1695117503810 601.237548828125 751
1695117503983 600.0624389648438 752
1695117504155 630.716552734375 753
1695117504327 594.6224365234375 754
1695117504501 620.270751953125 755
1695117504673 594.9406127929688 756
1695117504845 621.227294921875 757
1695117505021 590.5704956054688 758
1695117505194 600.8964233398438 759
1695117505371 661.1299438476562 760
1695117505559 590.2577514648438 761
1695117505743 655.0570068359375 762
1695117505917 598.3927001953125 763
1695117506092 601.8948974609375 764
1695117506268 652.8626098632812 765
1695117506440 634.0537109375 766
1695117506614 678.5007934570312 767
1695117506788 618.2730102539062 768
1695117506961 598.4385986328125 769
1695117507135 595.667724609375 770
1695117507310 642.1005859375 771
1695117507484 582.420654296875 772
1695117507657 611.229736328125 773
1695117507830 614.366943359375 774
1695117508004 622.3286743164062 775
1695117508176 569.3004150390625 776
1695117508348 609.5006103515625 777
1695117508527 575.30078125 778
1695117508724 604.4395751953125 779
1695117508909 607.0068359375 780
1695117509087 692.3367919921875 781
1695117509270 638.4273071289062 782
1695117509448 629.56005859375 783
1695117509626 621.8887329101562 784
1695117509804 598.9630126953125 785
1695117509984 601.8318481445312 786
1695117510174 632.1134033203125 787
1695117510352 659.5994873046875 788
1695117510527 610.7940063476562 789
1695117510704 580.5565185546875 790
1695117510879 624.8914794921875 791
1695117511054 619.0694580078125 792
1695117511228 642.6475830078125 793
1695117511403 569.1444091796875 794
1695117511577 677.131103515625 795
1695117511767 638.374267578125 796
1695117511960 588.9830322265625 797
1695117512152 642.9210815429688 798
1695117512343 591.8106689453125 799
1695117512533 727.6115112304688 800
1695117516460 665.463134765625 801
1695117516635 639.9615478515625 802
1695117516811 606.7993774414062 803
1695117516987 645.182861328125 804
1695117517163 611.143798828125 805
1695117517341 579.9635009765625 806
1695117517518 609.9525756835938 807
1695117517694 616.43115234375 808
1695117517870 595.8468017578125 809
1695117518047 684.2599487304688 810
1695117518225 595.27734375 811
1695117518400 631.1690673828125 812
1695117518576 608.4474487304688 813
1695117518752 639.9817504882812 814
1695117518928 675.17578125 815
1695117519104 655.6174926757812 816
1695117519280 629.5164794921875 817
1695117519457 593.6522827148438 818
1695117519647 617.229248046875 819
1695117519820 595.4679565429688 820
1695117519999 580.0722045898438 821
1695117520175 633.6194458007812 822
1695117520350 638.2977294921875 823
1695117520527 636.670166015625 824
1695117520706 589.8697509765625 825
1695117520880 619.4019775390625 826
1695117521057 720.977294921875 827
1695117521233 590.5521850585938 828
1695117521409 651.8505859375 829
1695117521587 629.5675659179688 830
1695117521764 609.5570068359375 831
1695117521941 632.3790283203125 832
1695117522119 556.9675903320312 833
1695117522294 618.438232421875 834
1695117522469 698.479248046875 835
1695117522645 648.9664916992188 836
1695117522821 631.2398071289062 837
1695117523002 620.248779296875 838
1695117523180 661.295654296875 839
1695117523360 590.9523315429688 840
1695117523534 605.8887939453125 841
1695117523709 612.9209594726562 842
1695117523883 617.9708862304688 843
1695117524061 598.0364379882812 844
1695117524235 632.2559814453125 845
1695117524411 611.889404296875 846
1695117524588 604.4683837890625 847
1695117524765 628.8248901367188 848
1695117524940 611.00537109375 849
1695117525121 667.6915283203125 850
1695117525295 616.86865234375 851
1695117525470 557.5563354492188 852
1695117525647 579.4381103515625 853
1695117525822 631.7943115234375 854
1695117526008 598.6565551757812 855
1695117526185 627.4974365234375 856
1695117526361 569.3743896484375 857
1695117526537 676.956298828125 858
1695117526714 596.5553588867188 859
1695117526891 595.4967041015625 860
1695117527067 623.4884033203125 861
1695117527241 580.5591430664062 862
1695117527418 612.6375122070312 863
1695117527596 609.08935546875 864
1695117527770 645.8553466796875 865
1695117527944 605.2991943359375 866
1695117528122 646.1534423828125 867
1695117528298 614.744140625 868
1695117528473 620.0826416015625 869
1695117528649 593.81591796875 870
1695117528825 646.7189331054688 871
1695117529000 566.86865234375 872
1695117529190 610.7288818359375 873
1695117529388 608.9340209960938 874
1695117529583 569.1505126953125 875
1695117529763 581.408447265625 876
1695117529942 619.0191040039062 877
1695117530114 637.2598876953125 878
1695117530288 575.7498168945312 879
1695117530461 563.1592407226562 880
1695117530635 630.4830322265625 881
1695117530809 649.0464477539062 882
1695117530983 555.758056640625 883
1695117531157 612.783203125 884
1695117531330 594.26220703125 885
1695117531503 615.293212890625 886
1695117531677 581.2764282226562 887
1695117531851 646.4691162109375 888
1695117532022 622.4144287109375 889
1695117532196 635.312744140625 890
1695117532369 619.6741333007812 891
1695117532542 558.1846313476562 892
1695117532714 624.7220458984375 893
1695117532887 586.2999877929688 894
1695117533060 614.88720703125 895
1695117533236 581.8465576171875 896
1695117533420 649.6085205078125 897
1695117533593 632.819091796875 898
1695117533765 650.1043701171875 899
1695117533939 642.5974731445312 900
1695117537464 644.9893798828125 901
1695117537637 568.7093505859375 902
1695117537809 580.5283203125 903
1695117537983 593.8719482421875 904
1695117538156 604.6082153320312 905
1695117538330 602.4727172851562 906
1695117538504 609.485595703125 907
1695117538678 602.7012939453125 908
1695117538851 588.757568359375 909
1695117539026 606.6159057617188 910
1695117539199 642.3129272460938 911
1695117539373 701.7572021484375 912
1695117539546 598.4532470703125 913
1695117539720 619.7265625 914
1695117539891 581.4349365234375 915
1695117540066 562.9385986328125 916
1695117540242 645.9781494140625 917
1695117540414 570.0458984375 918
1695117540588 591.080322265625 919
1695117540761 552.9147338867188 920
1695117540933 576.0233764648438 921
1695117541106 616.737548828125 922
1695117541280 562.7474365234375 923
1695117541454 626.888427734375 924
1695117541628 639.3329467773438 925
1695117541802 670.26611328125 926
1695117541975 620.38037109375 927
1695117542150 600.206787109375 928
1695117542324 625.64111328125 929
1695117542502 621.1820068359375 930
1695117542674 618.2996826171875 931
1695117542848 644.379638671875 932
1695117543021 623.3719482421875 933
1695117543195 592.403564453125 934
1695117543386 638.0355834960938 935
1695117543560 654.2911376953125 936
1695117543734 571.6995239257812 937
1695117543908 666.915771484375 938
1695117544081 571.5408935546875 939
1695117544254 600.330078125 940
1695117544428 559.827392578125 941
1695117544603 576.6306762695312 942
1695117544776 599.9248046875 943
1695117544949 624.45556640625 944
1695117545123 660.2683715820312 945
1695117545295 617.59326171875 946
1695117545468 578.0842895507812 947
1695117545640 563.5067749023438 948
1695117545814 588.5339965820312 949
1695117545986 611.1420288085938 950
1695117546159 572.5261840820312 951
1695117546332 587.4486083984375 952
1695117546506 547.24853515625 953
1695117546679 566.3492431640625 954
1695117546853 609.9481201171875 955
1695117547026 640.6035766601562 956
1695117547200 558.7955932617188 957
1695117547373 634.6727294921875 958
1695117547545 562.1146240234375 959
1695117547719 587.4241333007812 960
1695117547892 573.674072265625 961
1695117548066 585.9495239257812 962
1695117548239 616.9608154296875 963
1695117548412 574.60400390625 964
1695117548586 621.140380859375 965
1695117548761 616.2257080078125 966
1695117548935 586.6939086914062 967
1695117549109 639.2501220703125 968
1695117549283 591.5584106445312 969
1695117549457 574.0925903320312 970
1695117549631 562.639892578125 971
1695117549805 623.2816162109375 972
1695117549979 650.7379760742188 973
1695117550155 566.5739135742188 974
1695117550333 575.1912841796875 975
1695117550507 600.9955444335938 976
1695117550680 584.016845703125 977
1695117550853 600.788330078125 978
1695117551026 624.489501953125 979
1695117551200 606.4259033203125 980
1695117551374 577.2633666992188 981
1695117551547 602.3754272460938 982
1695117551721 616.5653076171875 983
1695117551894 562.2202758789062 984
1695117552067 595.2593383789062 985
1695117552241 661.20263671875 986
1695117552414 626.5695190429688 987
1695117552587 574.7652587890625 988
1695117552761 618.0925903320312 989
1695117552934 595.6354370117188 990
1695117553108 558.7177734375 991
1695117553289 585.683349609375 992
1695117553462 585.825439453125 993
1695117553636 640.7415771484375 994
1695117553810 609.8565063476562 995
1695117553983 610.632568359375 996
1695117554155 573.8468627929688 997
1695117554329 573.4588012695312 998
1695117554502 589.6705932617188 999
1695117554676 613.271484375 1000
1695117558242 603.5946655273438 1001
1695117558424 581.2901000976562 1002
1695117558611 586.6898803710938 1003
1695117558796 598.2667236328125 1004
1695117558977 594.8958740234375 1005
1695117559152 558.8436279296875 1006
1695117559327 567.33056640625 1007
1695117559501 596.072021484375 1008
1695117559690 581.3359375 1009
1695117559871 604.2748413085938 1010
1695117560063 551.8089599609375 1011
1695117560239 592.6580810546875 1012
1695117560416 605.656494140625 1013
1695117560592 597.9236450195312 1014
1695117560769 541.4820556640625 1015
1695117560946 571.4828491210938 1016
1695117561124 571.88037109375 1017
1695117561312 597.1194458007812 1018
1695117561501 612.5968017578125 1019
1695117561685 575.783203125 1020
1695117561867 623.8880615234375 1021
1695117562060 570.200927734375 1022
1695117562242 568.96142578125 1023
1695117562419 582.1622924804688 1024
1695117562594 630.1856689453125 1025
1695117562772 584.6398315429688 1026
1695117562944 563.0888671875 1027
1695117563118 573.7007446289062 1028
1695117563302 614.398681640625 1029
1695117563477 599.3984985351562 1030
1695117563652 568.5319213867188 1031
1695117563826 568.2125854492188 1032
1695117564003 531.0933837890625 1033
1695117564180 590.8564453125 1034
1695117564354 575.221435546875 1035
1695117564528 560.19580078125 1036
1695117564704 569.5548095703125 1037
1695117564878 587.8436279296875 1038
1695117565052 566.6029663085938 1039
1695117565233 575.2239990234375 1040
1695117565421 609.57861328125 1041
1695117565601 597.4686279296875 1042
1695117565775 633.501953125 1043
1695117565949 607.9979248046875 1044
1695117566121 583.9708862304688 1045
1695117566294 580.7451171875 1046
1695117566467 577.9979858398438 1047
1695117566641 576.2938232421875 1048
1695117566817 599.1962890625 1049
1695117566995 532.5835571289062 1050
1695117567185 599.8073120117188 1051
1695117567362 574.4747314453125 1052
1695117567535 599.4124755859375 1053
1695117567708 622.8966674804688 1054
1695117567881 560.6884765625 1055
1695117568055 609.1292724609375 1056
1695117568229 526.9028930664062 1057
1695117568404 605.7815551757812 1058
1695117568577 550.4146728515625 1059
1695117568750 642.0699462890625 1060
1695117568924 582.4243774414062 1061
1695117569096 552.8049926757812 1062
1695117569269 581.1216430664062 1063
1695117569443 618.572509765625 1064
1695117569616 549.063232421875 1065
1695117569790 567.764404296875 1066
1695117569964 598.4728393554688 1067
1695117570138 602.2747802734375 1068
1695117570312 558.9115600585938 1069
1695117570486 571.2249755859375 1070
1695117570659 623.1818237304688 1071
1695117570832 565.2177734375 1072
1695117571005 544.003662109375 1073
1695117571178 634.9248046875 1074
1695117571351 555.0286865234375 1075
1695117571523 590.1898193359375 1076
1695117571696 634.7616577148438 1077
1695117571869 577.0806274414062 1078
1695117572043 585.6376953125 1079
1695117572217 566.7555541992188 1080
1695117572391 569.0645141601562 1081
1695117572564 603.0985717773438 1082
1695117572738 552.0706176757812 1083
1695117572913 594.436279296875 1084
1695117573086 563.576904296875 1085
1695117573264 619.2313232421875 1086
1695117573441 531.7948608398438 1087
1695117573613 552.589599609375 1088
1695117573787 567.5737915039062 1089
1695117573961 576.8615112304688 1090
1695117574134 559.1060180664062 1091
1695117574307 549.1377563476562 1092
1695117574481 568.77587890625 1093
1695117574656 550.2344970703125 1094
1695117574830 555.5879516601562 1095
1695117575003 533.86376953125 1096
1695117575177 583.1102905273438 1097
1695117575350 602.4924926757812 1098
1695117575523 592.5687255859375 1099
1695117575696 648.3281860351562 1100
1695117579174 572.626220703125 1101
1695117579348 580.8475341796875 1102
1695117579522 593.3299560546875 1103
1695117579695 580.32421875 1104
1695117579868 567.2698974609375 1105
1695117580040 582.5257568359375 1106
1695117580219 557.00830078125 1107
1695117580412 606.1481323242188 1108
1695117580602 576.0179443359375 1109
1695117580784 610.1583862304688 1110
1695117580963 639.6529541015625 1111
1695117581140 585.8202514648438 1112
1695117581318 568.1987915039062 1113
1695117581491 583.9844360351562 1114
1695117581665 523.4647216796875 1115
1695117581839 570.5599365234375 1116
1695117582011 530.0825805664062 1117
1695117582185 540.2955322265625 1118
1695117582358 589.3287353515625 1119
1695117582532 577.8074951171875 1120
1695117582706 541.4873657226562 1121
1695117582887 606.837890625 1122
1695117583081 572.8515625 1123
1695117583272 583.6009521484375 1124
1695117583471 576.763916015625 1125
1695117583645 558.8820190429688 1126
1695117583820 583.75 1127
1695117583993 536.2012329101562 1128
1695117584173 564.9942016601562 1129
1695117584368 563.3255615234375 1130
1695117584558 607.3628540039062 1131
1695117584734 564.6756591796875 1132
1695117584913 609.5982666015625 1133
1695117585087 588.95654296875 1134
1695117585263 555.35546875 1135
1695117585438 607.88671875 1136
1695117585612 601.056396484375 1137
1695117585785 545.9546508789062 1138
1695117585964 581.6099243164062 1139
1695117586141 547.0382080078125 1140
1695117586316 564.5411376953125 1141
1695117586491 537.8343505859375 1142
1695117586665 524.2491455078125 1143
1695117586839 606.9194946289062 1144
1695117587012 552.0138549804688 1145
1695117587193 606.248291015625 1146
1695117587390 592.5476684570312 1147
1695117587572 557.0460815429688 1148
1695117587750 559.5263671875 1149
1695117587938 606.552978515625 1150
1695117588113 520.4014282226562 1151
1695117588296 550.4013061523438 1152
1695117588485 539.0008544921875 1153
1695117588675 608.6109619140625 1154
1695117588864 528.8617553710938 1155
1695117589053 564.1544799804688 1156
1695117589230 548.53662109375 1157
1695117589406 512.470947265625 1158
1695117589590 565.265380859375 1159
1695117589769 556.2476806640625 1160
1695117589946 592.34521484375 1161
1695117590123 632.8734130859375 1162
1695117590300 567.1452026367188 1163
1695117590476 607.7938842773438 1164
1695117590656 551.7574462890625 1165
1695117590834 670.49072265625 1166
1695117591010 558.7470703125 1167
1695117591189 614.89404296875 1168
1695117591379 586.8271484375 1169
1695117591569 600.6708984375 1170
1695117591759 579.8213500976562 1171
1695117591948 624.3328857421875 1172
1695117592126 547.48291015625 1173
1695117592305 527.5919189453125 1174
1695117592481 603.9627685546875 1175
1695117592662 581.3387451171875 1176
1695117592840 544.9396362304688 1177
1695117593019 559.435546875 1178
1695117593194 578.6304321289062 1179
1695117593370 538.779296875 1180
1695117593546 552.4847412109375 1181
1695117593721 557.4801635742188 1182
1695117593898 580.1094970703125 1183
1695117594082 555.2371215820312 1184
1695117594257 577.1393432617188 1185
1695117594433 579.1856689453125 1186
1695117594608 551.8070678710938 1187
1695117594784 598.768798828125 1188
1695117594967 543.298828125 1189
1695117595148 542.0130004882812 1190
1695117595327 526.0427856445312 1191
1695117595503 648.8804931640625 1192
1695117595679 540.3551025390625 1193
1695117595857 565.87353515625 1194
1695117596034 572.0333251953125 1195
1695117596209 544.7025146484375 1196
1695117596386 549.087890625 1197
1695117596562 544.1051025390625 1198
1695117596738 563.9852294921875 1199
1695117596914 553.6236572265625 1200
1695117600604 599.3617553710938 1201
1695117600781 570.8828735351562 1202
1695117600959 552.11083984375 1203
1695117601134 590.7918701171875 1204
1695117601316 560.11962890625 1205
1695117601492 544.080078125 1206
1695117601669 528.9232177734375 1207
1695117601846 570.4610595703125 1208
1695117602021 566.284912109375 1209
1695117602196 586.10986328125 1210
1695117602373 580.3944091796875 1211
1695117602549 528.3279418945312 1212
1695117602724 516.2763671875 1213
1695117602901 547.1997680664062 1214
1695117603077 533.218994140625 1215
1695117603254 563.2139282226562 1216
1695117603429 588.8482666015625 1217
1695117603606 592.5867309570312 1218
1695117603783 601.706787109375 1219
1695117603960 616.7064208984375 1220
1695117604135 553.9403076171875 1221
1695117604313 603.280029296875 1222
1695117604499 594.4942626953125 1223
1695117604675 585.4552001953125 1224
1695117604853 560.9168701171875 1225
1695117605031 632.3839721679688 1226
1695117605207 562.5081787109375 1227
1695117605384 522.8277587890625 1228
1695117605559 562.620849609375 1229
1695117605734 612.8341064453125 1230
1695117605918 618.8246459960938 1231
1695117606095 571.541259765625 1232
1695117606273 587.784423828125 1233
1695117606451 528.4478759765625 1234
1695117606627 527.1488647460938 1235
1695117606804 555.735107421875 1236
1695117606979 547.5458984375 1237
1695117607157 578.198486328125 1238
1695117607339 529.6700439453125 1239
1695117607517 542.919189453125 1240
1695117607694 560.1376953125 1241
1695117607873 588.9198608398438 1242
1695117608055 625.425537109375 1243
1695117608231 574.3198852539062 1244
1695117608409 544.2409057617188 1245
1695117608585 589.0200805664062 1246
1695117608761 547.400146484375 1247
1695117608939 634.9495849609375 1248
1695117609127 564.0655517578125 1249
1695117609300 571.8963012695312 1250
1695117609476 556.3151245117188 1251
1695117609654 542.9548950195312 1252
1695117609830 544.744873046875 1253
1695117610006 556.1312255859375 1254
1695117610182 569.0028686523438 1255
1695117610360 555.158935546875 1256
1695117610533 549.59765625 1257
1695117610708 592.0455932617188 1258
1695117610885 544.5299682617188 1259
1695117611061 558.6907348632812 1260
1695117611236 580.7286376953125 1261
1695117611417 544.4917602539062 1262
1695117611592 560.9362182617188 1263
1695117611767 523.4398803710938 1264
1695117611943 591.7595825195312 1265
1695117612120 569.9180297851562 1266
1695117612296 573.1544799804688 1267
1695117612473 589.7542724609375 1268
1695117612649 557.5784912109375 1269
1695117612826 586.1378173828125 1270
1695117613004 575.6761474609375 1271
1695117613180 593.2223510742188 1272
1695117613357 519.6027221679688 1273
1695117613534 569.951171875 1274
1695117613711 562.7775268554688 1275
1695117613892 590.8543701171875 1276
1695117614068 543.84375 1277
1695117614245 614.1889038085938 1278
1695117614423 584.4578247070312 1279
1695117614600 577.9148559570312 1280
1695117614777 600.9360961914062 1281
1695117614956 534.9542846679688 1282
1695117615132 573.3726806640625 1283
1695117615309 564.9945068359375 1284
1695117615486 615.0905151367188 1285
1695117615663 586.9620361328125 1286
1695117615840 518.4306030273438 1287
1695117616015 551.4492797851562 1288
1695117616190 545.4847412109375 1289
1695117616368 534.5640258789062 1290
1695117616543 590.6759033203125 1291
1695117616718 553.62451171875 1292
1695117616896 556.5078125 1293
1695117617073 564.08251953125 1294
1695117617249 581.3228149414062 1295
1695117617426 579.9970703125 1296
1695117617603 576.0267333984375 1297
1695117617778 528.9846801757812 1298
1695117617957 567.4659423828125 1299
1695117618132 611.6051025390625 1300
1695117621805 537.307373046875 1301
1695117621981 555.491455078125 1302
1695117622156 567.8252563476562 1303
1695117622332 547.6226196289062 1304
1695117622508 546.0491943359375 1305
1695117622684 528.3038330078125 1306
1695117622862 555.6075439453125 1307
1695117623038 569.944580078125 1308
1695117623228 523.6513671875 1309
1695117623421 539.329345703125 1310
1695117623616 557.7714233398438 1311
1695117623798 609.0564575195312 1312
1695117623975 573.996337890625 1313
1695117624150 574.8803100585938 1314
1695117624323 552.1900024414062 1315
1695117624499 608.9515380859375 1316
1695117624694 520.734619140625 1317
1695117624877 577.2975463867188 1318
1695117625050 592.2708129882812 1319
1695117625224 538.287841796875 1320
1695117625412 559.2889404296875 1321
1695117625598 588.9049072265625 1322
1695117625772 560.5771484375 1323
1695117625945 538.15771484375 1324
1695117626119 564.8857421875 1325
1695117626294 559.9519653320312 1326
1695117626481 546.2867431640625 1327
1695117626668 569.6837158203125 1328
1695117626856 558.0572509765625 1329
1695117627032 540.423583984375 1330
1695117627218 581.5596923828125 1331
1695117627406 574.0601806640625 1332
1695117627596 556.2609252929688 1333
1695117627785 592.4868774414062 1334
1695117627974 539.1087036132812 1335
1695117628162 543.6307983398438 1336
1695117628356 520.07470703125 1337
1695117628552 587.1115112304688 1338
1695117628744 556.752685546875 1339
1695117628941 512.6755981445312 1340
1695117629128 515.9954223632812 1341
1695117629304 536.9608154296875 1342
1695117629479 530.969970703125 1343
1695117629655 555.443359375 1344
1695117629829 544.965087890625 1345
1695117630004 595.575927734375 1346
1695117630193 546.876708984375 1347
1695117630382 525.161865234375 1348
1695117630571 548.39453125 1349
1695117630756 526.552978515625 1350
1695117630934 516.3624877929688 1351
1695117631109 559.358642578125 1352
1695117631283 545.2827758789062 1353
1695117631469 530.17626953125 1354
1695117631659 522.2901611328125 1355
1695117631842 500.1764831542969 1356
1695117632029 576.0255126953125 1357
1695117632216 540.1956787109375 1358
1695117632404 534.9274291992188 1359
1695117632591 536.9139404296875 1360
1695117632781 552.8563842773438 1361
1695117632972 543.6805419921875 1362
1695117633161 578.0433959960938 1363
1695117633353 586.1553344726562 1364
1695117633547 547.4506225585938 1365
1695117633729 562.8603515625 1366
1695117633903 549.867919921875 1367
1695117634079 589.5545654296875 1368
1695117634253 600.23046875 1369
1695117634427 557.6767578125 1370
1695117634601 524.9276123046875 1371
1695117634772 580.1602783203125 1372
1695117634946 591.9322509765625 1373
1695117635120 575.2193603515625 1374
1695117635294 567.0184326171875 1375
1695117635482 556.4627685546875 1376
1695117635678 524.423583984375 1377
1695117635858 530.4024658203125 1378
1695117636036 553.97265625 1379
1695117636213 564.4525146484375 1380
1695117636389 608.766357421875 1381
1695117636566 572.0546875 1382
1695117636749 564.2240600585938 1383
1695117636944 519.9007568359375 1384
1695117637132 540.4472045898438 1385
1695117637306 536.40380859375 1386
1695117637483 559.7022094726562 1387
1695117637669 534.866455078125 1388
1695117637849 560.2596435546875 1389
1695117638027 569.4775390625 1390
1695117638213 569.4241943359375 1391
1695117638390 546.419677734375 1392
1695117638562 558.6551513671875 1393
1695117638738 512.81298828125 1394
1695117638924 657.3111572265625 1395
1695117639109 531.5267333984375 1396
1695117639282 523.4019165039062 1397
1695117639463 542.802490234375 1398
1695117639643 526.8287963867188 1399
1695117639819 586.2033081054688 1400
1695117643494 571.7617797851562 1401
1695117643669 578.8026123046875 1402
1695117643844 558.0289306640625 1403
1695117644017 538.6127319335938 1404
1695117644192 536.8111572265625 1405
1695117644366 553.1903076171875 1406
1695117644541 543.1796875 1407
1695117644713 512.9083862304688 1408
1695117644888 540.4537353515625 1409
1695117645062 545.5835571289062 1410
1695117645235 547.17138671875 1411
1695117645408 533.2239990234375 1412
1695117645582 609.0355224609375 1413
1695117645756 570.9522705078125 1414
1695117645929 570.3515625 1415
1695117646102 548.4891967773438 1416
1695117646275 545.2203369140625 1417
1695117646448 529.7233276367188 1418
1695117646621 549.51708984375 1419
1695117646796 540.0862426757812 1420
1695117646989 507.8104248046875 1421
1695117647166 605.5711669921875 1422
1695117647344 573.887451171875 1423
1695117647518 544.9088745117188 1424
1695117647691 518.75390625 1425
1695117647869 611.3385009765625 1426
1695117648045 565.60791015625 1427
1695117648221 547.2638549804688 1428
1695117648398 561.7920532226562 1429
1695117648574 508.18701171875 1430
1695117648749 536.5895385742188 1431
1695117648926 553.7404174804688 1432
1695117649101 517.6669921875 1433
1695117649276 561.4595947265625 1434
1695117649452 525.1917724609375 1435
1695117649626 547.1620483398438 1436
1695117649801 555.4659423828125 1437
1695117649977 545.3309326171875 1438
1695117650152 537.7322998046875 1439
1695117650332 513.22216796875 1440
1695117650516 554.3760986328125 1441
1695117650706 520.4675903320312 1442
1695117650897 542.4104614257812 1443
1695117651085 589.0810546875 1444
1695117651277 526.6421508789062 1445
1695117651466 569.82421875 1446
1695117651654 514.3797607421875 1447
1695117651842 564.8338623046875 1448
1695117652018 545.6505737304688 1449
1695117652194 543.7864990234375 1450
1695117652373 542.6298217773438 1451
1695117652549 511.84893798828125 1452
1695117652725 561.430419921875 1453
1695117652903 552.197021484375 1454
1695117653079 534.5004272460938 1455
1695117653256 520.916015625 1456
1695117653434 554.3526000976562 1457
1695117653609 533.3646850585938 1458
1695117653786 552.9950561523438 1459
1695117653962 547.300048828125 1460
1695117654137 564.2992553710938 1461
1695117654313 534.1212768554688 1462
1695117654490 544.5045776367188 1463
1695117654666 546.89794921875 1464
1695117654845 565.5447998046875 1465
1695117655020 537.0469970703125 1466
1695117655196 475.11865234375 1467
1695117655375 563.1898803710938 1468
1695117655552 605.3017578125 1469
1695117655727 557.3300170898438 1470
1695117655905 530.2677001953125 1471
1695117656081 532.5264892578125 1472
1695117656258 551.6912841796875 1473
1695117656434 616.28515625 1474
1695117656611 575.2747802734375 1475
1695117656788 585.3032836914062 1476
1695117656965 561.252197265625 1477
1695117657140 565.1499633789062 1478
1695117657316 531.58203125 1479
1695117657493 505.3586120605469 1480
1695117657668 579.1676635742188 1481
1695117657850 546.3870849609375 1482
1695117658035 536.757080078125 1483
1695117658212 536.8668823242188 1484
1695117658391 586.8759765625 1485
1695117658569 563.223388671875 1486
1695117658744 530.977294921875 1487
1695117658922 536.4486694335938 1488
1695117659100 538.5844116210938 1489
1695117659283 572.8860473632812 1490
1695117659459 557.2157592773438 1491
1695117659646 587.5079345703125 1492
1695117659822 511.4850769042969 1493
1695117659998 536.32373046875 1494
1695117660185 538.65380859375 1495
1695117660360 552.6597290039062 1496
1695117660547 541.3549194335938 1497
1695117660722 620.0323486328125 1498
1695117660899 552.4556884765625 1499
1695117661076 542.5 1500
1695117664721 536.7877197265625 1501
1695117664897 552.4658813476562 1502
1695117665085 514.8258056640625 1503
1695117665260 565.3900756835938 1504
1695117665448 534.7470703125 1505
1695117665624 521.6011352539062 1506
1695117665808 564.2452392578125 1507
1695117665992 570.6643676757812 1508
1695117666168 524.2731323242188 1509
1695117666347 539.3646240234375 1510
1695117666522 558.4293212890625 1511
1695117666707 585.10986328125 1512
1695117666884 569.2254638671875 1513
1695117667060 607.70068359375 1514
1695117667237 515.496337890625 1515
1695117667414 592.04345703125 1516
1695117667591 543.6867065429688 1517
1695117667767 568.0454711914062 1518
1695117667946 523.3189697265625 1519
1695117668131 554.435302734375 1520
1695117668308 540.3954467773438 1521
1695117668492 560.96630859375 1522
1695117668669 529.4431762695312 1523
1695117668852 556.567626953125 1524
1695117669031 539.4327392578125 1525
1695117669209 527.6859741210938 1526
1695117669386 549.0018310546875 1527
1695117669561 545.1763305664062 1528
1695117669737 536.0242309570312 1529
1695117669923 516.043701171875 1530
1695117670100 487.3757629394531 1531
1695117670277 546.3302612304688 1532
1695117670459 526.7759399414062 1533
1695117670635 530.0086059570312 1534
1695117670812 554.817626953125 1535
1695117670988 583.9713134765625 1536
1695117671165 588.2650146484375 1537
1695117671345 567.825439453125 1538
1695117671521 536.9357299804688 1539
1695117671697 538.578857421875 1540
1695117671873 551.1820068359375 1541
1695117672049 542.2188720703125 1542
1695117672225 532.4435424804688 1543
1695117672409 549.1661987304688 1544
1695117672584 511.5048828125 1545
1695117672760 572.2830810546875 1546
1695117672935 564.007568359375 1547
1695117673111 533.8102416992188 1548
1695117673288 551.7935180664062 1549
1695117673464 504.2816162109375 1550
1695117673641 522.2549438476562 1551
1695117673817 611.375244140625 1552
1695117673992 560.8344116210938 1553
1695117674169 528.6350708007812 1554
1695117674351 497.8784484863281 1555
1695117674528 513.7843017578125 1556
1695117674705 542.1951293945312 1557
1695117674881 534.6998291015625 1558
1695117675058 530.2861328125 1559
1695117675239 505.06219482421875 1560
1695117675414 542.9664306640625 1561
1695117675588 524.276611328125 1562
1695117675764 577.137939453125 1563
1695117675940 562.6602172851562 1564
1695117676116 635.8367919921875 1565
1695117676293 532.2622680664062 1566
1695117676469 538.1624755859375 1567
1695117676645 549.238037109375 1568
1695117676822 547.6351318359375 1569
1695117677002 563.1466674804688 1570
1695117677178 526.1969604492188 1571
1695117677355 510.7746276855469 1572
1695117677530 596.4310302734375 1573
1695117677705 543.8583984375 1574
1695117677880 553.939208984375 1575
1695117678054 531.0819091796875 1576
1695117678229 576.71728515625 1577
1695117678403 502.9390869140625 1578
1695117678578 575.9034423828125 1579
1695117678753 524.8675537109375 1580
1695117678929 540.5338745117188 1581
1695117679105 525.4054565429688 1582
1695117679281 534.691162109375 1583
1695117679457 539.4700317382812 1584
1695117679633 562.0473022460938 1585
1695117679809 523.8053588867188 1586
1695117679984 524.035400390625 1587
1695117680159 524.5708618164062 1588
1695117680335 527.2601928710938 1589
1695117680514 593.5321044921875 1590
1695117680691 573.2608642578125 1591
1695117680869 530.888916015625 1592
1695117681044 534.125732421875 1593
1695117681219 546.0328369140625 1594
1695117681393 536.1384887695312 1595
1695117681580 525.6820068359375 1596
1695117681776 528.7109985351562 1597
1695117681971 508.9250793457031 1598
1695117682156 519.6235961914062 1599
1695117682336 544.2274169921875 1600
1695117686283 530.7644653320312 1601
1695117686466 517.0205688476562 1602
1695117686659 528.3786010742188 1603
1695117686842 555.9544677734375 1604
1695117687027 536.1124267578125 1605
1695117687212 519.3784790039062 1606
1695117687398 535.5361328125 1607
1695117687586 506.6724853515625 1608
1695117687772 559.0565795898438 1609
1695117687958 549.520751953125 1610
1695117688144 490.16192626953125 1611
1695117688330 513.0825805664062 1612
1695117688518 580.100830078125 1613
1695117688706 535.49169921875 1614
1695117688895 501.78338623046875 1615
1695117689084 504.6328125 1616
1695117689273 531.8818969726562 1617
1695117689462 560.9407958984375 1618
1695117689652 556.5724487304688 1619
1695117689843 576.11865234375 1620
1695117690033 524.7237548828125 1621
1695117690225 499.48583984375 1622
1695117690417 515.6490478515625 1623
1695117690613 561.2684936523438 1624
1695117690794 577.8727416992188 1625
1695117690967 540.0350952148438 1626
1695117691140 550.4296875 1627
1695117691321 564.993408203125 1628
1695117691500 555.5469360351562 1629
1695117691676 540.72900390625 1630
1695117691851 507.8923645019531 1631
1695117692037 530.3523559570312 1632
1695117692222 566.9750366210938 1633
1695117692405 550.6859741210938 1634
1695117692580 541.810546875 1635
1695117692754 563.3599243164062 1636
1695117692928 508.72552490234375 1637
1695117693101 535.74462890625 1638
1695117693275 521.3859252929688 1639
1695117693447 517.354248046875 1640
1695117693620 511.79925537109375 1641
1695117693794 511.14715576171875 1642
1695117693967 482.16717529296875 1643
1695117694139 535.2083129882812 1644
1695117694312 577.5419311523438 1645
1695117694485 582.7274780273438 1646
1695117694659 556.5000610351562 1647
1695117694833 494.3655700683594 1648
1695117695006 525.0492553710938 1649
1695117695180 503.56427001953125 1650
1695117695354 538.1519775390625 1651
1695117695527 495.6005859375 1652
1695117695700 528.058837890625 1653
1695117695872 581.2777099609375 1654
1695117696045 531.4874267578125 1655
1695117696217 606.0459594726562 1656
1695117696389 588.9945068359375 1657
1695117696563 520.7333374023438 1658
1695117696736 562.0423583984375 1659
1695117696911 540.4208374023438 1660
1695117697084 520.5945434570312 1661
1695117697257 519.6075439453125 1662
1695117697430 508.0846252441406 1663
1695117697603 555.4274291992188 1664
1695117697776 526.3296508789062 1665
1695117697949 538.879150390625 1666
1695117698123 494.6412353515625 1667
1695117698296 487.17254638671875 1668
1695117698470 535.587890625 1669
1695117698642 492.1871337890625 1670
1695117698820 483.3519592285156 1671
1695117698997 481.0766296386719 1672
1695117699172 524.8240356445312 1673
1695117699347 552.4822998046875 1674
1695117699519 550.122802734375 1675
1695117699692 537.38232421875 1676
1695117699865 555.5616455078125 1677
1695117700041 518.65185546875 1678
1695117700227 528.8665161132812 1679
1695117700430 545.7813110351562 1680
1695117700614 549.0703735351562 1681
1695117700793 534.5162353515625 1682
1695117700973 534.5554809570312 1683
1695117701149 518.3623046875 1684
1695117701325 495.5462951660156 1685
1695117701500 549.02197265625 1686
1695117701675 551.7212524414062 1687
1695117701851 585.8394165039062 1688
1695117702026 492.47076416015625 1689
1695117702204 568.5107421875 1690
1695117702381 525.5140380859375 1691
1695117702556 502.0187072753906 1692
1695117702732 572.5189819335938 1693
1695117702907 559.0296020507812 1694
1695117703082 524.2845458984375 1695
1695117703255 571.7860107421875 1696
1695117703433 487.9457092285156 1697
1695117703610 513.0779418945312 1698
1695117703786 574.2518310546875 1699
1695117703974 595.1106567382812 1700
1695117707760 527.6417236328125 1701
1695117707934 489.28509521484375 1702
1695117708108 568.7024536132812 1703
1695117708283 532.5689697265625 1704
1695117708466 543.760986328125 1705
1695117708642 559.4552001953125 1706
1695117708817 508.8879699707031 1707
1695117709004 526.1331176757812 1708
1695117709180 531.8824462890625 1709
1695117709362 523.5750122070312 1710
1695117709549 503.47845458984375 1711
1695117709726 522.5286865234375 1712
1695117709907 526.3516235351562 1713
1695117710094 530.9320678710938 1714
1695117710272 517.9389038085938 1715
1695117710448 512.8299560546875 1716
1695117710624 534.3373413085938 1717
1695117710800 527.7550048828125 1718
1695117710986 518.831787109375 1719
1695117711171 532.1094970703125 1720
1695117711347 525.0484008789062 1721
1695117711530 501.6675720214844 1722
1695117711712 646.1189575195312 1723
1695117711890 520.3494262695312 1724
1695117712068 533.6607666015625 1725
1695117712243 568.3646240234375 1726
1695117712419 568.7630004882812 1727
1695117712595 527.8480224609375 1728
1695117712774 486.88623046875 1729
1695117712949 538.52197265625 1730
1695117713125 542.23876953125 1731
1695117713303 562.5032958984375 1732
1695117713480 512.38525390625 1733
1695117713663 524.3070068359375 1734
1695117713842 544.597412109375 1735
1695117714018 488.4092102050781 1736
1695117714194 525.1563110351562 1737
1695117714371 526.7728271484375 1738
1695117714548 520.9833984375 1739
1695117714728 510.5057373046875 1740
1695117714906 535.0960693359375 1741
1695117715079 525.3883056640625 1742
1695117715256 523.7534790039062 1743
1695117715432 525.392333984375 1744
1695117715608 520.0567016601562 1745
1695117715785 505.76275634765625 1746
1695117715963 486.57928466796875 1747
1695117716149 570.0018310546875 1748
1695117716328 556.940673828125 1749
1695117716505 526.74072265625 1750
1695117716681 517.9800415039062 1751
1695117716860 532.0118408203125 1752
1695117717036 507.29541015625 1753
1695117717210 633.406005859375 1754
1695117717387 485.70953369140625 1755
1695117717563 515.2477416992188 1756
1695117717741 524.4305419921875 1757
1695117717918 524.012939453125 1758
1695117718094 519.89599609375 1759
1695117718277 517.9566650390625 1760
1695117718453 514.2501831054688 1761
1695117718630 484.8704528808594 1762
1695117718810 521.65966796875 1763
1695117718986 517.5264892578125 1764
1695117719163 498.7596435546875 1765
1695117719347 508.74285888671875 1766
1695117719524 564.3640747070312 1767
1695117719701 523.1884765625 1768
1695117719877 525.2406005859375 1769
1695117720052 530.4940185546875 1770
1695117720232 511.6199035644531 1771
1695117720415 514.5055541992188 1772
1695117720601 539.8674926757812 1773
1695117720775 523.3544921875 1774
1695117720958 515.8079223632812 1775
1695117721136 499.70294189453125 1776
1695117721323 488.1365966796875 1777
1695117721500 524.3600463867188 1778
1695117721680 513.8601684570312 1779
1695117721858 493.21099853515625 1780
1695117722034 510.9146728515625 1781
1695117722219 531.4364624023438 1782
1695117722398 489.121337890625 1783
1695117722575 551.8668212890625 1784
1695117722753 578.5435791015625 1785
1695117722929 511.9482116699219 1786
1695117723112 493.8424987792969 1787
1695117723291 536.4482421875 1788
1695117723469 549.9215698242188 1789
1695117723645 571.82275390625 1790
1695117723822 528.979736328125 1791
1695117723999 532.0750122070312 1792
1695117724175 554.2207641601562 1793
1695117724353 536.3338623046875 1794
1695117724530 558.4427490234375 1795
1695117724704 548.1512451171875 1796
1695117724880 505.2165832519531 1797
1695117725057 546.821044921875 1798
1695117725234 499.4208984375 1799
1695117725411 508.75927734375 1800
1695117728988 545.9278564453125 1801
1695117729164 521.6896362304688 1802
1695117729344 500.3895263671875 1803
1695117729520 523.2594604492188 1804
1695117729696 510.1499938964844 1805
1695117729873 557.4430541992188 1806
1695117730048 573.5040893554688 1807
1695117730225 520.9080810546875 1808
1695117730400 540.6100463867188 1809
1695117730585 532.5387573242188 1810
1695117730763 587.2877807617188 1811
1695117730936 507.45458984375 1812
1695117731112 514.973388671875 1813
1695117731289 524.0791015625 1814
1695117731465 569.397216796875 1815
1695117731641 487.0782165527344 1816
1695117731819 520.0968627929688 1817
1695117731995 547.483154296875 1818
1695117732170 542.572021484375 1819
1695117732346 486.96630859375 1820
1695117732523 517.39013671875 1821
1695117732699 497.59088134765625 1822
1695117732877 502.2818603515625 1823
1695117733055 552.544921875 1824
1695117733230 503.96405029296875 1825
1695117733405 589.6091918945312 1826
1695117733582 521.6004638671875 1827
1695117733760 482.7936706542969 1828
1695117733940 544.372314453125 1829
1695117734132 524.7783203125 1830
1695117734321 521.0430908203125 1831
1695117734502 505.35882568359375 1832
1695117734693 495.34503173828125 1833
1695117734882 518.7830810546875 1834
1695117735072 583.4963989257812 1835
1695117735260 526.5601196289062 1836
1695117735437 496.3835144042969 1837
1695117735614 511.8155517578125 1838
1695117735792 510.1064758300781 1839
1695117735968 497.2620849609375 1840
1695117736143 493.4423828125 1841
1695117736319 530.5101928710938 1842
1695117736495 507.21063232421875 1843
1695117736681 506.9180908203125 1844
1695117736866 546.2150268554688 1845
1695117737041 513.2991943359375 1846
1695117737231 534.484619140625 1847
1695117737420 577.24365234375 1848
1695117737610 514.2484130859375 1849
1695117737799 534.8599243164062 1850
1695117737983 511.67132568359375 1851
1695117738163 542.6458740234375 1852
1695117738337 545.6561279296875 1853
1695117738511 546.2052001953125 1854
1695117738691 503.6612548828125 1855
1695117738873 601.8285522460938 1856
1695117739053 475.0122375488281 1857
1695117739246 562.4985961914062 1858
1695117739430 546.0579833984375 1859
1695117739612 579.39306640625 1860
1695117739790 504.40692138671875 1861
1695117739967 537.0309448242188 1862
1695117740143 518.2412719726562 1863
1695117740324 511.79730224609375 1864
1695117740502 551.6390380859375 1865
1695117740688 539.7863159179688 1866
1695117740872 554.6868896484375 1867
1695117741054 549.4107055664062 1868
1695117741231 511.39910888671875 1869
1695117741405 518.5538940429688 1870
1695117741581 532.16064453125 1871
1695117741757 537.5304565429688 1872
1695117741936 525.0441284179688 1873
1695117742115 545.1096801757812 1874
1695117742291 576.5267333984375 1875
1695117742466 564.3619384765625 1876
1695117742643 536.3606567382812 1877
1695117742819 514.3113403320312 1878
1695117742995 551.3626098632812 1879
1695117743174 574.6382446289062 1880
1695117743350 572.9291381835938 1881
1695117743525 553.873291015625 1882
1695117743701 504.12158203125 1883
1695117743877 499.0748291015625 1884
1695117744054 495.1463928222656 1885
1695117744229 544.41748046875 1886
1695117744405 563.4595336914062 1887
1695117744582 478.63201904296875 1888
1695117744757 543.6241455078125 1889
1695117744932 526.5873413085938 1890
1695117745113 496.3641052246094 1891
1695117745298 529.59912109375 1892
1695117745481 532.49560546875 1893
1695117745660 563.5547485351562 1894
1695117745836 526.21337890625 1895
1695117746012 494.12554931640625 1896
1695117746193 526.3533325195312 1897
1695117746366 520.8863525390625 1898
1695117746543 511.005859375 1899
1695117746722 529.4716796875 1900
1695117750400 534.0256958007812 1901
1695117750577 502.33624267578125 1902
1695117750755 531.8084716796875 1903
1695117750931 493.5522766113281 1904
1695117751108 582.7412719726562 1905
1695117751289 507.7172546386719 1906
1695117751475 535.1416015625 1907
1695117751651 517.2906494140625 1908
1695117751842 501.9111022949219 1909
1695117752017 513.8324584960938 1910
1695117752197 493.2694091796875 1911
1695117752381 524.7257080078125 1912
1695117752558 529.257568359375 1913
1695117752733 487.30712890625 1914
1695117752911 520.1019897460938 1915
1695117753086 526.4402465820312 1916
1695117753270 504.466552734375 1917
1695117753445 585.259521484375 1918
1695117753631 475.7482604980469 1919
1695117753808 518.1870727539062 1920
1695117753984 554.9125366210938 1921
1695117754161 519.1712646484375 1922
1695117754338 568.10107421875 1923
1695117754530 507.60528564453125 1924
1695117754723 624.575927734375 1925
1695117754913 502.8414306640625 1926
1695117755112 553.8575439453125 1927
1695117755295 502.2389221191406 1928
1695117755477 528.9088134765625 1929
1695117755670 533.7081298828125 1930
1695117755858 522.4981079101562 1931
1695117756043 517.0393676757812 1932
1695117756232 520.7894287109375 1933
1695117756421 508.63226318359375 1934
1695117756610 543.6356201171875 1935
1695117756798 489.20880126953125 1936
1695117756972 561.8826904296875 1937
1695117757162 506.1219787597656 1938
1695117757343 515.5966796875 1939
1695117757534 515.1183471679688 1940
1695117757727 506.6820373535156 1941
1695117757918 535.0829467773438 1942
1695117758104 526.4429321289062 1943
1695117758300 525.3989868164062 1944
1695117758489 568.96240234375 1945
1695117758676 511.7275085449219 1946
1695117758863 488.65179443359375 1947
1695117759044 593.6514892578125 1948
1695117759218 551.2095947265625 1949
1695117759393 546.9317626953125 1950
1695117759568 533.775634765625 1951
1695117759745 525.3717651367188 1952
1695117759919 539.351806640625 1953
1695117760091 513.8428955078125 1954
1695117760266 478.6549072265625 1955
1695117760439 531.6751708984375 1956
1695117760618 548.1443481445312 1957
1695117760804 501.1430969238281 1958
1695117760980 530.6992797851562 1959
1695117761154 569.119140625 1960
1695117761330 559.1051025390625 1961
1695117761505 527.9617919921875 1962
1695117761678 523.600341796875 1963
1695117761851 521.76513671875 1964
1695117762024 521.1851196289062 1965
1695117762196 562.6405029296875 1966
1695117762369 509.496826171875 1967
1695117762543 523.6810913085938 1968
1695117762718 522.923583984375 1969
1695117762891 530.2969360351562 1970
1695117763072 508.69024658203125 1971
1695117763258 570.8007202148438 1972
1695117763445 530.8544921875 1973
1695117763632 563.1791381835938 1974
1695117763822 495.29644775390625 1975
1695117764010 504.8416442871094 1976
1695117764187 535.9193115234375 1977
1695117764370 523.2314453125 1978
1695117764563 499.3345947265625 1979
1695117764753 499.2196350097656 1980
1695117764942 560.3580932617188 1981
1695117765142 559.0621948242188 1982
1695117765327 514.8214111328125 1983
1695117765503 545.4053344726562 1984
1695117765678 485.4905700683594 1985
1695117765855 478.12420654296875 1986
1695117766029 533.5233764648438 1987
1695117766204 472.3213806152344 1988
1695117766377 516.408447265625 1989
1695117766563 502.99560546875 1990
1695117766744 557.89208984375 1991
1695117766934 568.3892822265625 1992
1695117767125 546.4922485351562 1993
1695117767313 517.7783813476562 1994
1695117767500 549.75830078125 1995
1695117767687 505.3265075683594 1996
1695117767873 543.7813720703125 1997
1695117768069 501.163818359375 1998
1695117768259 556.3617553710938 1999
1695117768450 518.5277099609375 2000
1695117772556 569.7849731445312 2001
1695117772731 488.01165771484375 2002
1695117772905 529.7596435546875 2003
1695117773078 560.0128784179688 2004
1695117773264 532.060791015625 2005
1695117773451 526.8677978515625 2006
1695117773637 520.90625 2007
1695117773814 586.3563232421875 2008
1695117773987 499.5303649902344 2009
1695117774171 511.2586975097656 2010
1695117774360 498.75799560546875 2011
1695117774540 528.33984375 2012
1695117774716 546.981689453125 2013
1695117774892 489.0331115722656 2014
1695117775066 486.4981689453125 2015
1695117775241 502.4093017578125 2016
1695117775413 501.39044189453125 2017
1695117775591 496.53436279296875 2018
1695117775767 576.7606201171875 2019
1695117775941 521.729736328125 2020
1695117776114 532.6986083984375 2021
1695117776287 515.250244140625 2022
1695117776461 567.0930786132812 2023
1695117776637 526.2908325195312 2024
1695117776813 489.17620849609375 2025
1695117776986 568.5296630859375 2026
1695117777160 469.97149658203125 2027
1695117777334 583.9683837890625 2028
1695117777507 556.5074462890625 2029
1695117777681 518.2899780273438 2030
1695117777855 497.9029235839844 2031
1695117778028 549.481201171875 2032
1695117778204 491.433837890625 2033
1695117778377 543.162841796875 2034
1695117778550 519.4254150390625 2035
1695117778724 487.3467102050781 2036
1695117778898 534.4697265625 2037
1695117779073 526.855712890625 2038
1695117779247 560.8051147460938 2039
1695117779420 500.76641845703125 2040
1695117779594 483.8171691894531 2041
1695117779768 542.0152587890625 2042
1695117779942 502.4349670410156 2043
1695117780117 527.2081298828125 2044
1695117780293 558.1622314453125 2045
1695117780466 535.294921875 2046
1695117780640 512.4193115234375 2047
1695117780816 525.042724609375 2048
1695117780989 483.0267028808594 2049
1695117781162 512.2064208984375 2050
1695117781350 513.2250366210938 2051
1695117781536 508.74725341796875 2052
1695117781721 522.2344970703125 2053
1695117781894 595.039306640625 2054
1695117782068 511.7022705078125 2055
1695117782241 528.791259765625 2056
1695117782421 499.996826171875 2057
1695117782608 589.0366821289062 2058
1695117782797 514.5860595703125 2059
1695117782972 530.6324462890625 2060
1695117783154 507.18402099609375 2061
1695117783348 527.04296875 2062
1695117783539 505.46435546875 2063
1695117783729 500.800537109375 2064
1695117783924 465.14947509765625 2065
1695117784107 533.9776611328125 2066
1695117784280 542.3677978515625 2067
1695117784454 497.67901611328125 2068
1695117784629 482.7740478515625 2069
1695117784802 516.1802368164062 2070
1695117784976 537.6904907226562 2071
1695117785153 520.6366577148438 2072
1695117785338 505.73126220703125 2073
1695117785524 488.044677734375 2074
1695117785710 497.4689025878906 2075
1695117785888 499.7195129394531 2076
1695117786062 522.8325805664062 2077
1695117786235 532.32568359375 2078
1695117786408 501.89697265625 2079
1695117786585 514.320556640625 2080
1695117786772 560.3757934570312 2081
1695117786957 505.0357360839844 2082
1695117787132 556.526611328125 2083
1695117787310 521.24072265625 2084
1695117787485 514.839599609375 2085
1695117787660 519.9785766601562 2086
1695117787834 481.673583984375 2087
1695117788011 528.4449462890625 2088
1695117788187 529.5245361328125 2089
1695117788381 505.655029296875 2090
1695117788559 476.7673645019531 2091
1695117788733 519.6148681640625 2092
1695117788907 505.0360412597656 2093
1695117789082 521.3731689453125 2094
1695117789259 517.1822509765625 2095
1695117789433 505.3280029296875 2096
1695117789608 521.661865234375 2097
1695117789784 525.4069213867188 2098
1695117789957 518.8248291015625 2099
1695117790131 497.17950439453125 2100
1695117793788 485.48541259765625 2101
1695117793965 631.738037109375 2102
1695117794140 517.3544921875 2103
1695117794313 504.7908935546875 2104
1695117794490 526.75927734375 2105
1695117794664 481.34759521484375 2106
1695117794837 521.6204833984375 2107
1695117795015 513.4405517578125 2108
1695117795202 542.4313354492188 2109
1695117795389 522.6181640625 2110
1695117795574 486.83380126953125 2111
1695117795763 501.9718017578125 2112
1695117795950 551.9016723632812 2113
1695117796142 573.5296630859375 2114
1695117796330 608.3475952148438 2115
1695117796523 495.4556884765625 2116
1695117796716 522.0797119140625 2117
1695117796904 558.0087280273438 2118
1695117797078 537.354736328125 2119
1695117797252 522.4363403320312 2120
1695117797439 482.383544921875 2121
1695117797627 524.080322265625 2122
1695117797811 505.0652160644531 2123
1695117797987 508.3125305175781 2124
1695117798160 556.7742919921875 2125
1695117798337 498.87713623046875 2126
1695117798511 510.28326416015625 2127
1695117798685 464.6436462402344 2128
1695117798861 492.121826171875 2129
1695117799037 502.8744201660156 2130
1695117799214 515.8428344726562 2131
1695117799387 549.9246215820312 2132
1695117799561 502.4988098144531 2133
1695117799735 485.32708740234375 2134
1695117799908 559.1165771484375 2135
1695117800082 493.0179138183594 2136
1695117800255 540.8080444335938 2137
1695117800427 482.5726318359375 2138
1695117800600 486.2166442871094 2139
1695117800773 571.0579833984375 2140
1695117800947 509.9330749511719 2141
1695117801119 479.4150085449219 2142
1695117801293 520.8795166015625 2143
1695117801469 519.9517822265625 2144
1695117801642 535.0714111328125 2145
1695117801816 570.314208984375 2146
1695117801989 479.1490478515625 2147
1695117802161 532.71875 2148
1695117802337 495.80645751953125 2149
1695117802510 525.603515625 2150
1695117802684 476.02789306640625 2151
1695117802857 511.2119140625 2152
1695117803030 591.7730102539062 2153
1695117803204 522.8680419921875 2154
1695117803376 517.3323974609375 2155
1695117803549 527.4760131835938 2156
1695117803722 477.59039306640625 2157
1695117803897 483.1261291503906 2158
1695117804070 537.601318359375 2159
1695117804244 513.6419677734375 2160
1695117804418 508.3495788574219 2161
1695117804592 562.58544921875 2162
1695117804765 521.0462036132812 2163
1695117804940 493.6015625 2164
1695117805112 487.552734375 2165
1695117805285 545.843994140625 2166
1695117805458 501.67333984375 2167
1695117805632 537.3232421875 2168
1695117805805 553.5263671875 2169
1695117805979 537.9292602539062 2170
1695117806155 520.0325927734375 2171
1695117806329 503.9200439453125 2172
1695117806512 504.55206298828125 2173
1695117806688 513.3718872070312 2174
1695117806862 560.8023681640625 2175
1695117807036 495.4866943359375 2176
1695117807209 512.572021484375 2177
1695117807384 521.28076171875 2178
1695117807557 555.20556640625 2179
1695117807730 512.782470703125 2180
1695117807903 506.789794921875 2181
1695117808078 556.3803100585938 2182
1695117808252 508.5498962402344 2183
1695117808425 543.0217895507812 2184
1695117808599 514.3814086914062 2185
1695117808773 510.94598388671875 2186
1695117808946 489.0557556152344 2187
1695117809120 514.32470703125 2188
1695117809293 492.4410705566406 2189
1695117809467 501.07501220703125 2190
1695117809640 523.7398071289062 2191
1695117809814 514.1392211914062 2192
1695117809987 508.39215087890625 2193
1695117810160 516.8194580078125 2194
1695117810333 507.2264099121094 2195
1695117810507 524.2220458984375 2196
1695117810680 477.6897277832031 2197
1695117810852 515.2747192382812 2198
1695117811027 520.0702514648438 2199
1695117811200 506.94970703125 2200
1695117814709 503.2159423828125 2201
1695117814883 525.5728759765625 2202
1695117815056 509.2413330078125 2203
1695117815230 503.2104187011719 2204
1695117815403 539.9431762695312 2205
1695117815575 534.4364013671875 2206
1695117815748 493.28271484375 2207
1695117815921 499.302734375 2208
1695117816095 495.5321044921875 2209
1695117816267 513.8078002929688 2210
1695117816450 533.1260375976562 2211
1695117816623 523.094482421875 2212
1695117816796 513.0824584960938 2213
1695117816968 509.81597900390625 2214
1695117817141 504.5758361816406 2215
1695117817315 476.5097961425781 2216
1695117817487 505.8023681640625 2217
1695117817660 516.8078002929688 2218
1695117817834 571.9945068359375 2219
1695117818007 486.7481384277344 2220
1695117818180 512.7667236328125 2221
1695117818353 464.7685546875 2222
1695117818526 494.38446044921875 2223
1695117818698 498.3963317871094 2224
1695117818871 497.4149169921875 2225
1695117819044 497.704833984375 2226
1695117819217 508.03729248046875 2227
1695117819390 494.6018981933594 2228
1695117819563 490.4482727050781 2229
1695117819736 507.086181640625 2230
1695117819908 497.24078369140625 2231
1695117820082 506.40435791015625 2232
1695117820254 503.800048828125 2233
1695117820427 528.6365356445312 2234
1695117820601 479.9002685546875 2235
1695117820774 523.5301513671875 2236
1695117820947 534.0464477539062 2237
1695117821119 510.2251892089844 2238
1695117821292 511.6986999511719 2239
1695117821464 464.1047058105469 2240
1695117821638 489.73699951171875 2241
1695117821811 477.1084289550781 2242
1695117821985 514.6226806640625 2243
1695117822159 529.022705078125 2244
1695117822332 513.9219970703125 2245
1695117822504 514.8883666992188 2246
1695117822678 495.63055419921875 2247
1695117822851 507.68267822265625 2248
1695117823024 497.824462890625 2249
1695117823197 526.5599365234375 2250
1695117823372 501.734130859375 2251
1695117823545 490.23626708984375 2252
1695117823717 499.0374755859375 2253
1695117823890 541.1262817382812 2254
1695117824064 480.4775085449219 2255
1695117824237 504.30670166015625 2256
1695117824411 465.7346496582031 2257
1695117824583 475.6250305175781 2258
1695117824756 535.5072021484375 2259
1695117824929 459.8498229980469 2260
1695117825103 504.36138916015625 2261
1695117825275 465.80902099609375 2262
1695117825448 501.9169921875 2263
1695117825621 510.065673828125 2264
1695117825794 538.7597045898438 2265
1695117825967 588.19970703125 2266
1695117826141 511.57568359375 2267
1695117826314 498.0593566894531 2268
1695117826496 538.7222900390625 2269
1695117826669 506.0443420410156 2270
1695117826843 503.316162109375 2271
1695117827016 522.051025390625 2272
1695117827188 489.2016296386719 2273
1695117827361 484.30694580078125 2274
1695117827535 510.1660461425781 2275
1695117827706 518.4578857421875 2276
1695117827879 480.5604553222656 2277
1695117828052 491.1716003417969 2278
1695117828225 487.8447265625 2279
1695117828398 503.4793395996094 2280
1695117828571 496.99285888671875 2281
1695117828743 597.4563598632812 2282
1695117828917 562.9666137695312 2283
1695117829090 534.4873657226562 2284
1695117829263 508.8228454589844 2285
1695117829439 500.93634033203125 2286
1695117829615 537.3824462890625 2287
1695117829793 499.93646240234375 2288
1695117829969 533.4673461914062 2289
1695117830144 508.83837890625 2290
1695117830318 507.3831481933594 2291
1695117830491 500.3582763671875 2292
1695117830664 492.0360412597656 2293
1695117830840 509.4410400390625 2294
1695117831017 505.67205810546875 2295
1695117831191 460.6693115234375 2296
1695117831364 490.4989013671875 2297
1695117831537 544.8050537109375 2298
1695117831710 501.8546142578125 2299
1695117831884 496.89178466796875 2300
1695117835349 481.4599914550781 2301
1695117835524 471.9664001464844 2302
1695117835712 499.73785400390625 2303
1695117835887 534.8499145507812 2304
1695117836061 532.0638427734375 2305
1695117836237 509.0843200683594 2306
1695117836422 502.44256591796875 2307
1695117836596 517.0730590820312 2308
1695117836769 494.66815185546875 2309
1695117836942 563.9948120117188 2310
1695117837115 462.54620361328125 2311
1695117837294 482.2019348144531 2312
1695117837465 485.0279541015625 2313
1695117837639 524.375 2314
1695117837818 492.427001953125 2315
1695117837996 518.145263671875 2316
1695117838173 482.4197082519531 2317
1695117838348 551.5999755859375 2318
1695117838523 516.8084716796875 2319
1695117838698 496.0564880371094 2320
1695117838871 502.164794921875 2321
1695117839054 511.48907470703125 2322
1695117839252 501.1453857421875 2323
1695117839444 491.44451904296875 2324
1695117839636 492.200439453125 2325
1695117839826 488.1217956542969 2326
1695117840017 577.18359375 2327
1695117840209 489.28472900390625 2328
1695117840397 514.577880859375 2329
1695117840589 497.4294128417969 2330
1695117840772 478.5611877441406 2331
1695117840947 499.1751708984375 2332
1695117841124 561.2299194335938 2333
1695117841300 494.26922607421875 2334
1695117841475 496.3295593261719 2335
1695117841650 537.826416015625 2336
