1695156007519 0.6750806570053101 0
1695156007914 0.3423384428024292 1
1695156008310 0.22476257383823395 2
1695156008692 0.23222926259040833 3
1695156009075 0.24200233817100525 4
1695156009446 0.14365534484386444 5
1695156009825 0.2428165227174759 6
1695156010211 0.26629000902175903 7
1695156010581 0.29198282957077026 8
1695156010950 0.21891991794109344 9
1695156011343 0.13597343862056732 10
1695156011721 0.10302131623029709 11
1695156012098 0.20138250291347504 12
1695156012466 0.09849543124437332 13
1695156012851 0.09694977849721909 14
1695156013237 0.1755889505147934 15
1695156013610 0.1666240692138672 16
1695156013983 0.1932673305273056 17
1695156014385 0.09320703148841858 18
1695156014766 0.14286860823631287 19
1695156015145 0.18907472491264343 20
1695156015528 0.12212657183408737 21
1695156015901 0.13823288679122925 22
1695156016279 0.09576749056577682 23
1695156016657 0.07505661994218826 24
1695156017030 0.08239521086215973 25
1695156017410 0.08973642438650131 26
1695156017789 0.06964699923992157 27
1695156018175 0.13321083784103394 28
1695156018556 0.1253308355808258 29
1695156018928 0.0799015462398529 30
1695156019323 0.11393393576145172 31
1695156019713 0.08760908991098404 32
1695156020082 0.07691638916730881 33
1695156020463 0.0678665041923523 34
1695156020837 0.12218145281076431 35
1695156021216 0.061719994992017746 36
1695156021594 0.10381084680557251 37
1695156021963 0.07870227843523026 38
1695156022344 0.05972156673669815 39
1695156022732 0.061821695417165756 40
1695156023100 0.0328807570040226 41
1695156023484 0.15118548274040222 42
1695156023867 0.04197636991739273 43
1695156024249 0.12986205518245697 44
1695156024631 0.07260069251060486 45
1695156025003 0.051335886120796204 46
1695156025381 0.05797775462269783 47
1695156025769 0.1757223904132843 48
1695156026147 0.11955028027296066 49
1695156026527 0.08605824410915375 50
1695156026906 0.07156966626644135 51
1695156027287 0.07841561734676361 52
1695156027676 0.06176946684718132 53
1695156028047 0.09628567099571228 54
1695156028418 0.052989739924669266 55
1695156028842 0.11963393539190292 56
1695156029265 0.046603552997112274 57
1695156029641 0.13702605664730072 58
1695156030042 0.10158873349428177 59
1695156030417 0.03713521361351013 60
1695156030786 0.041538674384355545 61
1695156031165 0.059678830206394196 62
1695156031536 0.07072849571704865 63
1695156031918 0.06331291794776917 64
1695156032296 0.07854469865560532 65
1695156032670 0.07293403893709183 66
1695156033040 0.10626452416181564 67
1695156033412 0.10855373740196228 68
1695156033797 0.08433056622743607 69
1695156034179 0.034278664737939835 70
1695156034557 0.07721586525440216 71
1695156034937 0.14057575166225433 72
1695156035319 0.039891451597213745 73
1695156035694 0.08314154297113419 74
1695156036075 0.030770881101489067 75
1695156036443 0.057362206280231476 76
1695156036818 0.08606212586164474 77
1695156037200 0.06686391681432724 78
1695156037570 0.04948819428682327 79
1695156037942 0.07933250069618225 80
1695156038323 0.03465054929256439 81
1695156038694 0.01830442249774933 82
1695156039074 0.056219376623630524 83
1695156039446 0.08778069168329239 84
1695156039819 0.06833858788013458 85
1695156040200 0.060427065938711166 86
1695156040574 0.13876973092556 87
1695156040950 0.04384065419435501 88
1695156041328 0.031063877046108246 89
1695156041697 0.0720619484782219 90
1695156042074 0.07093380391597748 91
1695156042444 0.05241912230849266 92
1695156042814 0.05617714673280716 93
1695156043199 0.051225192844867706 94
1695156043567 0.07967134565114975 95
1695156043938 0.06956902891397476 96
1695156044324 0.05472617223858833 97
1695156044695 0.05439678207039833 98
1695156045071 0.05874684825539589 99
1695156045441 0.08213140070438385 100
1695156045810 0.1073421761393547 101
1695156046189 0.11682230979204178 102
1695156046555 0.09757252037525177 103
1695156046934 0.0518140010535717 104
1695156047313 0.04342103376984596 105
1695156047686 0.04903972148895264 106
1695156048063 0.06252065300941467 107
1695156048438 0.04248678684234619 108
1695156048809 0.1233411580324173 109
1695156049187 0.03441040962934494 110
1695156049556 0.048675164580345154 111
1695156049933 0.09131260216236115 112
1695156050313 0.07164870947599411 113
1695156050686 0.08313867449760437 114
1695156051067 0.07503784447908401 115
1695156051438 0.04193339869379997 116
1695156051807 0.09140023589134216 117
1695156052188 0.07253674417734146 118
1695156052562 0.0452144630253315 119
1695156052937 0.051117319613695145 120
1695156053319 0.03823693469166756 121
1695156053691 0.08019116520881653 122
1695156054072 0.08701793849468231 123
1695156054445 0.06361788511276245 124
1695156054814 0.03505060449242592 125
1695156055190 0.06880902498960495 126
1695156055557 0.08194999396800995 127
1695156055932 0.08759474009275436 128
1695156056316 0.05486674979329109 129
1695156056685 0.057978615164756775 130
1695156057062 0.0681154802441597 131
1695156057433 0.05374179035425186 132
1695156057800 0.09513840079307556 133
1695156058178 0.0424201525747776 134
1695156058550 0.05916076526045799 135
1695156058925 0.045348700135946274 136
1695156059304 0.04277489706873894 137
1695156059674 0.04498249292373657 138
1695156060053 0.03088918700814247 139
1695156060432 0.0477062352001667 140
1695156060803 0.0394720584154129 141
1695156061187 0.03225654363632202 142
1695156061555 0.029705392196774483 143
1695156061934 0.04075031355023384 144
1695156062315 0.0031390434596687555 145
1695156062689 0.0925549641251564 146
1695156063067 0.031474996358156204 147
1695156063438 0.051635075360536575 148
1695156063809 0.07196944952011108 149
1695156064187 0.031319230794906616 150
1695156064554 0.0805702954530716 151
1695156064929 0.06321414560079575 152
1695156065309 0.15114052593708038 153
1695156065681 0.13310734927654266 154
1695156066063 0.11531190574169159 155
1695156066435 0.03859729692339897 156
1695156066809 0.060679685324430466 157
1695156067186 0.11733759194612503 158
1695156067554 0.10001631081104279 159
1695156067931 0.05807345360517502 160
1695156068308 0.15300309658050537 161
1695156068681 0.058939915150403976 162
1695156069065 0.06597043573856354 163
1695156069437 0.0410911925137043 164
1695156069808 0.048571109771728516 165
1695156070187 0.05985463038086891 166
1695156070562 0.055423032492399216 167
1695156070934 0.09842263907194138 168
1695156071310 0.057242318987846375 169
1695156071678 0.07941865175962448 170
1695156072054 0.032744523137807846 171
1695156072427 0.035749681293964386 172
1695156072798 0.08800223469734192 173
1695156073181 0.05761250481009483 174
1695156073561 0.08668538182973862 175
1695156073935 0.022418491542339325 176
1695156074323 0.04096227511763573 177
1695156074691 0.10609801113605499 178
1695156075067 0.045760542154312134 179
1695156075441 0.12359090894460678 180
1695156075815 0.054799966514110565 181
1695156076197 0.06506043672561646 182
1695156076567 0.046461109071969986 183
1695156076942 0.015865013003349304 184
1695156077321 0.05392064154148102 185
1695156077693 0.08322823792695999 186
1695156078072 0.059414587914943695 187
1695156078442 0.051592569798231125 188
1695156078813 0.08439774066209793 189
1695156079198 0.04703209176659584 190
1695156079570 0.0447576604783535 191
1695156079949 0.05926976725459099 192
1695156080334 0.08386482298374176 193
1695156080701 0.11791864037513733 194
1695156081076 0.03672020509839058 195
1695156081444 0.05553394556045532 196
1695156081812 0.03990098088979721 197
1695156082192 0.02467172220349312 198
1695156082564 0.06483705341815948 199
1695156082937 0.09363643079996109 200
1695156083316 0.053248729556798935 201
1695156083687 0.025076190009713173 202
1695156084071 0.0711599662899971 203
1695156084444 0.009266259148716927 204
1695156084816 0.02507319487631321 205
1695156085194 0.033460114151239395 206
1695156085562 0.09053404629230499 207
1695156085934 0.049119848757982254 208
1695156086309 0.04555245488882065 209
1695156086679 0.04902617260813713 210
1695156087058 0.04424196481704712 211
1695156087432 0.05878821760416031 212
1695156087802 0.059207744896411896 213
1695156088183 0.029767459258437157 214
1695156088553 0.05620788410305977 215
1695156088929 0.09915382415056229 216
1695156089309 0.02273768186569214 217
1695156089679 0.038251280784606934 218
1695156090058 0.04025959223508835 219
1695156090428 0.049982860684394836 220
1695156090801 0.03290066123008728 221
1695156091183 0.06734757125377655 222
1695156091554 0.035542476922273636 223
1695156091930 0.04982355609536171 224
1695156092308 0.011002336628735065 225
1695156092677 0.019114326685667038 226
1695156093053 0.015264988876879215 227
1695156093422 0.035090118646621704 228
1695156093790 0.0423026941716671 229
1695156094170 0.01347186230123043 230
1695156094541 0.03581760823726654 231
1695156094923 0.030880887061357498 232
1695156095299 0.023407207801938057 233
1695156095666 0.02541915327310562 234
1695156096043 0.020324720069766045 235
1695156096419 0.045142762362957 236
1695156096786 0.07517178356647491 237
1695156097162 0.05536516010761261 238
1695156097555 0.047206003218889236 239
1695156097934 0.04467397928237915 240
1695156098322 0.04057846963405609 241
1695156098691 0.05123372748494148 242
1695156099072 0.017781458795070648 243
1695156099443 0.023352142423391342 244
1695156099814 0.011517462320625782 245
1695156100191 0.05463290587067604 246
1695156100561 0.07923413068056107 247
1695156100934 0.06408882886171341 248
1695156101314 0.05058276280760765 249
1695156101684 0.05909600853919983 250
1695156102062 0.04144538193941116 251
1695156102434 0.024503719061613083 252
1695156102803 0.053375598043203354 253
1695156103181 0.031725794076919556 254
1695156103549 0.0335826501250267 255
1695156103927 0.06355401128530502 256
1695156104305 0.012657733634114265 257
1695156104673 0.08330029994249344 258
1695156105049 0.03852549567818642 259
1695156105419 0.027140621095895767 260
1695156105788 0.024494709447026253 261
1695156106170 0.044480446726083755 262
1695156106538 0.023804256692528725 263
1695156106919 0.015047309920191765 264
1695156107292 0.03594747185707092 265
1695156107665 0.09796129912137985 266
1695156108040 0.025599297136068344 267
1695156108408 0.06635814160108566 268
1695156108779 0.011517617851495743 269
1695156109160 0.015015597455203533 270
1695156109529 0.041418932378292084 271
1695156109904 0.0456550233066082 272
1695156110274 0.019774332642555237 273
1695156110647 0.024142315611243248 274
1695156111024 0.02679215371608734 275
1695156111397 0.05758391693234444 276
1695156111765 0.0209584329277277 277
1695156112151 0.036774080246686935 278
1695156112520 0.04908597096800804 279
1695156112897 0.046292319893836975 280
1695156113264 0.03686177730560303 281
1695156113630 0.06445423513650894 282
1695156114005 0.02169223688542843 283
1695156114371 0.039013590663671494 284
1695156114741 0.01975560002028942 285
1695156115117 0.06508547067642212 286
1695156115488 0.030699042603373528 287
1695156115900 0.03886227682232857 288
1695156116308 0.06350488215684891 289
1695156116679 0.014415971003472805 290
1695156117052 0.04657202214002609 291
1695156117427 0.027848802506923676 292
1695156117844 0.058347221463918686 293
1695156118261 0.025330739095807076 294
1695156118640 0.02079812064766884 295
1695156119008 0.03209594637155533 296
1695156119389 0.048774830996990204 297
1695156119764 0.01631653495132923 298
1695156120142 0.05275179073214531 299
1695156120520 0.004222065210342407 300
1695156120889 0.024006985127925873 301
1695156121274 0.006948694121092558 302
1695156121679 0.03516942262649536 303
1695156122060 0.005586758255958557 304
1695156122448 0.07163675129413605 305
1695156122819 0.0163080133497715 306
1695156123196 0.07251700758934021 307
1695156123582 0.04867400601506233 308
1695156123968 0.030879557132720947 309
1695156124349 0.045226991176605225 310
1695156124734 0.03434046730399132 311
1695156125127 0.07723468542098999 312
1695156125538 0.0317549854516983 313
1695156125919 0.045386604964733124 314
1695156126308 0.03813064843416214 315
1695156126702 0.06263943761587143 316
1695156127108 0.013141871429979801 317
1695156127487 0.07625576108694077 318
1695156127863 0.05845325067639351 319
1695156128237 0.042576320469379425 320
1695156128605 0.036121807992458344 321
1695156128982 0.01999257132411003 322
1695156129352 0.022999197244644165 323
1695156129731 0.02802511863410473 324
1695156130112 0.0714060366153717 325
1695156130486 0.06895288079977036 326
1695156130864 0.010874216444790363 327
1695156131233 0.06848958134651184 328
1695156131601 0.07316712290048599 329
1695156131977 0.02260739915072918 330
1695156132345 0.016164230182766914 331
1695156132722 0.027585668489336967 332
1695156133100 0.0363314151763916 333
1695156133476 0.0466364286839962 334
1695156133853 0.06340218335390091 335
1695156134222 0.03171742334961891 336
1695156134590 0.03738092631101608 337
1695156134966 0.0539400614798069 338
1695156135341 0.029680956155061722 339
1695156135721 0.09659237414598465 340
1695156136099 0.039039552211761475 341
1695156136472 0.007969159632921219 342
1695156136851 0.05962800607085228 343
1695156137221 0.059096675366163254 344
1695156137591 0.051401738077402115 345
1695156137971 0.05265647917985916 346
1695156138341 0.03500484675168991 347
1695156138723 0.03333708271384239 348
1695156139111 0.04054819792509079 349
1695156139481 0.025095656514167786 350
1695156139858 0.03261296823620796 351
1695156140229 0.04303829371929169 352
1695156140670 0.05284350365400314 353
1695156141058 0.04762351140379906 354
1695156141425 0.017484236508607864 355
1695156141793 0.0672578364610672 356
1695156142169 0.06982144713401794 357
1695156142538 0.029687879607081413 358
1695156142914 0.051672931760549545 359
1695156143287 0.046728771179914474 360
1695156143656 0.04063218832015991 361
1695156144030 0.09308834373950958 362
1695156144409 0.06135403364896774 363
1695156144775 0.02723316103219986 364
1695156145154 0.02009466476738453 365
1695156145525 0.013918040320277214 366
1695156145902 0.07456401735544205 367
1695156146271 0.04665128141641617 368
1695156146639 0.10406333208084106 369
1695156147015 0.014530180022120476 370
1695156147384 0.044721707701683044 371
1695156147755 0.014683539979159832 372
1695156148134 0.01771148294210434 373
1695156148512 0.045140210539102554 374
1695156148889 0.016870776191353798 375
1695156149262 0.02365296706557274 376
1695156149629 0.014038960449397564 377
1695156150010 0.09430595487356186 378
1695156150377 0.049113355576992035 379
1695156150745 0.024052368476986885 380
1695156151121 0.026389651000499725 381
1695156151488 0.025988856330513954 382
1695156151866 0.044466301798820496 383
1695156152236 0.0218781977891922 384
1695156152604 0.03894665464758873 385
1695156152979 0.05328109860420227 386
1695156153349 0.011313040740787983 387
1695156153727 0.04237058758735657 388
1695156154101 0.06139015406370163 389
1695156154468 0.04382610321044922 390
1695156154844 0.028009362518787384 391
1695156155212 0.020780978724360466 392
1695156155582 0.028400490060448647 393
1695156155957 0.027404265478253365 394
1695156156327 0.048018600791692734 395
1695156156705 0.0528302863240242 396
1695156157074 0.0246674083173275 397
1695156157442 0.028004728257656097 398
1695156157818 0.03238961100578308 399
1695156158185 0.01807265542447567 400
1695156158552 0.039116885513067245 401
1695156158927 0.03207055479288101 402
1695156159298 0.020497364923357964 403
1695156159679 0.05129286274313927 404
1695156160050 0.02866109274327755 405
1695156160418 0.010620406828820705 406
1695156160793 0.016485845670104027 407
1695156161161 0.12044747918844223 408
1695156161533 0.02007671818137169 409
1695156161909 0.04057440534234047 410
1695156162282 0.02147144079208374 411
1695156162658 0.11445529013872147 412
1695156163030 0.03627432882785797 413
1695156163403 0.09384888410568237 414
1695156163779 0.030968638136982918 415
1695156164144 0.025237800553441048 416
1695156164520 0.06996054202318192 417
1695156164895 0.03185282275080681 418
1695156165262 0.050000619143247604 419
1695156165635 0.02999093569815159 420
1695156166005 0.02747518941760063 421
1695156166375 0.056788526475429535 422
1695156166760 0.05380913242697716 423
1695156167139 0.03203943744301796 424
1695156167516 0.04420670121908188 425
1695156167896 0.02531377226114273 426
1695156168272 0.01291695050895214 427
1695156168650 0.03352867439389229 428
1695156169021 0.026844820007681847 429
1695156169393 0.018075017258524895 430
1695156169770 0.04951447248458862 431
