1694171366925 0.9781607985496521 0
1694171368777 0.795943558216095 1
1694171370520 0.7910534739494324 2
1694171372263 0.49547088146209717 3
1694171374024 0.33236777782440186 4
1694171375777 0.3368341326713562 5
1694171377516 0.33062055706977844 6
1694171379286 0.2749338150024414 7
1694171381027 0.2842094600200653 8
1694171382771 0.24686917662620544 9
1694171384527 0.22649207711219788 10
1694171386282 0.25633493065834045 11
1694171388034 0.22914640605449677 12
1694171389784 0.2449454814195633 13
1694171391532 0.22305238246917725 14
1694171393268 0.25707581639289856 15
1694171395032 0.24739015102386475 16
1694171396781 0.22349616885185242 17
1694171398537 0.2062549889087677 18
1694171400288 0.1775999218225479 19
1694171402047 0.20711420476436615 20
1694171403804 0.22833144664764404 21
1694171405571 0.2451178878545761 22
1694171407321 0.20655222237110138 23
1694171409099 0.15017879009246826 24
1694171411008 0.21019302308559418 25
1694171412840 0.16894491016864777 26
1694171414677 0.18744423985481262 27
1694171416486 0.16956011950969696 28
1694171418242 0.18578079342842102 29
1694171420169 0.1507451832294464 30
1694171421983 0.22882205247879028 31
1694171424046 0.17442892491817474 32
1694171425821 0.2073747217655182 33
1694171427590 0.18125510215759277 34
1694171429542 0.15471427142620087 35
1694171431310 0.1684608906507492 36
1694171433071 0.16127625107765198 37
1694171434956 0.16029636561870575 38
1694171436775 0.1458478420972824 39
1694171438673 0.14883825182914734 40
1694171440482 0.1357673853635788 41
1694171442293 0.1484684944152832 42
1694171444086 0.16483695805072784 43
1694171445896 0.1503331959247589 44
1694171447707 0.14807292819023132 45
1694171449526 0.12479545176029205 46
1694171451308 0.16934195160865784 47
1694171453056 0.11994433403015137 48
1694171454828 0.1039169430732727 49
1694171456592 0.15557803213596344 50
1694171458349 0.14535453915596008 51
1694171460115 0.1848115772008896 52
1694171461868 0.14406412839889526 53
1694171463626 0.18713828921318054 54
1694171465383 0.15152497589588165 55
1694171467138 0.11299446225166321 56
1694171468904 0.1467903107404709 57
1694171470665 0.144133061170578 58
1694171472421 0.12711356580257416 59
1694171474185 0.13039530813694 60
1694171475937 0.14702831208705902 61
1694171477690 0.13869917392730713 62
1694171479462 0.12954533100128174 63
1694171481220 0.13346795737743378 64
1694171482977 0.12659214437007904 65
1694171484760 0.12314829975366592 66
1694171486510 0.1448446363210678 67
1694171488263 0.13405536115169525 68
1694171490019 0.11832283437252045 69
1694171491762 0.11763337254524231 70
1694171493526 0.12772853672504425 71
1694171495308 0.1001758798956871 72
1694171497071 0.154413104057312 73
1694171498816 0.12971903383731842 74
1694171500573 0.14832629263401031 75
1694171502320 0.13405954837799072 76
1694171504070 0.14168742299079895 77
1694171505819 0.11423996835947037 78
1694171507593 0.12896673381328583 79
1694171509350 0.1287156492471695 80
1694171511111 0.12894828617572784 81
1694171512882 0.11212737113237381 82
1694171514650 0.12697620689868927 83
1694171516419 0.12879039347171783 84
1694171518189 0.10255926102399826 85
1694171519971 0.1337740421295166 86
1694171521725 0.11158552765846252 87
1694171523477 0.12166284769773483 88
1694171525234 0.1253507137298584 89
1694171527069 0.09784157574176788 90
1694171528818 0.1426616609096527 91
1694171530571 0.16924375295639038 92
1694171532318 0.13865818083286285 93
1694171534076 0.11372717469930649 94
1694171535828 0.1221495047211647 95
1694171537575 0.10637912899255753 96
1694171539328 0.12349549680948257 97
1694171541083 0.095438152551651 98
1694171542825 0.1215435341000557 99
1694171544574 0.12356147170066833 100
1694171546325 0.12890873849391937 101
1694171548067 0.10446237027645111 102
1694171549834 0.0911896824836731 103
1694171551594 0.10860519856214523 104
1694171553344 0.10611452907323837 105
1694171555118 0.1198699027299881 106
1694171556868 0.10946588963270187 107
1694171558615 0.09601715952157974 108
1694171560387 0.10837223380804062 109
1694171562145 0.08836029469966888 110
1694171563915 0.08693017810583115 111
1694171565693 0.11998289823532104 112
1694171567480 0.1039719507098198 113
1694171569327 0.11533680558204651 114
1694171571096 0.11071542650461197 115
1694171572964 0.08267522603273392 116
1694171574798 0.13066639006137848 117
1694171576571 0.11723309010267258 118
1694171578356 0.11389151960611343 119
1694171580165 0.1394762545824051 120
1694171581948 0.09033827483654022 121
1694171583701 0.09999318420886993 122
1694171585460 0.08215837925672531 123
1694171587224 0.10768360644578934 124
1694171588981 0.08153587579727173 125
1694171590865 0.10244765132665634 126
1694171592641 0.11834630370140076 127
1694171594517 0.09669662266969681 128
1694171596289 0.07185208797454834 129
1694171598045 0.11886092275381088 130
1694171599802 0.09445467591285706 131
1694171601565 0.0941488966345787 132
1694171603316 0.09394863992929459 133
1694171605074 0.09032285213470459 134
1694171606835 0.09345408529043198 135
1694171608587 0.0887778028845787 136
1694171610349 0.12021265178918839 137
1694171612104 0.11213623732328415 138
1694171613855 0.10799725353717804 139
1694171615627 0.07418923825025558 140
1694171617383 0.06847067922353745 141
1694171619155 0.09314010292291641 142
1694171620939 0.1006450429558754 143
1694171622693 0.09582416713237762 144
1694171624447 0.09108955413103104 145
1694171626218 0.13499867916107178 146
1694171627986 0.08362235873937607 147
1694171629750 0.08267007023096085 148
1694171631501 0.08081527054309845 149
1694171633294 0.11371463537216187 150
1694171635085 0.07431917637586594 151
1694171636849 0.10273197293281555 152
1694171638603 0.10709827393293381 153
1694171640478 0.08876170217990875 154
1694171642231 0.09257475286722183 155
1694171643983 0.08386298269033432 156
1694171645740 0.10045984387397766 157
1694171647486 0.10633334517478943 158
1694171649238 0.08018328249454498 159
1694171651020 0.10190330445766449 160
1694171652776 0.09064162522554398 161
1694171654533 0.11194629222154617 162
1694171656344 0.0946999043226242 163
1694171658107 0.09107620269060135 164
1694171660067 0.10780483484268188 165
1694171661919 0.08588574081659317 166
1694171663745 0.09653758257627487 167
1694171665644 0.1275101602077484 168
1694171667637 0.09551408141851425 169
1694171669688 0.10164012759923935 170
1694171671501 0.08326293528079987 171
1694171673400 0.07825187593698502 172
1694171675273 0.08585825562477112 173
1694171677117 0.07402121275663376 174
1694171679003 0.06374926120042801 175
1694171680770 0.06045599281787872 176
1694171682519 0.08338000625371933 177
1694171684509 0.07881881296634674 178
1694171686276 0.091981902718544 179
1694171688249 0.05415419116616249 180
1694171690074 0.07617033272981644 181
1694171691963 0.09372394531965256 182
1694171693740 0.0676800087094307 183
1694171695739 0.07828774303197861 184
1694171697585 0.06954372674226761 185
1694171699434 0.09896323829889297 186
1694171701182 0.0872899666428566 187
1694171702921 0.07374413311481476 188
1694171704670 0.11488533765077591 189
1694171706409 0.09008856117725372 190
1694171708151 0.0766424909234047 191
1694171709918 0.09668013453483582 192
1694171711660 0.0717439278960228 193
1694171713402 0.09302893280982971 194
1694171715159 0.06957067549228668 195
1694171716896 0.08929097652435303 196
1694171718645 0.0875200480222702 197
1694171720394 0.0920163244009018 198
1694171722135 0.09015348553657532 199
1694171723878 0.06089238077402115 200
1694171725638 0.06452912092208862 201
1694171727399 0.07325237989425659 202
1694171729136 0.05486501008272171 203
1694171730901 0.08791138976812363 204
1694171732657 0.08315926790237427 205
1694171734417 0.09695566445589066 206
1694171736183 0.08159211277961731 207
1694171737937 0.07079989463090897 208
1694171739691 0.09937195479869843 209
1694171741455 0.10379886627197266 210
1694171743198 0.07544567435979843 211
1694171744957 0.07930878549814224 212
1694171746707 0.07815293222665787 213
1694171748478 0.0691734179854393 214
1694171750235 0.08302383124828339 215
1694171751983 0.06938651949167252 216
1694171753751 0.14267444610595703 217
1694171755530 0.08951063454151154 218
1694171757285 0.0625220239162445 219
1694171759036 0.07925371825695038 220
1694171760807 0.06897839158773422 221
1694171762567 0.0866682156920433 222
1694171764315 0.062281686812639236 223
1694171766084 0.06264057010412216 224
1694171767831 0.1007736399769783 225
1694171769577 0.06971733272075653 226
1694171771323 0.05794113129377365 227
1694171773077 0.06775526702404022 228
1694171774822 0.0792640745639801 229
1694171776565 0.08039546757936478 230
1694171778316 0.06715593487024307 231
1694171780076 0.06377378851175308 232
1694171781822 0.07994374632835388 233
1694171783564 0.08076619356870651 234
1694171785342 0.06193935126066208 235
1694171787092 0.06692789494991302 236
1694171788850 0.06002863869071007 237
1694171790624 0.050116200000047684 238
1694171792376 0.08203163743019104 239
1694171794133 0.09582560509443283 240
1694171796103 0.05507299304008484 241
1694171798033 0.08824045211076736 242
1694171799981 0.06679375469684601 243
1694171802014 0.07113377004861832 244
1694171803767 0.07893245667219162 245
1694171805515 0.0863245278596878 246
1694171807262 0.0765744149684906 247
1694171809022 0.055926017463207245 248
1694171810770 0.08074034750461578 249
1694171812524 0.0604969784617424 250
1694171814276 0.06764458119869232 251
1694171816031 0.05348866432905197 252
1694171817939 0.09406272321939468 253
1694171819690 0.06128266826272011 254
1694171821441 0.06162707507610321 255
1694171823189 0.08901719003915787 256
1694171824942 0.06285352259874344 257
