1694171366927 1.6765042543411255 0
1694171368778 1.531375765800476 1
1694171370522 1.3988128900527954 2
1694171372265 1.3092049360275269 3
1694171374026 1.275989294052124 4
1694171375778 1.2481205463409424 5
1694171377518 1.2390773296356201 6
1694171379287 1.2130348682403564 7
1694171381029 1.1912765502929688 8
1694171382773 1.1926213502883911 9
1694171384528 1.2029504776000977 10
1694171386284 1.2477755546569824 11
1694171388035 1.269324541091919 12
1694171389785 1.276565432548523 13
1694171391533 1.310141682624817 14
1694171393269 1.3615877628326416 15
1694171395033 1.3935863971710205 16
1694171396782 1.4497355222702026 17
1694171398538 1.5322765111923218 18
1694171400289 1.5204120874404907 19
1694171402048 1.6271361112594604 20
1694171403805 1.6614872217178345 21
1694171405572 1.7706068754196167 22
1694171407322 1.8484543561935425 23
1694171409100 1.8763350248336792 24
1694171411009 1.9685105085372925 25
1694171412841 2.0225634574890137 26
1694171414678 2.194228410720825 27
1694171416487 2.339540958404541 28
1694171418243 2.446112871170044 29
1694171420170 2.4323511123657227 30
1694171421984 2.5632593631744385 31
1694171424047 2.615673542022705 32
1694171425823 2.7484190464019775 33
1694171427592 2.808445692062378 34
1694171429544 2.778956413269043 35
1694171431311 2.811717987060547 36
1694171433073 2.974358081817627 37
1694171434957 2.971831798553467 38
1694171436776 3.1446495056152344 39
1694171438675 3.1176905632019043 40
1694171440483 3.001863718032837 41
1694171442294 2.9557600021362305 42
1694171444087 2.918961763381958 43
1694171445898 3.2135422229766846 44
1694171447708 3.151503562927246 45
1694171449527 3.138209819793701 46
1694171451309 3.213304042816162 47
1694171453057 3.3636934757232666 48
1694171454829 3.3597419261932373 49
1694171456594 3.3831543922424316 50
1694171458350 3.3822178840637207 51
1694171460116 3.4624102115631104 52
1694171461870 3.3688771724700928 53
1694171463628 3.5447604656219482 54
1694171465384 3.6073596477508545 55
1694171467139 3.630488872528076 56
1694171468905 3.667450428009033 57
1694171470667 3.728851079940796 58
1694171472422 3.650535821914673 59
1694171474187 3.575762987136841 60
1694171475938 3.671865701675415 61
1694171477691 3.727309465408325 62
1694171479463 3.769524574279785 63
1694171481221 3.6499886512756348 64
1694171482978 3.712277889251709 65
1694171484762 3.7952945232391357 66
1694171486511 3.740579128265381 67
1694171488264 3.9331471920013428 68
1694171490020 3.8685905933380127 69
1694171491764 3.7077341079711914 70
1694171493527 3.6027936935424805 71
1694171495309 3.5813701152801514 72
1694171497072 3.5212185382843018 73
1694171498817 3.5739235877990723 74
1694171500575 3.6801598072052 75
1694171502322 3.7074594497680664 76
1694171504071 3.664808750152588 77
1694171505820 3.6356027126312256 78
1694171507594 3.4817962646484375 79
1694171509352 3.468127965927124 80
1694171511112 3.3551185131073 81
1694171512884 3.311082601547241 82
1694171514651 3.0456454753875732 83
1694171516420 2.9967527389526367 84
1694171518191 3.007843494415283 85
1694171519972 3.0001163482666016 86
1694171521726 2.9700520038604736 87
1694171523478 2.8681583404541016 88
1694171525236 2.8049063682556152 89
1694171527070 2.7382586002349854 90
1694171528819 2.8782668113708496 91
1694171530572 2.623086929321289 92
1694171532319 2.580146312713623 93
1694171534077 2.568575859069824 94
1694171535829 2.5580878257751465 95
1694171537576 2.580836057662964 96
1694171539329 2.606297731399536 97
1694171541084 2.6817498207092285 98
1694171542826 2.766629219055176 99
1694171544576 2.864964008331299 100
1694171546326 2.7957208156585693 101
1694171548069 2.701768636703491 102
1694171549836 2.745504856109619 103
1694171551596 2.802992820739746 104
1694171553345 2.8199474811553955 105
1694171555119 2.92844557762146 106
1694171556869 3.0448384284973145 107
1694171558616 3.0685088634490967 108
1694171560388 3.095907211303711 109
1694171562146 3.258942127227783 110
1694171563916 3.4194860458374023 111
1694171565694 3.439380168914795 112
1694171567482 3.3917863368988037 113
1694171569328 3.463761806488037 114
1694171571098 3.446258306503296 115
1694171572965 3.408102035522461 116
1694171574800 3.277500867843628 117
1694171576572 3.2525527477264404 118
1694171578357 3.2116143703460693 119
1694171580166 3.1140496730804443 120
1694171581949 3.2633426189422607 121
1694171583702 3.312777280807495 122
1694171585461 3.236602783203125 123
1694171587225 3.2907748222351074 124
1694171588982 3.3521971702575684 125
1694171590867 3.459787607192993 126
1694171592642 3.501227378845215 127
1694171594518 3.6879303455352783 128
1694171596290 3.699394464492798 129
1694171598046 3.7882239818573 130
1694171599803 3.800626516342163 131
1694171601566 4.008266925811768 132
1694171603318 4.085202693939209 133
1694171605075 4.110547065734863 134
1694171606836 4.130321025848389 135
1694171608588 4.140985488891602 136
1694171610350 4.198370933532715 137
1694171612105 4.174720764160156 138
1694171613856 4.18169641494751 139
1694171615628 4.247763156890869 140
1694171617384 4.252108097076416 141
1694171619156 4.2419867515563965 142
1694171620941 4.308689117431641 143
1694171622694 4.293416500091553 144
1694171624448 4.307436943054199 145
1694171626220 4.364619731903076 146
1694171627987 4.142448902130127 147
1694171629751 4.210158348083496 148
1694171631502 4.118450164794922 149
1694171633295 4.110523700714111 150
1694171635086 4.025506019592285 151
1694171636850 4.04103946685791 152
1694171638604 4.019615173339844 153
1694171640480 3.821580410003662 154
1694171642232 3.83083176612854 155
1694171643985 3.6785824298858643 156
1694171645741 3.5083086490631104 157
1694171647487 3.4907875061035156 158
1694171649239 3.426039457321167 159
1694171651022 3.3403308391571045 160
1694171652778 3.1342434883117676 161
1694171654535 2.9220707416534424 162
1694171656345 2.7417619228363037 163
1694171658108 2.7237985134124756 164
1694171660068 2.5676376819610596 165
1694171661921 2.4442648887634277 166
1694171663746 2.2883620262145996 167
1694171665646 2.1147172451019287 168
1694171667638 2.085421085357666 169
1694171669689 1.9585117101669312 170
1694171671503 1.8861039876937866 171
1694171673401 1.8621923923492432 172
1694171675275 1.7979021072387695 173
1694171677118 1.836100459098816 174
1694171679004 1.8365668058395386 175
1694171680771 1.829635739326477 176
1694171682520 1.842913031578064 177
1694171684511 1.8352898359298706 178
1694171686278 1.872476577758789 179
1694171688250 1.9404113292694092 180
1694171690076 2.0581836700439453 181
1694171691965 2.082000255584717 182
1694171693741 2.1108856201171875 183
1694171695740 2.1507065296173096 184
1694171697586 2.203465223312378 185
1694171699435 2.2971155643463135 186
1694171701183 2.4176619052886963 187
1694171702923 2.486511468887329 188
1694171704671 2.491135358810425 189
1694171706410 2.5801873207092285 190
1694171708152 2.6284730434417725 191
1694171709919 2.66379976272583 192
1694171711662 2.7236227989196777 193
1694171713403 2.7597029209136963 194
1694171715161 2.794954776763916 195
1694171716897 2.8405449390411377 196
1694171718646 2.8309736251831055 197
1694171720396 2.836707592010498 198
1694171722137 2.8359720706939697 199
1694171723880 2.8419504165649414 200
1694171725639 2.839747428894043 201
1694171727400 2.8178818225860596 202
1694171729137 2.776991605758667 203
1694171730902 2.742567300796509 204
1694171732658 2.6785430908203125 205
1694171734418 2.599073886871338 206
1694171736184 2.5589590072631836 207
1694171737939 2.5520541667938232 208
1694171739693 2.525149345397949 209
1694171741456 2.470581293106079 210
1694171743199 2.3333635330200195 211
1694171744958 2.2682690620422363 212
1694171746708 2.187920093536377 213
1694171748479 2.1678991317749023 214
1694171750236 2.163280725479126 215
1694171751985 2.131331205368042 216
1694171753752 2.105713129043579 217
1694171755532 2.054142713546753 218
1694171757286 2.071213960647583 219
1694171759037 2.02315354347229 220
1694171760808 2.042548656463623 221
1694171762568 2.0302348136901855 222
1694171764316 2.069244623184204 223
1694171766086 2.119422435760498 224
1694171767832 2.1895949840545654 225
1694171769578 2.2426576614379883 226
1694171771326 2.266622304916382 227
1694171773078 2.274411916732788 228
1694171774824 2.3374524116516113 229
1694171776567 2.404160499572754 230
1694171778318 2.454267978668213 231
1694171780077 2.4550063610076904 232
1694171781824 2.5234875679016113 233
1694171783566 2.516443967819214 234
1694171785343 2.5268898010253906 235
1694171787093 2.509007453918457 236
1694171788851 2.48620343208313 237
1694171790625 2.3712990283966064 238
1694171792377 2.3193135261535645 239
1694171794134 2.3610124588012695 240
1694171796104 2.476893186569214 241
1694171798035 2.5326120853424072 242
1694171799982 2.4555470943450928 243
1694171802015 2.3539786338806152 244
1694171803768 2.2868714332580566 245
1694171805517 2.2358272075653076 246
1694171807263 2.307213306427002 247
1694171809024 2.3464419841766357 248
1694171810771 2.26078200340271 249
1694171812525 2.2425222396850586 250
1694171814277 2.1465437412261963 251
1694171816032 2.1177046298980713 252
1694171817940 2.0856945514678955 253
1694171819691 2.064389705657959 254
1694171821442 2.0692598819732666 255
1694171823190 2.029526710510254 256
1694171824944 1.9500384330749512 257
