1694171366928 2.654664993286133 0
1694171368779 2.327319383621216 1
1694171370523 2.189866304397583 2
1694171372266 1.804675817489624 3
1694171374027 1.6083570718765259 4
1694171375779 1.5849547386169434 5
1694171377519 1.5696978569030762 6
1694171379288 1.4879686832427979 7
1694171381030 1.4754860401153564 8
1694171382774 1.439490556716919 9
1694171384529 1.4294425249099731 10
1694171386285 1.5041104555130005 11
1694171388036 1.4984709024429321 12
1694171389786 1.5215109586715698 13
1694171391534 1.5331940650939941 14
1694171393270 1.6186635494232178 15
1694171395034 1.6409765481948853 16
1694171396783 1.6732317209243774 17
1694171398540 1.738531470298767 18
1694171400296 1.6980119943618774 19
1694171402049 1.8342503309249878 20
1694171403806 1.8898186683654785 21
1694171405573 2.0157246589660645 22
1694171407323 2.055006504058838 23
1694171409101 2.0265138149261475 24
1694171411011 2.178703546524048 25
1694171412842 2.1915082931518555 26
1694171414679 2.3816726207733154 27
1694171416488 2.509101152420044 28
1694171418244 2.6318936347961426 29
1694171420172 2.5830962657928467 30
1694171421985 2.792081356048584 31
1694171424048 2.790102481842041 32
1694171425824 2.955793857574463 33
1694171427593 2.9897007942199707 34
1694171429545 2.93367075920105 35
1694171431312 2.9801788330078125 36
1694171433074 3.135634422302246 37
1694171434958 3.1321282386779785 38
1694171436777 3.290497303009033 39
1694171438676 3.266528844833374 40
1694171440484 3.1376311779022217 41
1694171442295 3.1042284965515137 42
1694171444088 3.08379864692688 43
1694171445899 3.363875389099121 44
1694171447709 3.2995765209198 45
1694171449528 3.263005256652832 46
1694171451311 3.382646083831787 47
1694171453058 3.483637809753418 48
1694171454831 3.4636588096618652 49
1694171456595 3.5387325286865234 50
1694171458351 3.5275723934173584 51
1694171460117 3.647221803665161 52
1694171461871 3.512941360473633 53
1694171463629 3.731898784637451 54
1694171465385 3.7588846683502197 55
1694171467140 3.743483304977417 56
1694171468906 3.8142406940460205 57
1694171470668 3.8729841709136963 58
1694171472423 3.777649402618408 59
1694171474188 3.706158399581909 60
1694171475939 3.8188939094543457 61
1694171477692 3.866008758544922 62
1694171479464 3.8990697860717773 63
1694171481222 3.783456563949585 64
1694171482980 3.838870048522949 65
1694171484763 3.918442726135254 66
1694171486518 3.8854236602783203 67
1694171488265 4.067202568054199 68
1694171490021 3.9869134426116943 69
1694171491765 3.8253674507141113 70
1694171493528 3.7305221557617188 71
1694171495310 3.6815459728240967 72
1694171497073 3.675631523132324 73
1694171498818 3.7036426067352295 74
1694171500576 3.828486204147339 75
1694171502323 3.8415188789367676 76
1694171504072 3.8064961433410645 77
1694171505821 3.749842643737793 78
1694171507595 3.6107630729675293 79
1694171509353 3.596843719482422 80
1694171511113 3.4840667247772217 81
1694171512885 3.4232099056243896 82
1694171514652 3.172621726989746 83
1694171516421 3.1255431175231934 84
1694171518192 3.110402822494507 85
1694171519973 3.133890390396118 86
1694171521727 3.0816376209259033 87
1694171523479 2.989821195602417 88
1694171525237 2.9302570819854736 89
1694171527071 2.8361001014709473 90
1694171528820 3.020928382873535 91
1694171530573 2.792330741882324 92
1694171532320 2.7188045978546143 93
1694171534078 2.682302951812744 94
1694171535830 2.680237293243408 95
1694171537578 2.6872150897979736 96
1694171539330 2.7297933101654053 97
1694171541085 2.7771880626678467 98
1694171542827 2.8881728649139404 99
1694171544577 2.988525390625 100
1694171546327 2.9246294498443604 101
1694171548070 2.8062310218811035 102
1694171549837 2.8366944789886475 103
1694171551597 2.911597967147827 104
1694171553346 2.9260621070861816 105
1694171555120 3.0483155250549316 106
1694171556870 3.154304265975952 107
1694171558618 3.1645259857177734 108
1694171560389 3.2042794227600098 109
1694171562153 3.3473024368286133 110
1694171563917 3.5064163208007812 111
1694171565695 3.5593631267547607 112
1694171567488 3.495758295059204 113
1694171569329 3.579098701477051 114
1694171571099 3.556973695755005 115
1694171572966 3.4907772541046143 116
1694171574801 3.4081673622131348 117
1694171576573 3.369785785675049 118
1694171578363 3.3255059719085693 119
1694171580167 3.253525972366333 120
1694171581950 3.3536808490753174 121
1694171583703 3.4127705097198486 122
1694171585462 3.318761110305786 123
1694171587226 3.398458480834961 124
1694171588983 3.4337329864501953 125
1694171590868 3.5622353553771973 126
1694171592643 3.6195735931396484 127
1694171594519 3.7846269607543945 128
1694171596291 3.7712464332580566 129
1694171598047 3.9070849418640137 130
1694171599804 3.8950812816619873 131
1694171601567 4.102416038513184 132
1694171603319 4.17915153503418 133
1694171605076 4.200870037078857 134
1694171606837 4.2237749099731445 135
1694171608589 4.229763507843018 136
1694171610351 4.3185834884643555 137
1694171612107 4.2868571281433105 138
1694171613857 4.289693832397461 139
1694171615629 4.3219523429870605 140
1694171617385 4.320578575134277 141
1694171619157 4.335126876831055 142
1694171620942 4.409334182739258 143
1694171622696 4.389240741729736 144
1694171624449 4.398526668548584 145
1694171626221 4.4996185302734375 146
1694171627988 4.226071357727051 147
1694171629752 4.292828559875488 148
1694171631509 4.199265480041504 149
1694171633296 4.224238395690918 150
1694171635087 4.099825382232666 151
1694171636852 4.143771648406982 152
1694171638605 4.126713275909424 153
1694171640481 3.910342216491699 154
1694171642233 3.9234066009521484 155
1694171643986 3.7624454498291016 156
1694171645742 3.6087684631347656 157
1694171647488 3.597120761871338 158
1694171649246 3.506222724914551 159
1694171651023 3.4422340393066406 160
1694171652779 3.2248852252960205 161
1694171654536 3.0340170860290527 162
1694171656346 2.8364617824554443 163
1694171658109 2.8148746490478516 164
1694171660070 2.6754424571990967 165
1694171661922 2.5301506519317627 166
1694171663747 2.384899616241455 167
1694171665647 2.24222731590271 168
1694171667639 2.1809351444244385 169
1694171669690 2.0601518154144287 170
1694171671504 1.9693669080734253 171
1694171673402 1.9404442310333252 172
1694171675276 1.8837603330612183 173
1694171677119 1.9101216793060303 174
1694171679006 1.9003161191940308 175
1694171680772 1.8900917768478394 176
1694171682521 1.9262930154800415 177
1694171684512 1.9141086339950562 178
1694171686279 1.9644584655761719 179
1694171688251 1.994565486907959 180
1694171690077 2.1343541145324707 181
1694171691966 2.1757242679595947 182
1694171693742 2.178565740585327 183
1694171695741 2.228994369506836 184
1694171697587 2.2730090618133545 185
1694171699436 2.3960788249969482 186
1694171701184 2.5049519538879395 187
1694171702924 2.560255527496338 188
1694171704672 2.60602068901062 189
1694171706411 2.670275926589966 190
1694171708153 2.705115556716919 191
1694171709920 2.7604799270629883 192
1694171711663 2.7953667640686035 193
1694171713404 2.852731943130493 194
1694171715162 2.864525556564331 195
1694171716898 2.929835796356201 196
1694171718647 2.9184937477111816 197
1694171720397 2.9287238121032715 198
1694171722138 2.9261255264282227 199
1694171723881 2.9028427600860596 200
1694171725640 2.9042766094207764 201
1694171727401 2.891134262084961 202
1694171729138 2.8318567276000977 203
1694171730909 2.8304786682128906 204
1694171732659 2.761702299118042 205
1694171734419 2.6960296630859375 206
1694171736191 2.6405510902404785 207
1694171737940 2.622853994369507 208
1694171739694 2.624521255493164 209
1694171741463 2.5743801593780518 210
1694171743201 2.408809185028076 211
1694171744959 2.3475778102874756 212
1694171746715 2.266072988510132 213
1694171748480 2.237072467803955 214
1694171750237 2.246304512023926 215
1694171751991 2.2007176876068115 216
1694171753753 2.248387575149536 217
1694171755533 2.143653392791748 218
1694171757287 2.1337358951568604 219
1694171759038 2.102407217025757 220
1694171760809 2.1115269660949707 221
1694171762569 2.116903066635132 222
1694171764317 2.131526231765747 223
1694171766087 2.182063102722168 224
1694171767833 2.2903685569763184 225
1694171769579 2.312375068664551 226
1694171771328 2.324563503265381 227
1694171773080 2.3421671390533447 228
1694171774825 2.4167165756225586 229
1694171776568 2.484555959701538 230
1694171778319 2.521423816680908 231
1694171780078 2.51878023147583 232
1694171781825 2.603431224822998 233
1694171783567 2.597210168838501 234
1694171785344 2.5888290405273438 235
1694171787094 2.5759353637695312 236
1694171788852 2.546231985092163 237
1694171790626 2.421415328979492 238
1694171792378 2.4013452529907227 239
1694171794135 2.4568381309509277 240
1694171796106 2.531966209411621 241
1694171798036 2.620852470397949 242
1694171799983 2.522340774536133 243
1694171802016 2.42511248588562 244
1694171803769 2.3658039569854736 245
1694171805518 2.3221516609191895 246
1694171807264 2.3837876319885254 247
1694171809025 2.4023680686950684 248
1694171810772 2.341522455215454 249
1694171812526 2.3030192852020264 250
1694171814284 2.21418833732605 251
1694171816033 2.1711933612823486 252
1694171817941 2.1797573566436768 253
1694171819692 2.1256723403930664 254
1694171821443 2.130887031555176 255
1694171823191 2.118543863296509 256
1694171824945 2.012892007827759 257
