1694165381612 0.9774486422538757 0
1694165383569 0.9212924838066101 1
1694165385384 1.9134864807128906 2
1694165387182 0.7242816686630249 3
1694165388993 0.715130090713501 4
1694165390796 0.6873753070831299 5
1694165392604 0.666551411151886 6
1694165394555 0.7815212607383728 7
1694165396481 0.6558994054794312 8
1694165398516 0.6275575757026672 9
1694165400633 0.6027795672416687 10
1694165402538 0.5786195397377014 11
1694165404848 0.5474154353141785 12
1694165406697 0.5091546773910522 13
1694165408606 0.4956199824810028 14
1694165410463 0.4879341423511505 15
1694165412288 0.742594838142395 16
1694165414266 1.0720438957214355 17
1694165416082 0.5632258057594299 18
1694165417898 0.43380337953567505 19
1694165419716 0.5103315114974976 20
1694165421523 0.5297371745109558 21
1694165423504 0.4854947626590729 22
1694165425340 0.440414696931839 23
1694165427319 0.9413102269172668 24
