1695156214784 0.6783222556114197 0
1695156215146 0.40127959847450256 1
1695156215507 0.2704799771308899 2
1695156215867 0.20408806204795837 3
1695156216223 0.3803955018520355 4
1695156216577 0.13677386939525604 5
1695156216929 0.18811775743961334 6
1695156217283 0.1671316772699356 7
1695156217634 0.1402713656425476 8
1695156217985 0.22067567706108093 9
1695156218339 0.09869775176048279 10
1695156218692 0.06579430401325226 11
1695156219044 0.0996093824505806 12
1695156219394 0.1427094042301178 13
1695156219745 0.11346447467803955 14
1695156220097 0.08736816793680191 15
1695156220452 0.15656590461730957 16
1695156220804 0.18237663805484772 17
1695156221155 0.12993250787258148 18
1695156221507 0.1557898223400116 19
1695156221857 0.1406315267086029 20
1695156222209 0.14106318354606628 21
1695156222561 0.12980832159519196 22
1695156222912 0.13181288540363312 23
1695156223265 0.07840248197317123 24
1695156223616 0.05209604278206825 25
1695156223966 0.08636660128831863 26
1695156224316 0.12118605524301529 27
1695156224665 0.08610071241855621 28
1695156225016 0.06100009009242058 29
1695156225365 0.07974854111671448 30
1695156225715 0.07025619596242905 31
1695156226063 0.06387610733509064 32
1695156226413 0.09493446350097656 33
1695156226762 0.06053297221660614 34
1695156227112 0.15876534581184387 35
1695156227462 0.08974023908376694 36
1695156227811 0.03505612909793854 37
1695156228161 0.14059503376483917 38
1695156228514 0.050483521074056625 39
1695156228862 0.05342261120676994 40
1695156229211 0.08451081067323685 41
1695156229560 0.10695134103298187 42
1695156229910 0.07482948154211044 43
1695156230258 0.05536295473575592 44
1695156230608 0.05584293231368065 45
1695156230957 0.027056526392698288 46
1695156231307 0.1301451474428177 47
1695156231657 0.0638732984662056 48
1695156232005 0.05215228348970413 49
1695156232355 0.04548855870962143 50
1695156232705 0.08505666255950928 51
1695156233054 0.10630635172128677 52
1695156233406 0.0486394427716732 53
1695156233758 0.06796874850988388 54
1695156234108 0.046326372772455215 55
1695156234460 0.09854815155267715 56
1695156234810 0.0720251202583313 57
1695156235162 0.04923521354794502 58
1695156235514 0.042708441615104675 59
1695156235866 0.05577822029590607 60
1695156236217 0.06117035821080208 61
1695156236569 0.06597575545310974 62
1695156236925 0.07034727931022644 63
1695156237273 0.02513427659869194 64
1695156237621 0.11586354672908783 65
1695156237970 0.05683404952287674 66
1695156238319 0.050517719238996506 67
1695156238669 0.17205080389976501 68
1695156239017 0.04087873920798302 69
1695156239366 0.09430886059999466 70
1695156239716 0.08656243979930878 71
1695156240071 0.034942422062158585 72
1695156240424 0.14520855247974396 73
1695156240779 0.05730225145816803 74
1695156241132 0.05948496237397194 75
1695156241483 0.04600899666547775 76
1695156241836 0.05722818896174431 77
1695156242188 0.04255647212266922 78
1695156242538 0.05481645464897156 79
1695156242888 0.08566010743379593 80
1695156243240 0.06503979116678238 81
1695156243593 0.07818030565977097 82
1695156243946 0.07311088591814041 83
1695156244299 0.04075133055448532 84
1695156244651 0.07204679399728775 85
1695156245003 0.0422026626765728 86
1695156245353 0.03140110895037651 87
1695156245703 0.0749894306063652 88
1695156246053 0.047426529228687286 89
1695156246404 0.017618168145418167 90
1695156246752 0.04225597530603409 91
1695156247101 0.07011771202087402 92
1695156247450 0.04405565559864044 93
1695156247810 0.012820248492062092 94
1695156248158 0.029063129797577858 95
1695156248506 0.06436939537525177 96
1695156248855 0.0634230375289917 97
1695156249204 0.03916703164577484 98
1695156249550 0.10446037352085114 99
1695156249898 0.06327243894338608 100
1695156250247 0.04681136831641197 101
1695156250595 0.034898657351732254 102
1695156250944 0.05180647224187851 103
1695156251290 0.016367260366678238 104
1695156251639 0.04488706216216087 105
1695156251986 0.0532069206237793 106
1695156252334 0.07283436506986618 107
1695156252683 0.07879005372524261 108
1695156253031 0.022456597536802292 109
1695156253380 0.09152927994728088 110
1695156253728 0.03836863487958908 111
1695156254076 0.07794643938541412 112
1695156254425 0.04788004606962204 113
1695156254774 0.032247114926576614 114
1695156255122 0.052401792258024216 115
1695156255470 0.07355083525180817 116
1695156255819 0.045318230986595154 117
1695156256168 0.06992828100919724 118
1695156256517 0.04098055884242058 119
1695156256866 0.07836607098579407 120
1695156257214 0.016071917489171028 121
1695156257560 0.057883426547050476 122
1695156257910 0.03513938933610916 123
1695156258257 0.07019712775945663 124
1695156258605 0.07122407853603363 125
1695156258954 0.022066745907068253 126
1695156259302 0.09052439033985138 127
1695156259651 0.020730802789330482 128
1695156259997 0.03700154647231102 129
1695156260345 0.02454264461994171 130
1695156260692 0.011845570057630539 131
1695156261039 0.03428476303815842 132
1695156261388 0.048914145678281784 133
1695156261737 0.016744405031204224 134
1695156262086 0.09607775509357452 135
1695156262433 0.01704986020922661 136
1695156262780 0.05729565769433975 137
1695156263129 0.04787580668926239 138
1695156263478 0.044299181550741196 139
1695156263825 0.05361993983387947 140
1695156264174 0.03827996924519539 141
1695156264523 0.07273061573505402 142
1695156264872 0.04495907202363014 143
