1695127063706 2232.164306640625 0
1695127067668 2120.2666015625 1
1695127068021 2008.707763671875 2
1695127068351 1977.689453125 3
1695127068701 1911.996337890625 4
1695127069052 1838.47265625 5
1695127069371 1913.8880615234375 6
1695127069684 1759.8892822265625 7
1695127069994 1862.76220703125 8
1695127070322 1723.01904296875 9
1695127070662 1768.512451171875 10
1695127070978 1666.9503173828125 11
1695127071288 1700.1318359375 12
1695127071598 1697.9638671875 13
1695127071913 1635.32666015625 14
1695127072231 1566.7705078125 15
1695127072562 1589.984375 16
1695127072898 1563.913818359375 17
1695127073243 1602.51806640625 18
1695127073591 1569.280029296875 19
1695127073924 1560.22998046875 20
1695127074238 1516.69677734375 21
1695127074579 1538.0166015625 22
1695127074909 1568.419677734375 23
1695127075227 1540.709716796875 24
1695127075538 1472.873779296875 25
1695127075866 1430.490234375 26
1695127076189 1474.62255859375 27
1695127076522 1396.09814453125 28
1695127076838 1464.1204833984375 29
1695127077177 1397.71728515625 30
1695127077515 1404.43115234375 31
1695127077849 1390.68212890625 32
1695127078200 1393.41259765625 33
1695127078543 1419.6737060546875 34
1695127078876 1352.36376953125 35
1695127079190 1507.8515625 36
1695127079507 1374.92431640625 37
1695127079837 1351.066162109375 38
1695127080174 1376.3865966796875 39
1695127080503 1409.8184814453125 40
1695127080822 1394.710205078125 41
1695127081134 1315.9365234375 42
1695127081470 1295.372802734375 43
1695127081783 1355.818115234375 44
1695127082098 1371.824951171875 45
1695127082410 1344.242919921875 46
1695127082720 1354.5469970703125 47
1695127083029 1286.3299560546875 48
1695127083340 1297.2261962890625 49
1695127083653 1331.306640625 50
1695127083971 1286.3775634765625 51
1695127084290 1240.37109375 52
1695127084602 1306.199462890625 53
1695127084924 1303.892822265625 54
1695127085249 1271.724609375 55
1695127085562 1313.0306396484375 56
1695127085886 1255.4501953125 57
1695127086210 1324.374267578125 58
1695127086522 1238.076416015625 59
1695127086833 1256.298583984375 60
1695127087147 1237.9501953125 61
1695127087460 1208.0545654296875 62
1695127087773 1228.416748046875 63
1695127088083 1223.260009765625 64
1695127088391 1283.10302734375 65
1695127088704 1179.89990234375 66
1695127089016 1216.7100830078125 67
1695127089329 1217.106201171875 68
1695127089640 1274.344970703125 69
1695127089954 1199.9066162109375 70
1695127090265 1240.8892822265625 71
1695127090581 1186.8050537109375 72
1695127090892 1230.4923095703125 73
1695127091202 1225.558837890625 74
1695127091512 1201.066650390625 75
1695127091823 1159.2835693359375 76
1695127092133 1273.71533203125 77
1695127092446 1164.07421875 78
1695127092756 1195.248779296875 79
1695127093066 1190.1768798828125 80
1695127093376 1142.594970703125 81
1695127093690 1122.1138916015625 82
1695127094002 1157.89013671875 83
1695127094313 1127.732421875 84
1695127094622 1168.5321044921875 85
1695127094932 1132.37890625 86
1695127095245 1146.6624755859375 87
1695127095555 1148.46484375 88
1695127095866 1129.30615234375 89
1695127096176 1203.106201171875 90
1695127096486 1129.8953857421875 91
1695127096800 1099.5635986328125 92
1695127097111 1164.5406494140625 93
1695127097422 1105.368408203125 94
1695127097731 1147.2816162109375 95
1695127098041 1133.4439697265625 96
1695127098352 1079.6163330078125 97
1695127098663 1098.7462158203125 98
1695127098977 1020.5662841796875 99
1695127099286 1087.9554443359375 100
1695127102889 1103.072021484375 101
1695127103198 1074.2763671875 102
1695127103510 1059.40380859375 103
1695127103820 1079.571044921875 104
1695127104131 1083.782958984375 105
1695127104442 1101.42529296875 106
1695127104753 1107.915283203125 107
1695127105064 1046.825439453125 108
1695127105373 1033.964111328125 109
1695127105684 1065.4381103515625 110
1695127106000 1087.6875 111
1695127106313 1031.192138671875 112
1695127106625 1093.2845458984375 113
1695127106936 1036.64453125 114
1695127107247 1031.58203125 115
1695127107556 1067.0283203125 116
1695127107865 1018.9218139648438 117
1695127108177 1017.3901977539062 118
1695127108488 1048.345458984375 119
1695127108800 1043.31640625 120
1695127109110 1003.3123779296875 121
1695127109424 974.2265014648438 122
1695127109732 1062.153564453125 123
1695127110041 960.24365234375 124
1695127110351 1092.5003662109375 125
1695127110662 1028.493408203125 126
1695127110973 1079.3446044921875 127
1695127111284 1022.1714477539062 128
1695127111597 1019.0962524414062 129
1695127111913 1015.3441162109375 130
1695127112223 1049.017578125 131
1695127112533 1002.8187866210938 132
1695127112843 1003.1047973632812 133
1695127113155 1079.983154296875 134
1695127113466 958.1428833007812 135
1695127113777 1033.5654296875 136
1695127114087 1009.5272216796875 137
1695127114397 962.9923706054688 138
1695127114705 942.6337280273438 139
1695127115015 997.64404296875 140
1695127115326 1006.7826538085938 141
1695127115638 1007.3868408203125 142
1695127115952 1029.517578125 143
1695127116263 993.4251708984375 144
1695127116573 976.0275268554688 145
1695127116885 951.204833984375 146
1695127117195 993.5909423828125 147
1695127117513 992.3932495117188 148
1695127117824 979.03125 149
1695127118133 983.12255859375 150
1695127118443 1091.6005859375 151
1695127118754 1002.0667724609375 152
1695127119067 1008.3418579101562 153
1695127119379 950.5269165039062 154
1695127119688 957.1224365234375 155
1695127119998 994.9205322265625 156
1695127120310 1020.7849731445312 157
1695127120620 982.4234619140625 158
1695127120932 940.8661499023438 159
1695127121241 1018.8675537109375 160
1695127121552 967.2852783203125 161
1695127121863 947.4816284179688 162
1695127122173 981.6966552734375 163
1695127122483 947.48193359375 164
1695127122797 933.322998046875 165
1695127123107 968.0078735351562 166
1695127123419 946.8325805664062 167
1695127123728 969.9968872070312 168
1695127124043 938.5703125 169
1695127124353 932.7001953125 170
1695127124663 986.5482177734375 171
1695127124974 942.2670288085938 172
1695127125283 955.7888793945312 173
1695127125595 928.0750732421875 174
1695127125906 948.1987915039062 175
1695127126216 974.225830078125 176
1695127126532 880.6640625 177
1695127126844 956.3757934570312 178
1695127127154 935.666748046875 179
1695127127464 899.5823974609375 180
1695127127778 900.480224609375 181
1695127128091 913.123046875 182
1695127128401 943.2393188476562 183
1695127128717 890.8432006835938 184
1695127129027 933.7479858398438 185
1695127129338 922.0131225585938 186
1695127129648 917.3443603515625 187
1695127129958 902.9244995117188 188
1695127130268 919.2625122070312 189
1695127130577 908.8405151367188 190
1695127130889 893.8743896484375 191
1695127131201 943.394775390625 192
1695127131511 913.0386962890625 193
1695127131822 937.289306640625 194
1695127132132 891.9544677734375 195
1695127132441 912.6943969726562 196
1695127132754 886.8468017578125 197
1695127133065 891.9974365234375 198
1695127133377 929.0814208984375 199
1695127133687 855.3052368164062 200
1695127137328 904.0762939453125 201
1695127137637 906.56396484375 202
1695127137947 908.306640625 203
1695127138272 860.7744750976562 204
1695127138602 902.5475463867188 205
1695127138918 878.7819213867188 206
1695127139235 893.4801025390625 207
1695127139551 862.1947631835938 208
1695127139866 878.1847534179688 209
1695127140182 888.6724853515625 210
1695127140499 885.5587158203125 211
1695127140813 915.3055419921875 212
1695127141126 863.4552001953125 213
1695127141438 867.3076782226562 214
1695127141753 901.0650634765625 215
1695127142069 938.441650390625 216
1695127142382 898.73193359375 217
1695127142693 871.949462890625 218
1695127143026 880.0032348632812 219
1695127143360 880.2719116210938 220
1695127143687 899.6143798828125 221
1695127144005 863.3732299804688 222
1695127144318 851.795654296875 223
1695127144629 894.3695068359375 224
1695127144953 873.7679443359375 225
1695127145271 908.2344360351562 226
1695127145607 874.7350463867188 227
1695127145952 835.3878784179688 228
1695127146300 899.27294921875 229
1695127146654 869.4432983398438 230
1695127146995 895.7740478515625 231
1695127147324 843.8771362304688 232
1695127147635 895.1556396484375 233
1695127147957 890.4179077148438 234
1695127148288 826.7978515625 235
1695127148620 821.5936279296875 236
1695127148946 917.8754272460938 237
1695127149272 894.3638916015625 238
1695127149607 807.4758911132812 239
1695127149952 883.7467041015625 240
1695127150291 850.4891357421875 241
1695127150643 837.741455078125 242
1695127150962 878.8383178710938 243
1695127151296 851.1358642578125 244
1695127151612 854.758544921875 245
1695127151942 848.065673828125 246
1695127152256 851.002685546875 247
1695127152570 818.5172119140625 248
1695127152883 852.6895141601562 249
1695127153200 829.2709350585938 250
1695127153519 790.9515380859375 251
1695127153850 888.3212890625 252
1695127154169 863.748291015625 253
1695127154478 838.0313110351562 254
1695127154787 882.3016967773438 255
1695127155098 830.044921875 256
1695127155410 844.5055541992188 257
1695127155721 824.596923828125 258
1695127156031 846.69580078125 259
1695127156348 817.8651123046875 260
1695127156659 820.0271606445312 261
1695127156969 854.1229248046875 262
1695127157286 825.0845947265625 263
1695127157617 845.64208984375 264
1695127157956 861.8217163085938 265
1695127158298 824.212646484375 266
1695127158634 830.9556884765625 267
1695127158951 800.8023681640625 268
1695127159265 816.375244140625 269
1695127159579 836.7736206054688 270
1695127159906 816.4539794921875 271
1695127160250 816.6041259765625 272
1695127160578 832.498779296875 273
1695127160894 846.0047607421875 274
1695127161211 823.9278564453125 275
1695127161527 816.08984375 276
1695127161839 828.7840576171875 277
1695127162152 814.0614013671875 278
1695127162466 815.1034545898438 279
1695127162777 860.554931640625 280
1695127163090 866.6083374023438 281
1695127163406 829.2659912109375 282
1695127163717 831.1448364257812 283
1695127164030 813.9161376953125 284
1695127164346 835.3299560546875 285
1695127164663 820.64208984375 286
1695127164976 852.2015991210938 287
1695127165290 811.5638427734375 288
1695127165603 869.4241943359375 289
1695127165914 792.691650390625 290
1695127166228 824.7623291015625 291
1695127166544 780.0330810546875 292
1695127166857 803.9552001953125 293
1695127167173 805.8104248046875 294
1695127167490 856.9376831054688 295
1695127167805 834.1478271484375 296
1695127168119 834.1333618164062 297
1695127168437 815.8089599609375 298
1695127168751 846.177734375 299
1695127169064 834.290283203125 300
1695127172767 787.0817260742188 301
1695127173082 843.0970458984375 302
1695127173395 783.6842651367188 303
1695127173727 802.433349609375 304
1695127174068 763.384033203125 305
1695127174415 787.6094360351562 306
1695127174750 798.2440185546875 307
1695127175098 849.1720581054688 308
1695127175442 820.1463012695312 309
1695127175792 773.2447509765625 310
1695127176113 772.152587890625 311
1695127176446 749.389404296875 312
1695127176757 783.5645141601562 313
1695127177070 824.9630126953125 314
1695127177384 825.70703125 315
1695127177696 776.17822265625 316
1695127178007 802.3953857421875 317
1695127178323 819.7573852539062 318
1695127178635 766.9286499023438 319
1695127178947 814.587890625 320
1695127179296 838.56787109375 321
1695127179615 812.3771362304688 322
1695127179930 814.13623046875 323
1695127180247 833.698974609375 324
1695127180562 788.8643798828125 325
1695127180878 818.4612426757812 326
1695127181200 837.8826904296875 327
1695127181548 771.9102783203125 328
1695127181879 820.92626953125 329
1695127182212 829.6986083984375 330
1695127182555 805.93359375 331
1695127182887 794.5971069335938 332
1695127183217 783.51953125 333
1695127183549 766.1170654296875 334
1695127183862 769.954833984375 335
1695127184171 795.5883178710938 336
1695127184481 787.6795654296875 337
1695127184791 785.4171752929688 338
1695127185102 775.3707885742188 339
1695127185411 780.611328125 340
1695127185720 785.413330078125 341
1695127186030 803.4500732421875 342
1695127186341 768.2257690429688 343
1695127186681 807.2953491210938 344
1695127187024 774.9814453125 345
1695127187368 815.359619140625 346
1695127187698 735.9130249023438 347
1695127188012 785.0132446289062 348
1695127188330 773.1531982421875 349
1695127188645 758.8652954101562 350
1695127188961 744.9180297851562 351
1695127189275 760.9417724609375 352
1695127189588 774.03955078125 353
1695127189907 747.1265869140625 354
1695127190259 744.1627197265625 355
1695127190612 754.87158203125 356
1695127190935 763.489501953125 357
1695127191249 782.9481201171875 358
1695127191563 758.0444946289062 359
1695127191881 814.2796630859375 360
1695127192209 770.5775146484375 361
1695127192532 814.730224609375 362
1695127192845 778.306396484375 363
1695127193167 793.2119140625 364
1695127193483 763.3861694335938 365
1695127193798 778.4385375976562 366
1695127194124 788.3475341796875 367
1695127194450 790.9443359375 368
1695127194770 756.190673828125 369
1695127195089 764.7568969726562 370
1695127195407 727.0401611328125 371
1695127195724 759.7313842773438 372
1695127196043 818.2818603515625 373
1695127196356 754.4755859375 374
1695127196677 777.1920166015625 375
1695127197007 779.8678588867188 376
1695127197337 739.59326171875 377
1695127197655 753.2015380859375 378
1695127197971 770.3251953125 379
1695127198293 745.6123046875 380
1695127198618 751.5385131835938 381
1695127198947 774.3636474609375 382
1695127199275 737.0244140625 383
1695127199601 739.9346923828125 384
1695127199917 739.7269287109375 385
1695127200237 743.578857421875 386
1695127200559 762.9066772460938 387
1695127200885 785.8945922851562 388
1695127201207 719.7156982421875 389
1695127201542 754.259765625 390
1695127201866 792.7008056640625 391
1695127202188 736.918701171875 392
1695127202506 734.8639526367188 393
1695127202818 761.1058349609375 394
1695127203145 749.6287841796875 395
1695127203463 758.81494140625 396
1695127203777 782.46337890625 397
1695127204093 734.9257202148438 398
1695127204410 761.8181762695312 399
1695127204722 747.5223388671875 400
1695127208456 749.0172119140625 401
1695127208779 728.6141967773438 402
1695127209095 724.0659790039062 403
1695127209408 761.6778564453125 404
1695127209725 721.6553955078125 405
1695127210043 741.41259765625 406
1695127210357 774.9359741210938 407
1695127210672 722.962158203125 408
1695127210987 738.8753662109375 409
1695127211319 727.22509765625 410
1695127211654 755.582275390625 411
1695127211977 806.5746459960938 412
1695127212306 738.2808227539062 413
1695127212626 755.552001953125 414
1695127212949 757.5113525390625 415
1695127213269 736.0426635742188 416
1695127213590 723.1441040039062 417
1695127213905 702.4264526367188 418
1695127214221 749.49072265625 419
1695127214541 812.249267578125 420
1695127214862 728.4876098632812 421
1695127215176 757.4854125976562 422
1695127215491 733.389892578125 423
1695127215807 738.1199951171875 424
1695127216119 717.5899658203125 425
1695127216436 810.234130859375 426
1695127216749 682.9298095703125 427
1695127217066 736.869384765625 428
1695127217386 731.713134765625 429
1695127217699 763.296875 430
1695127218014 742.1281127929688 431
1695127218330 715.751953125 432
1695127218644 775.704345703125 433
1695127218961 763.1162109375 434
1695127219277 724.9915771484375 435
1695127219591 741.9967651367188 436
1695127219907 745.126953125 437
1695127220221 767.491943359375 438
1695127220536 724.1478881835938 439
1695127220888 754.7694091796875 440
1695127221224 715.107177734375 441
1695127221545 722.61474609375 442
1695127221856 732.0863037109375 443
1695127222192 721.5377197265625 444
1695127222514 705.97314453125 445
1695127222832 735.3101196289062 446
1695127223146 728.955322265625 447
1695127223460 745.3480224609375 448
1695127223772 719.601806640625 449
1695127224086 724.9049682617188 450
1695127224399 779.5140380859375 451
1695127224715 705.5603637695312 452
1695127225027 726.605712890625 453
1695127225340 705.078369140625 454
1695127225657 718.397705078125 455
1695127225968 739.1004638671875 456
1695127226283 698.5399780273438 457
1695127226595 756.175537109375 458
1695127226908 703.4947509765625 459
1695127227223 758.267822265625 460
1695127227542 742.7416381835938 461
1695127227857 753.3392333984375 462
1695127228171 676.51611328125 463
1695127228485 696.335205078125 464
1695127228803 765.207763671875 465
1695127229117 716.4527587890625 466
1695127229429 729.6800537109375 467
1695127229748 688.0615844726562 468
1695127230061 725.2228393554688 469
1695127230377 710.3912353515625 470
1695127230691 748.9459228515625 471
1695127231005 708.3057861328125 472
1695127231323 699.616943359375 473
1695127231640 700.3423461914062 474
1695127231954 754.1807861328125 475
1695127232269 735.1170654296875 476
1695127232582 708.516845703125 477
1695127232896 713.4490966796875 478
1695127233210 707.3445434570312 479
1695127233524 720.0076904296875 480
1695127233839 700.6985473632812 481
1695127234160 766.4070434570312 482
1695127234472 726.9075317382812 483
1695127234788 690.31005859375 484
1695127235099 676.1170043945312 485
1695127235413 711.5874633789062 486
1695127235728 712.1478881835938 487
1695127236042 732.7728271484375 488
1695127236356 727.3094482421875 489
1695127236670 735.3756103515625 490
1695127236984 726.185546875 491
1695127237299 707.8695678710938 492
1695127237615 740.291015625 493
1695127237926 749.6860961914062 494
1695127238241 721.0465087890625 495
1695127238556 730.6766357421875 496
1695127238868 706.5794677734375 497
1695127239183 674.3638916015625 498
1695127239495 713.1906127929688 499
1695127239810 720.967529296875 500
1695127243487 732.1597900390625 501
1695127243837 725.4572143554688 502
1695127244185 698.117431640625 503
1695127244532 693.6799926757812 504
1695127244856 691.3956909179688 505
1695127245176 706.4193115234375 506
1695127245490 717.0780029296875 507
1695127245806 687.9349365234375 508
1695127246119 701.8930053710938 509
1695127246434 715.83349609375 510
1695127246748 697.3057861328125 511
1695127247064 704.9241333007812 512
1695127247380 674.7536010742188 513
1695127247694 719.5655517578125 514
1695127248009 687.3770751953125 515
1695127248323 719.7182006835938 516
1695127248637 700.736328125 517
1695127248949 715.8033447265625 518
1695127249264 722.9334716796875 519
1695127249574 694.685302734375 520
1695127249890 742.8673095703125 521
1695127250203 687.3389892578125 522
1695127250517 690.9096069335938 523
1695127250833 720.9305419921875 524
1695127251145 710.2078247070312 525
1695127251458 737.277587890625 526
1695127251777 688.9383544921875 527
1695127252091 695.4805908203125 528
1695127252407 736.2779541015625 529
1695127252721 708.3780517578125 530
1695127253040 672.80029296875 531
1695127253356 668.349365234375 532
1695127253672 672.3954467773438 533
1695127253987 691.9578857421875 534
1695127254305 695.0760498046875 535
1695127254617 709.05126953125 536
1695127254932 725.7470703125 537
1695127255245 667.8076171875 538
1695127255558 702.6895751953125 539
1695127255872 665.534423828125 540
1695127256184 675.1206665039062 541
1695127256498 655.1402587890625 542
1695127256812 688.9025268554688 543
1695127257122 699.7574462890625 544
1695127257437 699.2362060546875 545
1695127257750 674.3905639648438 546
1695127258062 689.0374755859375 547
1695127258375 686.9974365234375 548
1695127258695 665.895263671875 549
1695127259007 705.4082641601562 550
1695127259321 707.8563842773438 551
1695127259635 716.587646484375 552
1695127259948 718.5715942382812 553
1695127260261 695.16455078125 554
1695127260576 653.921142578125 555
1695127260889 729.4448852539062 556
1695127261203 682.024169921875 557
1695127261518 674.7063598632812 558
1695127261834 692.5458374023438 559
1695127262152 709.41015625 560
1695127262468 674.1976318359375 561
1695127262782 657.3795166015625 562
1695127263096 712.7996826171875 563
1695127263412 674.3560180664062 564
1695127263730 705.130615234375 565
1695127264046 694.5321044921875 566
1695127264360 661.63818359375 567
1695127264672 677.2972412109375 568
1695127264991 704.9586181640625 569
1695127265306 683.0001220703125 570
1695127265619 719.3062133789062 571
1695127265938 729.905517578125 572
1695127266252 699.2265014648438 573
1695127266567 683.1262817382812 574
1695127266883 728.6802978515625 575
1695127267196 707.5079345703125 576
1695127267510 663.8355712890625 577
1695127267821 653.7194213867188 578
1695127268137 655.0938720703125 579
1695127268449 673.82421875 580
1695127268766 694.8349609375 581
1695127269077 676.0780029296875 582
1695127269390 651.2526245117188 583
1695127269703 711.12109375 584
1695127270022 703.60595703125 585
1695127270336 694.3170166015625 586
1695127270653 668.7825927734375 587
1695127270968 672.1699829101562 588
1695127271282 726.0072021484375 589
1695127271596 659.2092895507812 590
1695127271914 666.0139770507812 591
1695127272227 636.3954467773438 592
1695127272544 659.8892822265625 593
1695127272858 677.5106201171875 594
1695127273174 657.0369873046875 595
1695127273492 696.1590576171875 596
1695127273808 651.3428955078125 597
1695127274119 720.4141845703125 598
1695127274438 705.0599975585938 599
1695127274750 674.4426879882812 600
1695127278411 669.9196166992188 601
1695127278736 677.996337890625 602
1695127279052 664.2692260742188 603
1695127279368 624.920654296875 604
1695127279681 648.032958984375 605
1695127279995 719.5059204101562 606
1695127280308 734.1739501953125 607
1695127280627 715.7001953125 608
1695127280940 641.791259765625 609
1695127281252 687.8255615234375 610
1695127281565 666.2958984375 611
1695127281885 672.3161010742188 612
1695127282199 672.7672119140625 613
1695127282515 725.8485107421875 614
1695127282827 652.5166625976562 615
1695127283141 650.4436645507812 616
1695127283455 715.9945068359375 617
1695127283771 685.030029296875 618
1695127284084 646.9322509765625 619
1695127284399 663.357177734375 620
1695127284710 677.2046508789062 621
1695127285023 688.6727294921875 622
1695127285337 697.4185180664062 623
1695127285649 683.7352905273438 624
1695127285962 735.2020874023438 625
1695127286276 669.2733764648438 626
1695127286587 661.809326171875 627
1695127286902 658.1641845703125 628
1695127287215 637.7915649414062 629
1695127287527 682.2151489257812 630
1695127287840 641.951904296875 631
1695127288156 682.447998046875 632
1695127288471 648.2894897460938 633
1695127288784 658.9237670898438 634
1695127289099 673.3089599609375 635
1695127289412 635.5593872070312 636
1695127289724 671.0811767578125 637
1695127290038 667.255126953125 638
1695127290352 674.6986083984375 639
1695127290668 637.42236328125 640
1695127290981 676.1168212890625 641
1695127291293 676.7306518554688 642
1695127291607 675.980712890625 643
1695127291921 668.6937255859375 644
1695127292234 660.509765625 645
1695127292548 654.1387939453125 646
1695127292861 662.4116821289062 647
1695127293173 665.52490234375 648
1695127293487 664.7642211914062 649
1695127293804 636.2785034179688 650
1695127294118 661.78466796875 651
1695127294433 653.83837890625 652
1695127294752 644.7454833984375 653
1695127295066 667.656982421875 654
1695127295379 628.4849853515625 655
1695127295692 711.4197387695312 656
1695127296007 658.7496948242188 657
1695127296322 727.1439208984375 658
1695127296638 695.0465087890625 659
1695127296953 686.8092041015625 660
1695127297268 677.1068115234375 661
1695127297580 684.7637329101562 662
1695127297897 660.7064208984375 663
1695127298209 701.8529052734375 664
1695127298522 688.3494873046875 665
1695127298839 668.572998046875 666
1695127299153 667.0897827148438 667
1695127299466 706.3118896484375 668
1695127299780 658.7388916015625 669
1695127300094 671.8743896484375 670
1695127300408 668.7166748046875 671
1695127300721 658.5349731445312 672
1695127301035 681.8653564453125 673
1695127301346 687.5787963867188 674
1695127301660 693.314697265625 675
1695127301972 675.9436645507812 676
1695127302283 648.090087890625 677
1695127302595 707.2628173828125 678
1695127302908 661.12255859375 679
1695127303220 654.835693359375 680
1695127303534 683.1224365234375 681
1695127303848 679.5808715820312 682
1695127304165 674.99365234375 683
1695127304478 677.7589111328125 684
1695127304794 639.335693359375 685
1695127305109 687.404052734375 686
1695127305422 679.1705932617188 687
1695127305735 657.0347900390625 688
1695127306049 670.3003540039062 689
1695127306367 665.2717895507812 690
1695127306681 625.4066162109375 691
1695127306993 650.8867797851562 692
1695127307309 677.9490356445312 693
1695127307621 645.7974853515625 694
1695127307935 692.2373046875 695
1695127308248 671.9669799804688 696
1695127308563 629.4168701171875 697
1695127308878 668.2421875 698
1695127309195 660.4160766601562 699
1695127309508 674.389404296875 700
1695127313193 682.7682495117188 701
1695127313509 647.8926391601562 702
1695127313822 672.0325317382812 703
1695127314134 646.3078002929688 704
1695127314447 678.0195922851562 705
1695127314761 701.1339721679688 706
1695127315072 712.8983764648438 707
1695127315386 649.1235961914062 708
1695127315699 638.980712890625 709
1695127316010 645.8330078125 710
1695127316325 656.9479370117188 711
1695127316638 656.6348266601562 712
1695127316948 705.639404296875 713
1695127317261 656.7945556640625 714
1695127317574 653.5916748046875 715
1695127317888 671.3280029296875 716
1695127318202 646.1541748046875 717
1695127318518 658.7310791015625 718
1695127318832 643.1556396484375 719
1695127319148 671.6688842773438 720
1695127319463 623.5319213867188 721
1695127319777 664.437744140625 722
1695127320094 650.0762939453125 723
1695127320413 678.452392578125 724
1695127320729 649.1748046875 725
1695127321044 697.74951171875 726
1695127321361 685.536865234375 727
1695127321674 673.183349609375 728
1695127321992 648.7874145507812 729
1695127322304 648.342529296875 730
1695127322616 646.2589111328125 731
1695127322927 666.65771484375 732
1695127323244 654.3858642578125 733
1695127323560 628.4732055664062 734
1695127323873 643.9815063476562 735
1695127324187 634.834716796875 736
1695127324503 659.5172119140625 737
1695127324820 664.8028564453125 738
1695127325133 678.5400390625 739
1695127325447 688.5745849609375 740
1695127325761 656.6979370117188 741
1695127326079 706.760009765625 742
1695127326392 639.2225952148438 743
1695127326712 684.20751953125 744
1695127327025 645.33203125 745
1695127327338 678.8477783203125 746
1695127327650 632.1917724609375 747
1695127327964 683.7540893554688 748
1695127328276 651.1318969726562 749
1695127328591 633.2653198242188 750
1695127328908 670.5488891601562 751
1695127329222 658.0478515625 752
1695127329537 639.4510498046875 753
1695127329850 690.5955200195312 754
1695127330164 634.821044921875 755
1695127330476 666.0393676757812 756
1695127330790 631.3699340820312 757
1695127331103 666.072265625 758
1695127331417 638.6356201171875 759
1695127331731 640.1746826171875 760
1695127332044 651.6602172851562 761
1695127332358 617.154296875 762
1695127332675 613.6884765625 763
1695127332988 624.0440673828125 764
1695127333300 662.7474975585938 765
1695127333611 649.1763916015625 766
1695127333927 627.792236328125 767
1695127334241 632.6400756835938 768
1695127334556 653.4817504882812 769
1695127334868 648.9150390625 770
1695127335180 634.5431518554688 771
1695127335495 634.424072265625 772
1695127335810 658.48828125 773
1695127336122 636.13720703125 774
1695127336439 673.8292236328125 775
1695127336754 631.5487060546875 776
1695127337071 671.513916015625 777
1695127337386 634.5162353515625 778
1695127337704 663.8182373046875 779
1695127338017 691.92626953125 780
1695127338332 681.7857666015625 781
1695127338644 625.1829833984375 782
1695127338960 670.2652587890625 783
1695127339276 652.3466796875 784
1695127339590 632.5413208007812 785
1695127339902 647.87939453125 786
1695127340217 624.6141967773438 787
1695127340528 614.6357421875 788
1695127340843 686.21630859375 789
1695127341158 678.8939208984375 790
1695127341470 653.6513671875 791
1695127341784 629.601318359375 792
1695127342102 625.7452392578125 793
1695127342416 621.37060546875 794
1695127342729 665.0952758789062 795
1695127343042 673.6099243164062 796
1695127343357 654.5830078125 797
1695127343670 639.8578491210938 798
1695127343985 658.5505981445312 799
1695127344297 646.3796997070312 800
1695127347954 601.6870727539062 801
1695127348270 622.6400756835938 802
1695127348591 656.4177856445312 803
1695127348909 654.8753051757812 804
1695127349224 670.91650390625 805
1695127349536 666.035888671875 806
1695127349850 628.0042724609375 807
1695127350164 610.5372314453125 808
1695127350475 632.2329711914062 809
1695127350788 673.4344482421875 810
1695127351101 660.8946533203125 811
1695127351414 625.3255615234375 812
1695127351726 636.0467529296875 813
1695127352040 628.5220336914062 814
1695127352352 627.6616821289062 815
1695127352666 636.8231811523438 816
1695127352978 646.7825317382812 817
1695127353300 658.4647216796875 818
1695127353637 657.393310546875 819
1695127353973 652.0030517578125 820
1695127354320 637.3121337890625 821
1695127354666 642.2772827148438 822
1695127354981 640.576904296875 823
1695127355295 648.896728515625 824
1695127355622 657.2310791015625 825
1695127355946 623.5582275390625 826
1695127356297 632.5208129882812 827
1695127356628 667.1767578125 828
1695127356943 620.5995483398438 829
1695127357254 663.1343383789062 830
1695127357583 636.1823120117188 831
1695127357932 671.7802734375 832
1695127358272 662.123046875 833
1695127358623 630.4906616210938 834
1695127358935 651.3077392578125 835
1695127359268 684.072021484375 836
1695127359581 620.353515625 837
1695127359893 627.9343872070312 838
1695127360204 696.475830078125 839
1695127360520 646.8641967773438 840
1695127360868 612.4970703125 841
1695127361183 688.9312744140625 842
1695127361510 634.7113647460938 843
1695127361842 630.066650390625 844
1695127362168 636.805908203125 845
1695127362487 612.4483032226562 846
1695127362819 643.8311767578125 847
1695127363133 636.5706787109375 848
1695127363457 625.5823364257812 849
1695127363788 634.8762817382812 850
1695127364100 668.4375 851
1695127364417 615.0997924804688 852
1695127364731 632.7526245117188 853
1695127365041 643.5135498046875 854
1695127365354 618.3989868164062 855
1695127365684 698.189208984375 856
1695127366020 642.7865600585938 857
1695127366347 674.7420043945312 858
1695127366667 675.1864013671875 859
1695127367002 627.6990966796875 860
1695127367316 626.68310546875 861
1695127367626 615.47314453125 862
1695127367939 623.9100341796875 863
1695127368259 642.5191650390625 864
1695127368568 638.3848876953125 865
1695127368880 634.9562377929688 866
1695127369192 591.1221923828125 867
1695127369502 691.976806640625 868
1695127369811 642.5496215820312 869
1695127370121 649.1134643554688 870
1695127370430 673.0519409179688 871
1695127370740 664.2655029296875 872
1695127371049 605.353271484375 873
1695127371358 621.9978637695312 874
1695127371670 633.368896484375 875
1695127371980 646.1314697265625 876
1695127372290 619.4078369140625 877
1695127372600 632.6824951171875 878
1695127372911 649.0450439453125 879
1695127373220 621.476806640625 880
1695127373529 623.6032104492188 881
1695127373837 636.1373291015625 882
1695127374145 665.7783813476562 883
1695127374458 663.9824829101562 884
1695127374767 632.6268310546875 885
1695127375078 635.9744873046875 886
1695127375390 617.4671630859375 887
1695127375701 621.3345947265625 888
1695127376012 625.9735107421875 889
1695127376322 664.0514526367188 890
1695127376635 656.7199096679688 891
1695127376948 649.3790283203125 892
1695127377259 639.4072265625 893
1695127377569 610.2445068359375 894
1695127377880 624.3970336914062 895
1695127378201 616.982421875 896
1695127378514 645.1983642578125 897
1695127378825 646.67919921875 898
1695127379135 622.7198486328125 899
1695127379446 657.083984375 900
1695127383056 611.9696044921875 901
1695127383365 623.6196899414062 902
1695127383678 599.2279052734375 903
1695127383988 641.7293090820312 904
1695127384300 621.888671875 905
1695127384610 601.71044921875 906
1695127384921 641.8480224609375 907
1695127385231 636.6843872070312 908
1695127385539 630.897705078125 909
1695127385850 647.3970947265625 910
1695127386161 668.366943359375 911
1695127386471 674.865478515625 912
1695127386786 619.98388671875 913
1695127387095 624.2249145507812 914
1695127387407 581.4283447265625 915
1695127387718 665.2734375 916
1695127388028 578.4013061523438 917
1695127388352 638.2677001953125 918
1695127388663 618.636962890625 919
1695127388975 610.7158813476562 920
1695127389286 604.4902954101562 921
1695127389597 640.2457275390625 922
1695127389909 653.014404296875 923
1695127390231 620.0904541015625 924
1695127390550 627.7741088867188 925
1695127390867 645.7850341796875 926
1695127391197 629.173583984375 927
1695127391531 616.24755859375 928
1695127391855 609.26220703125 929
1695127392174 618.9310302734375 930
1695127392484 614.303955078125 931
1695127392792 622.1033325195312 932
1695127393100 614.17919921875 933
1695127393410 635.0428466796875 934
1695127393720 635.7110595703125 935
1695127394029 650.5341186523438 936
1695127394340 631.3079833984375 937
1695127394650 620.6752319335938 938
1695127394959 643.4946899414062 939
1695127395269 648.3656005859375 940
1695127395581 630.8721313476562 941
1695127395889 611.751220703125 942
1695127396198 656.4872436523438 943
1695127396507 602.7158813476562 944
1695127396826 654.1646118164062 945
1695127397137 662.2954711914062 946
1695127397451 616.1650390625 947
1695127397763 647.8373413085938 948
1695127398072 642.5106811523438 949
1695127398381 623.94384765625 950
1695127398690 630.227294921875 951
1695127399002 648.265625 952
1695127399312 620.0877075195312 953
1695127399622 650.5635375976562 954
1695127399933 623.1234130859375 955
1695127400242 652.7643432617188 956
1695127400552 627.3179931640625 957
1695127400861 670.3005981445312 958
1695127401170 611.5602416992188 959
1695127401478 631.3807373046875 960
1695127401791 609.766845703125 961
1695127402101 622.77978515625 962
1695127402417 615.4293212890625 963
1695127402726 620.2847900390625 964
1695127403037 615.9005126953125 965
1695127403364 600.6431274414062 966
1695127403692 620.3277587890625 967
1695127404020 664.5667724609375 968
1695127404363 644.6229248046875 969
1695127404705 650.9583129882812 970
1695127405024 653.9563598632812 971
1695127405335 633.12060546875 972
1695127405646 612.6575927734375 973
1695127405959 619.1494140625 974
1695127406270 609.5132446289062 975
1695127406581 672.89306640625 976
1695127406890 660.2886962890625 977
1695127407199 605.2031860351562 978
1695127407511 647.4373779296875 979
1695127407822 638.02783203125 980
1695127408135 624.8690795898438 981
1695127408446 591.9915771484375 982
1695127408758 620.03564453125 983
1695127409070 622.94189453125 984
1695127409382 612.4388427734375 985
1695127409693 620.3585205078125 986
1695127410006 638.9313354492188 987
1695127410321 598.0609130859375 988
1695127410635 596.9339599609375 989
1695127410949 597.3206787109375 990
1695127411260 616.8765869140625 991
1695127411572 594.168701171875 992
1695127411885 609.780029296875 993
1695127412198 632.2512817382812 994
1695127412511 611.830322265625 995
1695127412833 622.3653564453125 996
1695127413163 633.244384765625 997
1695127413494 577.6348266601562 998
1695127413818 634.418212890625 999
1695127414138 636.9957275390625 1000
1695127418305 607.2214965820312 1001
1695127418630 634.4671630859375 1002
1695127418952 648.9337158203125 1003
1695127419283 622.9781494140625 1004
1695127419605 628.0553588867188 1005
1695127419923 642.8595581054688 1006
1695127420257 615.5193481445312 1007
1695127420570 641.3726196289062 1008
1695127420880 586.5556640625 1009
1695127421191 604.6664428710938 1010
1695127421501 630.2632446289062 1011
1695127421811 614.4244995117188 1012
1695127422126 602.9645385742188 1013
1695127422440 608.9641723632812 1014
1695127422752 616.7937622070312 1015
1695127423064 604.3406982421875 1016
1695127423378 633.8419189453125 1017
1695127423687 624.6087646484375 1018
1695127423997 635.5379638671875 1019
1695127424309 616.2022705078125 1020
1695127424638 602.0553588867188 1021
1695127424954 633.4835815429688 1022
1695127425266 658.7752685546875 1023
1695127425578 600.526611328125 1024
1695127425890 611.5185546875 1025
1695127426201 621.6240844726562 1026
1695127426534 612.2568969726562 1027
1695127426845 596.8610229492188 1028
1695127427182 621.9237670898438 1029
1695127427496 576.7012939453125 1030
1695127427809 591.01025390625 1031
1695127428119 626.7984619140625 1032
1695127428430 623.807373046875 1033
1695127428740 605.9088134765625 1034
1695127429054 629.6122436523438 1035
1695127429365 640.8988037109375 1036
1695127429676 619.4976806640625 1037
1695127429986 604.800048828125 1038
1695127430300 634.3067626953125 1039
1695127430618 622.1044921875 1040
1695127430930 629.0526123046875 1041
1695127431241 608.5781860351562 1042
1695127431551 593.1616821289062 1043
1695127431862 637.7456665039062 1044
1695127432172 637.71142578125 1045
1695127432482 611.6928100585938 1046
1695127432794 630.3085327148438 1047
1695127433106 642.1346435546875 1048
1695127433416 646.166748046875 1049
1695127433725 613.6624755859375 1050
1695127434034 615.3067016601562 1051
1695127434344 629.4104614257812 1052
1695127434653 604.119384765625 1053
1695127434967 608.4192504882812 1054
1695127435277 627.990966796875 1055
1695127435588 612.4541015625 1056
1695127435898 658.8259887695312 1057
1695127436208 597.9951171875 1058
1695127436517 620.2763671875 1059
1695127436826 616.9581298828125 1060
1695127437136 620.7705078125 1061
1695127437444 584.9393920898438 1062
1695127437753 634.307373046875 1063
1695127438064 638.2778930664062 1064
1695127438374 575.35400390625 1065
1695127438686 616.060302734375 1066
1695127438995 642.3291625976562 1067
1695127439309 645.7858276367188 1068
1695127439622 615.2409057617188 1069
1695127439932 607.5299682617188 1070
1695127440243 606.0968017578125 1071
1695127440553 608.8193969726562 1072
1695127440867 636.767578125 1073
1695127441180 612.64404296875 1074
1695127441490 645.7779541015625 1075
1695127441800 619.52685546875 1076
1695127442109 588.340087890625 1077
1695127442420 608.6760864257812 1078
1695127442735 594.5343627929688 1079
1695127443046 573.0728759765625 1080
1695127443357 605.3365478515625 1081
1695127443670 596.2285766601562 1082
1695127443984 610.8302001953125 1083
1695127444316 585.681884765625 1084
1695127444629 607.891845703125 1085
1695127444941 627.8394775390625 1086
1695127445253 611.108154296875 1087
1695127445566 592.6767578125 1088
1695127445886 623.2930908203125 1089
1695127446196 621.7266845703125 1090
1695127446512 629.0859375 1091
1695127446850 595.8896484375 1092
1695127447190 612.5770874023438 1093
1695127447521 615.9308471679688 1094
1695127447854 593.0814819335938 1095
1695127448188 587.4024047851562 1096
1695127448517 615.5987548828125 1097
1695127448834 643.3619995117188 1098
1695127449144 616.999267578125 1099
1695127449458 627.6229248046875 1100
1695127453216 580.0761108398438 1101
1695127453529 618.9293823242188 1102
1695127453840 606.68994140625 1103
1695127454151 612.5526123046875 1104
1695127454463 624.5880737304688 1105
1695127454776 625.7147216796875 1106
1695127455088 606.3128051757812 1107
1695127455399 608.6194458007812 1108
1695127455717 602.7493286132812 1109
1695127456046 625.0364990234375 1110
1695127456380 671.156005859375 1111
1695127456717 598.9752807617188 1112
1695127457049 621.7543334960938 1113
1695127457361 600.604248046875 1114
1695127457676 596.637939453125 1115
1695127457986 630.3126831054688 1116
1695127458300 606.6376953125 1117
1695127458611 635.3645629882812 1118
1695127458920 615.2470703125 1119
1695127459234 590.1104736328125 1120
1695127459547 632.8709716796875 1121
1695127459863 641.5379638671875 1122
1695127460176 620.896240234375 1123
1695127460502 649.4236450195312 1124
1695127460819 657.129638671875 1125
1695127461136 624.3858642578125 1126
1695127461448 585.3271484375 1127
1695127461761 591.2924194335938 1128
1695127462069 599.3326416015625 1129
1695127462381 639.9808959960938 1130
1695127462691 589.2236328125 1131
1695127463001 613.4577026367188 1132
1695127463311 609.8305053710938 1133
1695127463622 584.9881591796875 1134
1695127463934 602.869873046875 1135
1695127464244 621.582763671875 1136
1695127464554 632.00439453125 1137
1695127464864 625.8142700195312 1138
1695127465174 585.7435913085938 1139
1695127465483 588.9378662109375 1140
1695127465793 609.0198364257812 1141
1695127466104 585.46435546875 1142
1695127466413 623.8982543945312 1143
1695127466723 625.44287109375 1144
1695127467033 596.0059814453125 1145
1695127467343 582.6746215820312 1146
1695127467654 623.9039306640625 1147
1695127467963 622.3758544921875 1148
1695127468273 589.6756591796875 1149
1695127468582 625.419189453125 1150
1695127468891 596.1701049804688 1151
1695127469202 647.8702392578125 1152
1695127469511 626.9076538085938 1153
1695127469821 646.8744506835938 1154
1695127470131 601.135009765625 1155
1695127470443 605.8895874023438 1156
1695127470751 603.0593872070312 1157
1695127471061 604.36279296875 1158
1695127471370 602.2444458007812 1159
1695127471679 561.1305541992188 1160
1695127471988 597.5556640625 1161
1695127472296 585.1823120117188 1162
1695127472605 624.8424682617188 1163
1695127472914 612.4417114257812 1164
1695127473222 639.6590576171875 1165
1695127473530 601.4281616210938 1166
1695127473839 643.8897094726562 1167
1695127474147 613.7857666015625 1168
1695127474456 621.3870849609375 1169
1695127474764 614.9426879882812 1170
1695127475075 600.1358032226562 1171
1695127475385 599.6500854492188 1172
1695127475695 577.1303100585938 1173
1695127476006 619.896728515625 1174
1695127476316 613.3623657226562 1175
1695127476626 621.77099609375 1176
1695127476935 625.8142700195312 1177
1695127477243 600.3883056640625 1178
1695127477552 645.7330322265625 1179
1695127477860 641.309326171875 1180
1695127478170 604.6925659179688 1181
1695127478482 698.191162109375 1182
1695127478792 648.647705078125 1183
1695127479102 591.5590209960938 1184
1695127479412 592.3193969726562 1185
1695127479722 587.571044921875 1186
1695127480033 622.7987060546875 1187
1695127480345 615.4524536132812 1188
1695127480659 585.5919799804688 1189
1695127480969 609.5181884765625 1190
1695127481279 592.896240234375 1191
1695127481589 589.5759887695312 1192
1695127481899 620.121337890625 1193
1695127482209 603.1163330078125 1194
1695127482520 595.540283203125 1195
1695127482829 578.558837890625 1196
1695127483143 644.7720947265625 1197
1695127483452 595.3330078125 1198
1695127483762 596.11376953125 1199
1695127484072 596.20703125 1200
1695127487649 619.4461669921875 1201
1695127487960 574.014892578125 1202
1695127488274 597.1728515625 1203
1695127488584 623.997802734375 1204
1695127488892 587.107421875 1205
1695127489201 581.8399047851562 1206
1695127489512 619.0587158203125 1207
1695127489821 598.3865356445312 1208
1695127490131 594.6821899414062 1209
1695127490443 591.6480102539062 1210
1695127490754 611.9486083984375 1211
1695127491064 590.1671142578125 1212
1695127491374 585.477294921875 1213
1695127491684 609.7537841796875 1214
1695127491995 601.3578491210938 1215
1695127492307 591.474609375 1216
1695127492617 626.8345336914062 1217
1695127492930 613.408935546875 1218
1695127493239 614.15478515625 1219
1695127493549 603.8775634765625 1220
1695127493860 590.3409423828125 1221
1695127494169 616.371826171875 1222
1695127494479 613.8291015625 1223
1695127494789 601.2986450195312 1224
1695127495101 597.638671875 1225
1695127495412 596.2747802734375 1226
1695127495722 582.507080078125 1227
1695127496033 614.1300659179688 1228
1695127496344 597.4379272460938 1229
1695127496653 596.0743408203125 1230
1695127496962 572.6334228515625 1231
1695127497272 581.7474365234375 1232
1695127497589 630.7236328125 1233
1695127497902 604.841796875 1234
1695127498214 593.6796875 1235
1695127498526 612.4696044921875 1236
1695127498836 572.5391235351562 1237
1695127499146 608.64111328125 1238
1695127499456 606.364501953125 1239
1695127499766 589.933349609375 1240
1695127500084 581.8235473632812 1241
1695127500400 588.1708984375 1242
1695127500710 601.0381469726562 1243
1695127501022 590.9637451171875 1244
1695127501332 623.9147338867188 1245
1695127501640 598.769775390625 1246
1695127501949 624.5191650390625 1247
1695127502257 629.534423828125 1248
1695127502566 638.7186279296875 1249
1695127502875 602.3519287109375 1250
1695127503188 594.052001953125 1251
1695127503498 576.3345947265625 1252
1695127503808 607.7721557617188 1253
1695127504118 622.842529296875 1254
1695127504428 595.5704956054688 1255
1695127504741 602.5894775390625 1256
1695127505051 589.9305419921875 1257
1695127505363 598.7483520507812 1258
1695127505673 590.5443115234375 1259
1695127505982 605.942626953125 1260
1695127506297 595.4208984375 1261
1695127506615 574.23583984375 1262
1695127506956 614.8204345703125 1263
1695127507291 572.7366943359375 1264
1695127507633 612.737060546875 1265
1695127507963 574.435791015625 1266
1695127508311 613.2431640625 1267
1695127508662 587.3692626953125 1268
1695127508992 570.812744140625 1269
1695127509321 594.6879272460938 1270
1695127509641 605.0612182617188 1271
1695127509960 604.84375 1272
1695127510277 594.7352294921875 1273
1695127510598 633.918701171875 1274
1695127510908 613.9710083007812 1275
1695127511228 616.328369140625 1276
1695127511556 609.8648681640625 1277
1695127511866 564.424560546875 1278
1695127512194 599.618408203125 1279
1695127512525 583.447509765625 1280
1695127512852 612.6575927734375 1281
1695127513187 605.2254638671875 1282
1695127513517 595.4461669921875 1283
1695127513848 594.3525390625 1284
1695127514193 626.0914306640625 1285
1695127514524 635.2296142578125 1286
1695127514876 590.73291015625 1287
1695127515192 584.1685791015625 1288
1695127515526 596.3199462890625 1289
1695127515842 563.476318359375 1290
1695127516181 603.97314453125 1291
1695127516528 631.3450317382812 1292
1695127516872 603.9886474609375 1293
1695127517219 599.7969970703125 1294
1695127517568 611.7894287109375 1295
1695127517912 595.22607421875 1296
1695127518230 603.723876953125 1297
1695127518546 621.6629028320312 1298
1695127518858 565.1510620117188 1299
1695127519174 584.1537475585938 1300
1695127522856 598.912353515625 1301
1695127523171 654.4274291992188 1302
1695127523487 621.7612915039062 1303
1695127523802 623.8294677734375 1304
1695127524118 620.2947387695312 1305
1695127524433 603.8594360351562 1306
1695127524748 594.048583984375 1307
1695127525067 568.47314453125 1308
1695127525378 630.572509765625 1309
1695127525694 598.865966796875 1310
1695127526007 616.1138916015625 1311
1695127526323 588.1441040039062 1312
1695127526637 590.1893310546875 1313
1695127526950 602.3131103515625 1314
1695127527265 614.990478515625 1315
1695127527584 639.1577758789062 1316
1695127527899 642.1773681640625 1317
1695127528217 582.302734375 1318
1695127528529 590.149658203125 1319
1695127528844 602.0269775390625 1320
1695127529159 616.8421020507812 1321
1695127529474 608.23193359375 1322
1695127529788 678.9108276367188 1323
1695127530103 580.2642822265625 1324
1695127530421 567.98046875 1325
1695127530733 604.0926513671875 1326
1695127531050 560.22705078125 1327
1695127531360 585.4061889648438 1328
1695127531681 599.8158569335938 1329
1695127532025 611.4603881835938 1330
1695127532373 607.8079223632812 1331
1695127532691 647.2704467773438 1332
1695127533006 590.4306030273438 1333
1695127533321 576.0838012695312 1334
1695127533637 608.8173217773438 1335
1695127533949 575.5466918945312 1336
1695127534264 592.51904296875 1337
1695127534582 598.4616088867188 1338
1695127534898 634.0447998046875 1339
1695127535210 606.2534790039062 1340
1695127535522 602.1142578125 1341
1695127535834 570.246826171875 1342
1695127536151 558.0862426757812 1343
1695127536465 580.3189697265625 1344
1695127536779 581.9530029296875 1345
1695127537095 598.0560302734375 1346
1695127537406 654.9796142578125 1347
1695127537722 593.428955078125 1348
1695127538036 610.1557006835938 1349
1695127538352 595.7177734375 1350
1695127538666 602.2667236328125 1351
1695127538981 602.30224609375 1352
1695127539297 589.7454223632812 1353
1695127539614 624.4451293945312 1354
1695127539927 628.200439453125 1355
1695127540242 602.7225952148438 1356
1695127540561 611.35205078125 1357
1695127540879 606.0347900390625 1358
1695127541193 580.977294921875 1359
1695127541507 619.24951171875 1360
1695127541823 596.5169677734375 1361
1695127542140 568.3770141601562 1362
1695127542457 576.0609130859375 1363
1695127542799 579.8236083984375 1364
1695127543141 591.7236938476562 1365
1695127543461 606.3902587890625 1366
1695127543778 625.069091796875 1367
1695127544093 596.427490234375 1368
1695127544406 596.1014404296875 1369
1695127544723 565.929443359375 1370
1695127545038 588.1823120117188 1371
1695127545370 609.1856689453125 1372
1695127545715 594.4141845703125 1373
1695127546057 616.7010498046875 1374
1695127546373 621.784912109375 1375
1695127546690 578.19140625 1376
1695127547039 572.80224609375 1377
1695127547381 582.626220703125 1378
1695127547730 618.7579345703125 1379
1695127548077 585.9898681640625 1380
1695127548421 605.8143920898438 1381
1695127548760 583.983154296875 1382
1695127549089 572.3611450195312 1383
1695127549431 624.1714477539062 1384
1695127549776 606.2454833984375 1385
1695127550099 590.1666259765625 1386
1695127550410 578.1432495117188 1387
1695127550724 574.979248046875 1388
1695127551037 587.919921875 1389
1695127551349 589.7636108398438 1390
1695127551663 635.6593017578125 1391
1695127551977 598.721923828125 1392
1695127552289 590.42822265625 1393
1695127552604 592.8704223632812 1394
1695127552920 565.3204345703125 1395
1695127553235 570.9278564453125 1396
1695127553545 557.267578125 1397
1695127553857 579.0380249023438 1398
1695127554171 644.982421875 1399
1695127554485 577.1725463867188 1400
1695127558116 608.9588623046875 1401
1695127558431 545.928955078125 1402
1695127558752 604.8823852539062 1403
1695127559066 567.5216064453125 1404
1695127559377 629.417236328125 1405
1695127559694 590.0474243164062 1406
1695127560011 627.455322265625 1407
1695127560327 569.4573364257812 1408
1695127560638 586.1661987304688 1409
1695127560953 572.081298828125 1410
1695127561267 601.7374267578125 1411
1695127561583 588.0062255859375 1412
1695127561903 622.940673828125 1413
1695127562216 591.3297119140625 1414
1695127562530 591.6449584960938 1415
1695127562842 564.7536010742188 1416
1695127563156 547.4243774414062 1417
1695127563471 578.949951171875 1418
1695127563785 601.7838134765625 1419
1695127564101 605.4615478515625 1420
1695127564417 601.8352661132812 1421
1695127564727 650.6221923828125 1422
1695127565040 587.6697998046875 1423
1695127565355 571.7239990234375 1424
1695127565666 598.89208984375 1425
1695127565979 583.6572265625 1426
1695127566292 582.5260009765625 1427
1695127566605 615.032958984375 1428
1695127566917 571.004150390625 1429
1695127567230 599.3128051757812 1430
1695127567541 582.6353759765625 1431
1695127567854 581.06787109375 1432
1695127568168 571.8414916992188 1433
1695127568481 588.723388671875 1434
1695127568793 603.6370239257812 1435
1695127569107 571.50244140625 1436
1695127569418 587.603515625 1437
1695127569730 621.894775390625 1438
1695127570044 595.0174560546875 1439
1695127570356 606.10693359375 1440
1695127570674 549.4574584960938 1441
1695127570988 616.47265625 1442
1695127571304 598.6903076171875 1443
1695127571617 588.7183837890625 1444
1695127571931 570.9734497070312 1445
1695127572244 571.2955932617188 1446
1695127572556 593.869140625 1447
1695127572871 553.96826171875 1448
1695127573184 615.2896728515625 1449
1695127573500 579.3851928710938 1450
1695127573814 597.4901123046875 1451
1695127574129 608.6153564453125 1452
1695127574444 598.0045166015625 1453
1695127574759 604.4310913085938 1454
1695127575074 584.2576904296875 1455
1695127575388 582.8197021484375 1456
1695127575702 583.4848022460938 1457
1695127576014 564.6903686523438 1458
1695127576328 577.8739013671875 1459
1695127576644 598.5677490234375 1460
1695127576959 578.0066528320312 1461
1695127577273 597.9705200195312 1462
1695127577591 562.1652221679688 1463
1695127577903 565.6279296875 1464
1695127578215 594.0302734375 1465
1695127578528 615.8064575195312 1466
1695127578840 589.00390625 1467
1695127579151 582.74365234375 1468
1695127579464 598.490478515625 1469
1695127579777 578.1585693359375 1470
1695127580088 568.4476318359375 1471
1695127580402 603.9172973632812 1472
1695127580715 573.2276611328125 1473
1695127581027 618.5755615234375 1474
1695127581340 576.5921630859375 1475
1695127581653 549.2050170898438 1476
1695127581966 575.6997680664062 1477
1695127582278 582.2232666015625 1478
1695127582592 588.9921264648438 1479
1695127582903 604.94482421875 1480
1695127583216 606.342529296875 1481
1695127583530 584.9384155273438 1482
1695127583841 565.5807495117188 1483
1695127584153 581.802001953125 1484
1695127584465 579.964111328125 1485
1695127584778 578.0742797851562 1486
1695127585088 567.3870849609375 1487
1695127585404 588.8499145507812 1488
1695127585716 599.43408203125 1489
1695127586031 606.7260131835938 1490
1695127586345 559.6919555664062 1491
1695127586659 560.9019775390625 1492
1695127586972 629.2183837890625 1493
1695127587287 584.70654296875 1494
1695127587599 598.503173828125 1495
1695127587914 609.822509765625 1496
1695127588225 567.3533325195312 1497
1695127588537 570.5296020507812 1498
1695127588851 574.1570434570312 1499
1695127589163 574.2551879882812 1500
1695127592831 572.0309448242188 1501
1695127593145 574.9691772460938 1502
1695127593489 570.1505126953125 1503
1695127593842 560.276123046875 1504
1695127594202 583.258056640625 1505
1695127594542 554.0408325195312 1506
1695127594887 572.2936401367188 1507
1695127595227 609.2567749023438 1508
1695127595544 590.830322265625 1509
1695127595870 612.04248046875 1510
1695127596201 576.7667236328125 1511
1695127596534 579.0181274414062 1512
1695127596882 556.2510375976562 1513
1695127597222 559.7808837890625 1514
1695127597574 592.5697021484375 1515
1695127597886 645.1275634765625 1516
1695127598204 592.005859375 1517
1695127598527 583.531982421875 1518
1695127598847 569.7969360351562 1519
1695127599160 583.9706420898438 1520
1695127599487 578.224365234375 1521
1695127599820 576.8966064453125 1522
1695127600158 593.2341918945312 1523
1695127600493 584.7828369140625 1524
1695127600825 630.8026123046875 1525
1695127601147 569.3160400390625 1526
1695127601487 592.3974609375 1527
1695127601836 580.1598510742188 1528
1695127602155 566.8785400390625 1529
1695127602471 574.0940551757812 1530
1695127602785 612.0732421875 1531
1695127603102 557.5711669921875 1532
1695127603424 614.473876953125 1533
1695127603743 601.66357421875 1534
1695127604063 597.8117065429688 1535
1695127604379 606.2304077148438 1536
1695127604699 570.8346557617188 1537
1695127605019 559.8875732421875 1538
1695127605333 581.5626220703125 1539
1695127605649 592.5458374023438 1540
1695127605964 594.7540283203125 1541
1695127606275 577.4451293945312 1542
1695127606586 581.7661743164062 1543
1695127606896 548.8892822265625 1544
1695127607215 595.775146484375 1545
1695127607533 609.8285522460938 1546
1695127607847 576.1146240234375 1547
1695127608157 566.9727172851562 1548
1695127608477 563.7159423828125 1549
1695127608790 608.9032592773438 1550
1695127609103 569.5735473632812 1551
1695127609424 578.798095703125 1552
1695127609747 573.6812133789062 1553
1695127610084 609.3194580078125 1554
1695127610414 618.3353271484375 1555
1695127610760 589.8318481445312 1556
1695127611075 543.0648193359375 1557
1695127611391 591.8370361328125 1558
1695127611709 586.6805419921875 1559
1695127612031 574.3416748046875 1560
1695127612372 597.7349853515625 1561
1695127612705 559.1167602539062 1562
1695127613023 609.508544921875 1563
1695127613353 571.612060546875 1564
1695127613667 580.5047607421875 1565
1695127613975 587.7928466796875 1566
1695127614307 575.1329345703125 1567
1695127614633 620.3193359375 1568
1695127614968 569.89013671875 1569
1695127615286 594.5416870117188 1570
1695127615596 571.992431640625 1571
1695127615922 559.2666625976562 1572
1695127616237 575.0609741210938 1573
1695127616550 566.2318115234375 1574
1695127616861 570.142333984375 1575
1695127617173 611.0216064453125 1576
1695127617487 587.411865234375 1577
1695127617800 570.1949462890625 1578
1695127618116 585.438232421875 1579
1695127618426 588.8670654296875 1580
1695127618748 602.406005859375 1581
1695127619061 581.3606567382812 1582
1695127619375 592.51611328125 1583
1695127619690 572.8832397460938 1584
1695127620030 595.78515625 1585
1695127620344 554.3872680664062 1586
1695127620658 580.7662963867188 1587
1695127620968 577.1402587890625 1588
1695127621279 570.0307006835938 1589
1695127621628 573.15234375 1590
1695127621952 563.9035034179688 1591
1695127622276 569.0872192382812 1592
1695127622618 597.9965209960938 1593
1695127622966 614.4620361328125 1594
1695127623315 561.59619140625 1595
1695127623635 576.9208984375 1596
1695127623951 611.9222412109375 1597
1695127624263 579.4627685546875 1598
1695127624578 599.7521362304688 1599
1695127624892 588.5457153320312 1600
1695127628617 573.9536743164062 1601
1695127628930 585.1412963867188 1602
1695127629246 568.3297729492188 1603
1695127629564 546.8050537109375 1604
1695127629876 558.0419921875 1605
1695127630191 584.4149169921875 1606
1695127630503 575.902587890625 1607
1695127630817 550.4613037109375 1608
1695127631132 579.8438720703125 1609
1695127631443 577.182861328125 1610
1695127631756 544.0230712890625 1611
1695127632072 563.892578125 1612
1695127632386 573.5213623046875 1613
1695127632699 593.8374633789062 1614
1695127633013 594.7701416015625 1615
1695127633329 560.5681762695312 1616
1695127633646 540.2052001953125 1617
1695127633959 560.9658813476562 1618
1695127634272 578.1463012695312 1619
1695127634584 558.0186157226562 1620
1695127634897 577.385009765625 1621
1695127635212 556.874267578125 1622
1695127635528 591.2537231445312 1623
1695127635841 546.492431640625 1624
1695127636155 606.7115478515625 1625
1695127636467 581.2429809570312 1626
1695127636780 565.4630737304688 1627
1695127637094 581.0059204101562 1628
1695127637407 565.2943725585938 1629
1695127637719 584.9074096679688 1630
1695127638030 585.680419921875 1631
1695127638345 577.7261962890625 1632
1695127638663 554.8953857421875 1633
1695127638976 589.0875244140625 1634
1695127639291 604.0037231445312 1635
1695127639607 614.109375 1636
1695127639918 613.0316772460938 1637
1695127640233 559.3226928710938 1638
1695127640544 583.8131713867188 1639
1695127640855 586.8980712890625 1640
1695127641172 592.3521118164062 1641
1695127641483 597.5687866210938 1642
1695127641796 586.072265625 1643
1695127642112 561.0159301757812 1644
1695127642430 558.35400390625 1645
1695127642744 584.75146484375 1646
1695127643057 589.3092651367188 1647
1695127643374 554.265380859375 1648
1695127643690 570.4939575195312 1649
1695127644004 559.6873168945312 1650
1695127644320 596.7491455078125 1651
1695127644634 573.6553344726562 1652
1695127644947 555.7994384765625 1653
1695127645261 605.4892578125 1654
1695127645573 594.519287109375 1655
1695127645886 582.1265258789062 1656
1695127646201 564.430419921875 1657
1695127646515 578.6727294921875 1658
1695127646828 571.8482666015625 1659
1695127647141 611.529052734375 1660
1695127647453 555.3562622070312 1661
1695127647766 588.2581787109375 1662
1695127648078 593.6297607421875 1663
1695127648391 607.545166015625 1664
1695127648707 565.837890625 1665
1695127649020 596.6650390625 1666
1695127649335 574.894775390625 1667
1695127649648 568.098388671875 1668
1695127649962 612.8265380859375 1669
1695127650275 577.577392578125 1670
1695127650590 556.3792724609375 1671
1695127650903 578.4501342773438 1672
1695127651216 579.9036865234375 1673
1695127651534 564.3601684570312 1674
1695127651845 611.65234375 1675
1695127652159 603.2001953125 1676
1695127652472 575.2276000976562 1677
1695127652785 576.3255004882812 1678
1695127653098 552.7443237304688 1679
1695127653412 563.2300415039062 1680
1695127653726 593.8546752929688 1681
1695127654041 567.8377685546875 1682
1695127654352 561.387451171875 1683
1695127654667 580.0476684570312 1684
1695127654979 603.3942260742188 1685
1695127655294 584.42724609375 1686
1695127655606 536.6504516601562 1687
1695127655919 603.8790283203125 1688
1695127656230 578.9619750976562 1689
1695127656544 572.2203369140625 1690
1695127656856 575.650146484375 1691
1695127657168 555.2658081054688 1692
1695127657480 574.23681640625 1693
1695127657797 538.613525390625 1694
1695127658110 566.0631103515625 1695
1695127658424 602.537109375 1696
1695127658736 586.964599609375 1697
1695127659050 574.6602783203125 1698
1695127659364 585.9479370117188 1699
1695127659680 544.7861938476562 1700
1695127663390 575.9227294921875 1701
1695127663705 593.3193359375 1702
1695127664018 578.035888671875 1703
1695127664331 576.8133544921875 1704
1695127664643 574.3223266601562 1705
1695127664960 570.9165649414062 1706
1695127665274 565.1748046875 1707
1695127665586 535.2789306640625 1708
1695127665904 567.1947021484375 1709
1695127666218 547.5546264648438 1710
1695127666530 567.2313232421875 1711
1695127666843 546.3231811523438 1712
1695127667156 569.8369750976562 1713
1695127667469 555.1878051757812 1714
1695127667783 578.8673706054688 1715
1695127668093 572.2250366210938 1716
1695127668407 579.9801025390625 1717
1695127668720 565.7570190429688 1718
1695127669033 581.05419921875 1719
1695127669347 559.2171630859375 1720
1695127669662 544.9649658203125 1721
1695127669974 571.7435302734375 1722
1695127670289 620.2208251953125 1723
1695127670600 561.927978515625 1724
1695127670913 563.3703002929688 1725
1695127671227 559.2767333984375 1726
1695127671539 570.32958984375 1727
1695127671853 591.2215576171875 1728
1695127672167 573.8681640625 1729
1695127672487 592.6364135742188 1730
1695127672802 548.4586181640625 1731
1695127673116 556.3892211914062 1732
1695127673437 563.2977294921875 1733
1695127673753 592.2254638671875 1734
1695127674069 570.5383911132812 1735
1695127674381 576.3422241210938 1736
1695127674695 581.2589721679688 1737
1695127675012 562.5812377929688 1738
1695127675326 666.9073486328125 1739
1695127675640 583.1287841796875 1740
1695127675954 591.1345825195312 1741
1695127676266 564.7826538085938 1742
1695127676580 561.741943359375 1743
1695127676892 559.2208251953125 1744
1695127677209 557.5612182617188 1745
1695127677523 555.1356811523438 1746
1695127677836 561.4913940429688 1747
1695127678148 618.1910400390625 1748
1695127678460 550.9121704101562 1749
1695127678773 577.656005859375 1750
1695127679085 568.8449096679688 1751
1695127679398 569.973388671875 1752
1695127679716 592.8582153320312 1753
1695127680030 569.8113403320312 1754
1695127680344 596.2684936523438 1755
1695127680663 585.6555786132812 1756
1695127680975 540.1566162109375 1757
1695127681289 550.9723510742188 1758
1695127681610 605.9328002929688 1759
1695127681923 563.6574096679688 1760
1695127682242 569.978271484375 1761
1695127682554 559.95068359375 1762
1695127682865 595.0318603515625 1763
1695127683177 554.2989501953125 1764
1695127683490 532.966064453125 1765
1695127683806 576.3767700195312 1766
1695127684118 558.1824340820312 1767
1695127684433 570.3573608398438 1768
1695127684746 561.6845092773438 1769
1695127685060 542.4677734375 1770
1695127685374 570.463623046875 1771
1695127685688 565.2784423828125 1772
1695127686003 580.3321533203125 1773
1695127686316 584.623291015625 1774
1695127686632 567.5634765625 1775
1695127686948 566.1061401367188 1776
1695127687262 531.1163330078125 1777
1695127687576 556.8078002929688 1778
1695127687893 540.1868896484375 1779
1695127688205 540.906494140625 1780
1695127688520 584.8602294921875 1781
1695127688831 551.629638671875 1782
1695127689147 561.09130859375 1783
1695127689463 550.10693359375 1784
1695127689779 618.94091796875 1785
1695127690097 566.5721435546875 1786
1695127690410 542.3644409179688 1787
1695127690724 568.0398559570312 1788
1695127691039 600.1449584960938 1789
1695127691350 642.8496704101562 1790
1695127691666 534.6849365234375 1791
1695127691979 555.1925659179688 1792
1695127692290 540.4349365234375 1793
1695127692604 553.4048461914062 1794
1695127692918 583.3197021484375 1795
1695127693236 596.245849609375 1796
1695127693554 551.462890625 1797
1695127693869 553.5932006835938 1798
1695127694184 572.4971313476562 1799
1695127694498 584.7786865234375 1800
1695127698152 583.7025146484375 1801
1695127698481 542.3176879882812 1802
1695127698797 560.3126220703125 1803
1695127699111 554.685791015625 1804
1695127699426 581.0086059570312 1805
1695127699741 574.351806640625 1806
1695127700055 543.34521484375 1807
1695127700369 567.7389526367188 1808
1695127700684 569.25244140625 1809
1695127700998 552.37255859375 1810
1695127701310 573.9127197265625 1811
1695127701626 564.803955078125 1812
1695127701940 584.1344604492188 1813
1695127702254 546.905029296875 1814
1695127702568 608.58544921875 1815
1695127702880 567.24169921875 1816
1695127703197 517.3345947265625 1817
1695127703510 554.9335327148438 1818
1695127703822 579.1920166015625 1819
1695127704138 568.9456787109375 1820
1695127704454 578.6842041015625 1821
1695127704775 602.69091796875 1822
1695127705088 565.7866821289062 1823
1695127705409 569.9288940429688 1824
1695127705722 575.5753784179688 1825
1695127706036 575.124267578125 1826
1695127706349 559.44580078125 1827
1695127706666 565.468994140625 1828
1695127706983 565.16650390625 1829
1695127707297 548.7291870117188 1830
1695127707612 566.835693359375 1831
1695127707925 568.7891845703125 1832
1695127708239 574.549560546875 1833
1695127708553 561.2548828125 1834
1695127708868 557.0499267578125 1835
1695127709180 553.8267211914062 1836
1695127709497 583.240966796875 1837
1695127709810 542.7529296875 1838
1695127710125 578.4891967773438 1839
1695127710440 580.0565185546875 1840
1695127710760 540.6309204101562 1841
1695127711073 604.8265380859375 1842
1695127711388 575.4952392578125 1843
1695127711698 565.5589599609375 1844
1695127712014 602.8280029296875 1845
1695127712331 548.2725219726562 1846
1695127712645 548.1422729492188 1847
1695127712958 566.810791015625 1848
1695127713274 559.9434814453125 1849
1695127713587 570.2867431640625 1850
1695127713902 538.9193725585938 1851
1695127714217 575.2666625976562 1852
1695127714530 548.8348388671875 1853
1695127714842 550.9170532226562 1854
1695127715156 564.5215454101562 1855
1695127715467 610.1260986328125 1856
1695127715780 581.154296875 1857
1695127716094 574.5694580078125 1858
1695127716405 554.6928100585938 1859
1695127716719 565.834228515625 1860
1695127717032 587.4280395507812 1861
1695127717350 555.4896850585938 1862
1695127717663 539.5614013671875 1863
1695127717980 548.6422729492188 1864
1695127718296 552.1368408203125 1865
1695127718612 570.1334228515625 1866
1695127718926 573.99658203125 1867
1695127719240 610.42431640625 1868
1695127719553 558.8505249023438 1869
1695127719871 566.0904541015625 1870
1695127720187 598.734375 1871
1695127720501 565.2496948242188 1872
1695127720815 528.7770385742188 1873
1695127721128 572.1277465820312 1874
1695127721442 563.2691650390625 1875
1695127721755 552.6058349609375 1876
1695127722068 574.8140258789062 1877
1695127722380 558.9968872070312 1878
1695127722694 596.8126831054688 1879
1695127723006 592.8092651367188 1880
1695127723320 565.1927490234375 1881
1695127723634 560.431884765625 1882
1695127723950 548.1474609375 1883
1695127724260 563.9127807617188 1884
1695127724574 536.8899536132812 1885
1695127724887 568.867431640625 1886
1695127725198 551.3771362304688 1887
1695127725510 535.6751098632812 1888
1695127725824 566.2868041992188 1889
1695127726135 577.0521850585938 1890
1695127726447 551.65185546875 1891
1695127726760 565.6920776367188 1892
1695127727072 534.6290283203125 1893
1695127727385 590.6399536132812 1894
1695127727699 583.5468139648438 1895
1695127728012 602.7772827148438 1896
1695127728325 595.614990234375 1897
1695127728638 552.0767211914062 1898
1695127728952 622.9204711914062 1899
1695127729268 566.7113037109375 1900
1695127732890 582.205078125 1901
1695127733210 578.061767578125 1902
1695127733526 539.22314453125 1903
1695127733839 539.9288940429688 1904
1695127734152 565.5621948242188 1905
1695127734462 607.7578125 1906
1695127734775 545.1851806640625 1907
1695127735089 550.2644653320312 1908
1695127735399 566.852294921875 1909
1695127735715 562.0645141601562 1910
1695127736027 574.6748046875 1911
1695127736338 577.6126098632812 1912
1695127736651 584.19970703125 1913
1695127736963 551.405029296875 1914
1695127737314 549.1630859375 1915
1695127737641 587.58447265625 1916
1695127737995 577.0592041015625 1917
1695127738338 580.787353515625 1918
1695127738684 588.1118774414062 1919
1695127739007 594.0319213867188 1920
1695127739338 567.982421875 1921
1695127739666 521.5862426757812 1922
1695127739994 551.00146484375 1923
1695127740349 551.80712890625 1924
1695127740692 555.4598999023438 1925
1695127741028 558.8839721679688 1926
1695127741347 605.702392578125 1927
1695127741663 572.0460205078125 1928
1695127741977 557.4282836914062 1929
1695127742290 593.8453369140625 1930
1695127742600 582.3931884765625 1931
1695127742911 558.35009765625 1932
1695127743221 607.1480102539062 1933
1695127743535 561.79541015625 1934
1695127743868 545.9901733398438 1935
1695127744211 544.705078125 1936
1695127744535 540.7230834960938 1937
1695127744871 551.8759155273438 1938
1695127745185 549.6265869140625 1939
1695127745497 575.47900390625 1940
1695127745809 525.3935546875 1941
1695127746118 581.7669677734375 1942
1695127746428 576.453857421875 1943
1695127746735 542.065673828125 1944
1695127747045 579.6038818359375 1945
1695127747354 585.85302734375 1946
1695127747663 603.8056640625 1947
1695127747984 551.177978515625 1948
1695127748294 601.6964721679688 1949
1695127748618 559.2673950195312 1950
1695127748942 575.36865234375 1951
1695127749256 587.583740234375 1952
1695127749565 606.5654296875 1953
1695127749884 580.8142700195312 1954
1695127750222 520.25634765625 1955
1695127750548 540.7459716796875 1956
1695127750897 590.8130493164062 1957
1695127751207 572.23291015625 1958
1695127751523 566.40087890625 1959
1695127751854 533.5386962890625 1960
1695127752167 580.5938720703125 1961
1695127752487 584.5587158203125 1962
1695127752845 564.272705078125 1963
1695127753188 560.08935546875 1964
1695127753529 572.6388549804688 1965
1695127753858 547.9026489257812 1966
1695127754172 548.3721923828125 1967
1695127754490 599.3242797851562 1968
1695127754802 531.5475463867188 1969
1695127755137 546.768798828125 1970
1695127755484 572.3984985351562 1971
1695127755804 568.4984130859375 1972
1695127756119 585.11962890625 1973
1695127756434 581.2254638671875 1974
1695127756748 589.8209838867188 1975
1695127757073 549.8627319335938 1976
1695127757392 579.6015625 1977
1695127757706 575.0471801757812 1978
1695127758025 585.9896240234375 1979
1695127758349 573.9060668945312 1980
1695127758674 558.1153564453125 1981
1695127758987 585.0859985351562 1982
1695127759300 583.970947265625 1983
1695127759624 554.8878784179688 1984
1695127759938 568.30322265625 1985
1695127760253 568.5255737304688 1986
1695127760567 567.612060546875 1987
1695127760890 550.7146606445312 1988
1695127761203 585.26416015625 1989
1695127761518 592.1107788085938 1990
1695127761832 596.386962890625 1991
1695127762150 535.773681640625 1992
1695127762472 617.7138671875 1993
1695127762787 558.22998046875 1994
1695127763100 572.5075073242188 1995
1695127763419 538.158935546875 1996
1695127763736 579.4149780273438 1997
1695127764052 575.37548828125 1998
1695127764366 580.521484375 1999
1695127764683 560.9962768554688 2000
1695127768420 567.57275390625 2001
1695127768746 589.7716064453125 2002
1695127769060 554.3317260742188 2003
1695127769383 583.7710571289062 2004
1695127769708 578.4835205078125 2005
1695127770032 539.866943359375 2006
1695127770346 565.6867065429688 2007
1695127770662 586.5657958984375 2008
1695127770973 520.8702392578125 2009
1695127771288 551.31298828125 2010
1695127771612 551.0160522460938 2011
1695127771940 589.86669921875 2012
1695127772254 559.0803833007812 2013
1695127772574 603.1350708007812 2014
1695127772888 557.2387084960938 2015
1695127773203 602.4427490234375 2016
1695127773520 562.2682495117188 2017
1695127773831 536.9554443359375 2018
1695127774152 606.4237060546875 2019
1695127774462 544.56884765625 2020
1695127774780 515.2738037109375 2021
1695127775094 556.4638671875 2022
1695127775408 583.60498046875 2023
1695127775722 573.3632202148438 2024
1695127776038 538.796630859375 2025
1695127776350 539.2504272460938 2026
1695127776667 604.4884643554688 2027
1695127776982 557.1856079101562 2028
1695127777295 521.06494140625 2029
1695127777610 535.054443359375 2030
1695127777924 599.7684326171875 2031
1695127778241 558.5642700195312 2032
1695127778560 542.7782592773438 2033
1695127778873 527.2698974609375 2034
1695127779186 585.500244140625 2035
1695127779501 564.0843505859375 2036
1695127779815 555.5230102539062 2037
1695127780132 559.0538940429688 2038
1695127780444 567.7913208007812 2039
1695127780759 572.3483276367188 2040
1695127781072 584.880859375 2041
1695127781392 562.1670532226562 2042
1695127781704 558.7049560546875 2043
1695127782022 543.001220703125 2044
1695127782343 558.1351318359375 2045
1695127782657 578.7217407226562 2046
1695127782973 578.6634521484375 2047
1695127783298 570.890625 2048
1695127783637 556.8982543945312 2049
1695127783971 530.9299926757812 2050
1695127784315 583.2396240234375 2051
1695127784654 575.2642822265625 2052
1695127784971 562.3291015625 2053
1695127785313 541.6776733398438 2054
1695127785659 512.8450927734375 2055
1695127785987 574.237060546875 2056
1695127786299 563.0802612304688 2057
1695127786613 559.1935424804688 2058
1695127786927 589.6151123046875 2059
1695127787241 565.4223022460938 2060
1695127787556 554.1192016601562 2061
1695127787869 567.7852172851562 2062
1695127788182 571.6307373046875 2063
1695127788498 568.9173583984375 2064
1695127788811 566.5517578125 2065
1695127789125 555.1962890625 2066
1695127789440 568.2013549804688 2067
1695127789753 517.2799682617188 2068
1695127790066 608.123779296875 2069
1695127790380 543.0474243164062 2070
1695127790694 566.883544921875 2071
1695127791008 533.3184204101562 2072
1695127791324 572.4228515625 2073
1695127791649 573.4367065429688 2074
1695127791975 551.414794921875 2075
1695127792289 559.0601806640625 2076
1695127792613 544.1305541992188 2077
1695127792940 559.05908203125 2078
1695127793256 559.3845825195312 2079
1695127793572 575.7362670898438 2080
1695127793888 600.1163940429688 2081
1695127794206 543.395263671875 2082
1695127794527 578.9011840820312 2083
1695127794850 528.4683227539062 2084
1695127795170 551.3799438476562 2085
1695127795485 573.0225219726562 2086
1695127795804 527.736328125 2087
1695127796149 570.227783203125 2088
1695127796495 568.0502319335938 2089
