1695126066133 1982.4111328125 0
1695126069892 1856.419189453125 1
1695126070203 1760.9976806640625 2
1695126070515 1734.3857421875 3
1695126070828 1666.161865234375 4
1695126071141 1516.350341796875 5
1695126071454 1517.17822265625 6
1695126071769 1453.2744140625 7
1695126072081 1420.46533203125 8
1695126072394 1406.119384765625 9
1695126072707 1433.0347900390625 10
1695126073019 1306.603515625 11
1695126073331 1281.40625 12
1695126073645 1337.945556640625 13
1695126073959 1200.685791015625 14
1695126074271 1225.041259765625 15
1695126074583 1220.8857421875 16
1695126074896 1180.504150390625 17
1695126075208 1156.11669921875 18
1695126075520 1201.593017578125 19
1695126075836 1162.2542724609375 20
1695126076148 1062.2459716796875 21
1695126076461 1147.16259765625 22
1695126076775 1113.501708984375 23
1695126077087 1036.756103515625 24
1695126077401 1055.01708984375 25
1695126077715 1060.5211181640625 26
1695126078058 1039.433837890625 27
1695126078389 1039.7880859375 28
1695126078718 971.9326171875 29
1695126079026 1039.796875 30
1695126079335 988.1326904296875 31
1695126079645 974.7142944335938 32
1695126079954 1014.4043579101562 33
1695126080264 992.2453002929688 34
1695126080574 936.532958984375 35
1695126080893 932.751953125 36
1695126081232 934.18115234375 37
1695126081560 892.338134765625 38
1695126081893 907.1485595703125 39
1695126082225 931.6394653320312 40
1695126082565 911.4466552734375 41
1695126082901 884.6799926757812 42
1695126083229 913.060302734375 43
1695126083558 877.4638671875 44
1695126083913 883.6146240234375 45
1695126084243 867.54150390625 46
1695126084569 832.05615234375 47
1695126084901 906.305908203125 48
1695126085230 907.018798828125 49
1695126085544 880.2428588867188 50
1695126085858 897.161865234375 51
1695126086170 855.9998779296875 52
1695126086510 838.0830078125 53
1695126086848 866.3546142578125 54
1695126087184 824.617431640625 55
1695126087496 809.6838989257812 56
1695126087808 854.3951416015625 57
1695126088150 816.4154052734375 58
1695126088496 818.341796875 59
1695126088846 817.553466796875 60
1695126089166 829.6617431640625 61
1695126089482 802.3543701171875 62
1695126089795 842.63427734375 63
1695126090116 797.2354736328125 64
1695126090440 803.7002563476562 65
1695126090751 841.0169677734375 66
1695126091068 756.744384765625 67
1695126091381 776.78466796875 68
1695126091695 770.17626953125 69
1695126092011 779.0770874023438 70
1695126092319 753.6473999023438 71
1695126092628 754.98828125 72
1695126092951 733.5886840820312 73
1695126093277 804.765380859375 74
1695126093591 762.418212890625 75
1695126093900 763.2821044921875 76
1695126094209 785.32080078125 77
1695126094520 755.52587890625 78
1695126094831 724.2115478515625 79
1695126095141 744.7044677734375 80
1695126095473 756.2161254882812 81
1695126095785 706.9028930664062 82
1695126096111 713.00927734375 83
1695126096445 707.72705078125 84
1695126096779 742.7349243164062 85
1695126097117 763.2828369140625 86
1695126097459 722.0899658203125 87
1695126097794 694.0006103515625 88
1695126098145 700.702880859375 89
1695126098481 684.8895263671875 90
1695126098814 696.5743408203125 91
1695126099148 696.23583984375 92
1695126099474 718.0653076171875 93
1695126099789 703.8228759765625 94
1695126100105 725.8125 95
1695126100434 687.4281005859375 96
1695126100771 733.1528930664062 97
1695126101108 743.38916015625 98
1695126101451 685.5142211914062 99
1695126101765 676.0804443359375 100
1695126105745 660.3489990234375 101
1695126106058 675.33544921875 102
1695126106370 682.9803466796875 103
1695126106684 710.1734619140625 104
1695126107032 667.5245361328125 105
1695126107385 666.0940551757812 106
1695126107737 660.5018310546875 107
1695126108081 645.552734375 108
1695126108433 636.8020629882812 109
1695126108776 619.5391845703125 110
1695126109124 662.9082641601562 111
1695126109441 648.3767700195312 112
1695126109753 654.144775390625 113
1695126110063 642.3018798828125 114
1695126110377 652.663330078125 115
1695126110691 630.9107055664062 116
1695126111001 622.3341674804688 117
1695126111338 615.2772216796875 118
1695126111651 661.0738525390625 119
1695126111983 629.3026123046875 120
1695126112331 625.53515625 121
1695126112675 633.9564208984375 122
1695126113000 619.439208984375 123
1695126113346 640.2111206054688 124
1695126113692 638.2201538085938 125
1695126114041 687.3896484375 126
1695126114382 618.582275390625 127
1695126114724 638.8584594726562 128
1695126115046 652.69091796875 129
1695126115388 639.929931640625 130
1695126115714 600.4523315429688 131
1695126116032 614.1648559570312 132
1695126116376 600.858642578125 133
1695126116722 595.271728515625 134
1695126117072 646.9560546875 135
1695126117386 646.6805419921875 136
1695126117713 652.8861083984375 137
1695126118034 593.4475708007812 138
1695126118348 587.017333984375 139
1695126118660 618.1173095703125 140
1695126118972 593.4381103515625 141
1695126119282 607.2353515625 142
1695126119597 617.4913330078125 143
1695126119912 601.29345703125 144
1695126120225 627.0324096679688 145
1695126120537 608.7022705078125 146
1695126120847 587.5150146484375 147
1695126121160 573.3452758789062 148
1695126121483 633.4390258789062 149
1695126121810 585.5203857421875 150
1695126122121 600.2233276367188 151
1695126122463 574.0377197265625 152
1695126122797 565.1969604492188 153
1695126123123 596.301025390625 154
1695126123449 541.5333251953125 155
1695126123784 612.8583984375 156
1695126124125 567.9500122070312 157
1695126124456 577.5606689453125 158
1695126124793 578.2197875976562 159
1695126125108 558.0518798828125 160
1695126125422 569.4600830078125 161
1695126125735 565.8548583984375 162
1695126126051 569.7349243164062 163
1695126126362 593.3865356445312 164
1695126126698 565.087646484375 165
1695126127021 597.983642578125 166
1695126127333 595.1653442382812 167
1695126127643 579.2091064453125 168
1695126127953 576.9261474609375 169
1695126128268 548.55712890625 170
1695126128599 553.3310546875 171
1695126128914 587.09423828125 172
1695126129252 559.324951171875 173
1695126129570 567.3826904296875 174
1695126129914 546.4052734375 175
1695126130252 553.558837890625 176
1695126130567 532.0050048828125 177
1695126130878 564.575439453125 178
1695126131190 563.3378295898438 179
1695126131502 584.5421142578125 180
1695126131813 560.6800537109375 181
1695126132124 576.1546020507812 182
1695126132436 558.9708862304688 183
1695126132750 553.3603515625 184
1695126133061 572.491455078125 185
1695126133374 578.7684326171875 186
1695126133687 537.204833984375 187
1695126133998 566.4979858398438 188
1695126134309 558.19287109375 189
1695126134623 577.5413818359375 190
1695126134935 539.15625 191
1695126135247 594.954345703125 192
1695126135560 569.9608154296875 193
1695126135873 560.7030029296875 194
1695126136205 544.9829711914062 195
1695126136542 546.361572265625 196
1695126136853 572.4788818359375 197
1695126137169 541.8853759765625 198
1695126137481 522.5602416992188 199
1695126137793 590.8560791015625 200
1695126141644 557.875 201
1695126141962 528.9219360351562 202
1695126142274 527.24560546875 203
1695126142587 514.1217041015625 204
1695126142910 534.0866088867188 205
1695126143239 545.9182739257812 206
1695126143557 547.3316650390625 207
1695126143872 553.9794921875 208
1695126144217 561.5184326171875 209
1695126144553 511.28131103515625 210
1695126144904 528.2109375 211
1695126145252 511.26849365234375 212
1695126145594 524.5741577148438 213
1695126145946 533.5504150390625 214
1695126146268 554.1201171875 215
1695126146609 536.4534912109375 216
1695126146927 510.80755615234375 217
1695126147256 558.1616821289062 218
1695126147571 496.88848876953125 219
1695126147888 504.7489013671875 220
1695126148217 514.2044067382812 221
1695126148546 548.6644287109375 222
1695126148859 544.447998046875 223
1695126149172 532.3731079101562 224
1695126149486 534.2344970703125 225
1695126149799 506.50494384765625 226
1695126150114 534.7612915039062 227
1695126150427 530.0564575195312 228
1695126150740 507.239990234375 229
1695126151054 535.08837890625 230
1695126151367 530.3198852539062 231
1695126151683 503.0499267578125 232
1695126152000 513.5357666015625 233
1695126152313 517.8049926757812 234
1695126152626 483.16009521484375 235
1695126152941 533.9232177734375 236
1695126153255 515.0865478515625 237
1695126153572 522.7079467773438 238
1695126153886 500.70220947265625 239
1695126154201 516.253173828125 240
1695126154513 522.9014892578125 241
1695126154830 503.9635009765625 242
1695126155144 506.3874816894531 243
1695126155458 491.9320373535156 244
1695126155775 493.5772705078125 245
1695126156088 513.914306640625 246
1695126156403 488.80621337890625 247
1695126156718 495.1501159667969 248
1695126157032 487.0157775878906 249
1695126157347 518.0113525390625 250
1695126157661 479.533935546875 251
1695126157975 497.98052978515625 252
1695126158291 490.60205078125 253
1695126158607 505.37786865234375 254
1695126158921 495.1755676269531 255
1695126159236 487.56890869140625 256
1695126159548 533.3005981445312 257
1695126159861 478.3159484863281 258
1695126160177 516.9779052734375 259
1695126160492 522.07177734375 260
1695126160805 512.2066650390625 261
1695126161121 477.8955078125 262
1695126161436 493.77398681640625 263
1695126161751 505.9986877441406 264
1695126162065 497.576416015625 265
1695126162377 507.367431640625 266
1695126162691 479.4321594238281 267
1695126163008 474.7825927734375 268
1695126163324 489.870849609375 269
1695126163638 497.6947021484375 270
1695126163952 514.369140625 271
1695126164269 481.67498779296875 272
1695126164585 530.822509765625 273
1695126164900 504.87298583984375 274
1695126165215 496.52215576171875 275
1695126165532 508.50811767578125 276
1695126165848 477.23321533203125 277
1695126166162 485.2675476074219 278
1695126166475 478.25628662109375 279
1695126166788 490.4251708984375 280
1695126167102 472.7314453125 281
1695126167420 486.07171630859375 282
1695126167733 451.237060546875 283
1695126168049 504.60162353515625 284
1695126168363 515.4661865234375 285
1695126168676 491.1839599609375 286
1695126168995 478.9610290527344 287
1695126169308 508.55029296875 288
1695126169625 460.1340637207031 289
1695126169938 499.5684509277344 290
1695126170252 479.2773742675781 291
1695126170566 513.1058349609375 292
1695126170885 478.51287841796875 293
1695126171196 469.9151916503906 294
1695126171509 480.03948974609375 295
1695126171822 498.5245056152344 296
1695126172137 481.2944030761719 297
1695126172451 484.6224365234375 298
1695126172766 453.19598388671875 299
1695126173082 492.6241455078125 300
1695126176807 484.54388427734375 301
1695126177123 482.38983154296875 302
1695126177437 462.95465087890625 303
1695126177750 531.3046875 304
1695126178094 499.56829833984375 305
1695126178448 507.3289489746094 306
1695126178791 501.52508544921875 307
1695126179129 473.8751220703125 308
1695126179468 462.2369079589844 309
1695126179814 482.0558166503906 310
1695126180160 493.6061096191406 311
1695126180512 488.135498046875 312
1695126180836 452.75982666015625 313
1695126181168 512.30078125 314
1695126181490 480.4960632324219 315
1695126181810 492.3666687011719 316
1695126182123 513.7648315429688 317
1695126182435 457.55438232421875 318
1695126182751 469.83905029296875 319
1695126183062 469.02838134765625 320
1695126183373 476.9502258300781 321
1695126183687 447.77923583984375 322
1695126183996 468.61676025390625 323
1695126184313 466.56134033203125 324
1695126184626 502.6271057128906 325
1695126184935 449.81494140625 326
1695126185247 450.41571044921875 327
1695126185560 471.7733154296875 328
1695126185893 443.648193359375 329
1695126186209 436.8653259277344 330
1695126186537 507.9674987792969 331
1695126186851 462.97100830078125 332
1695126187185 453.3964538574219 333
1695126187498 472.029541015625 334
1695126187813 460.20452880859375 335
1695126188127 447.36456298828125 336
1695126188437 470.39715576171875 337
1695126188770 450.7822265625 338
1695126189103 441.6884765625 339
1695126189435 482.3836669921875 340
1695126189772 467.09527587890625 341
1695126190086 496.2010192871094 342
1695126190398 498.19342041015625 343
1695126190709 462.53173828125 344
1695126191024 490.7792053222656 345
1695126191338 498.7606506347656 346
1695126191648 480.16473388671875 347
1695126191965 462.3734130859375 348
1695126192304 458.0643310546875 349
1695126192634 460.99627685546875 350
1695126192984 440.2765197753906 351
1695126193344 459.3565979003906 352
1695126193689 434.90093994140625 353
1695126194020 472.84844970703125 354
1695126194355 445.9869384765625 355
1695126194684 441.90863037109375 356
1695126195014 466.6129455566406 357
1695126195336 451.53265380859375 358
1695126195658 452.00994873046875 359
1695126195967 469.3359375 360
1695126196292 477.1469421386719 361
1695126196619 443.1571044921875 362
1695126196957 486.2814636230469 363
1695126197297 442.7784423828125 364
1695126197612 473.86297607421875 365
1695126197950 457.6748046875 366
1695126198290 454.74224853515625 367
1695126198634 464.8856201171875 368
1695126198959 455.1278076171875 369
1695126199278 433.412109375 370
1695126199614 443.5500793457031 371
1695126199926 461.9560852050781 372
1695126200243 439.8562927246094 373
1695126200561 463.6064758300781 374
1695126200880 470.3755798339844 375
1695126201191 438.7613525390625 376
1695126201505 479.5258483886719 377
1695126201842 471.28033447265625 378
1695126202156 466.96734619140625 379
1695126202469 407.197265625 380
1695126202778 450.75531005859375 381
1695126203089 421.9028625488281 382
1695126203402 444.3081970214844 383
1695126203714 437.7813720703125 384
1695126204025 469.41290283203125 385
1695126204337 435.57171630859375 386
1695126204653 454.4211730957031 387
1695126204965 445.63214111328125 388
1695126205274 469.578857421875 389
1695126205587 450.8470458984375 390
1695126205898 426.6348876953125 391
1695126206208 477.3462829589844 392
1695126206517 428.52362060546875 393
1695126206825 470.703369140625 394
1695126207136 445.87823486328125 395
1695126207448 467.8687744140625 396
1695126207758 484.99530029296875 397
1695126208070 481.3719177246094 398
1695126208392 440.6054382324219 399
1695126208704 442.181884765625 400
1695126212757 460.26934814453125 401
1695126213079 444.6434326171875 402
1695126213396 482.74005126953125 403
1695126213714 437.5654296875 404
1695126214027 431.310302734375 405
1695126214345 444.1817932128906 406
1695126214661 424.72589111328125 407
1695126214982 487.66845703125 408
1695126215317 429.81524658203125 409
1695126215657 420.36083984375 410
1695126215970 449.77984619140625 411
1695126216303 419.6565856933594 412
1695126216619 464.8330078125 413
1695126216930 431.674560546875 414
1695126217240 448.580810546875 415
1695126217553 441.5463562011719 416
1695126217869 475.2734375 417
1695126218181 484.5753479003906 418
1695126218491 425.2310791015625 419
1695126218802 445.36639404296875 420
1695126219112 431.2828369140625 421
1695126219423 441.21795654296875 422
1695126219734 419.2314758300781 423
1695126220043 418.93896484375 424
1695126220357 433.01080322265625 425
1695126220671 434.68646240234375 426
1695126220981 444.269775390625 427
1695126221293 451.70703125 428
1695126221604 446.54974365234375 429
1695126221935 436.72174072265625 430
1695126222245 440.2513427734375 431
1695126222557 436.376953125 432
1695126222867 433.8749084472656 433
1695126223176 440.8024597167969 434
1695126223487 413.3687744140625 435
1695126223800 424.4241638183594 436
1695126224115 454.44683837890625 437
1695126224425 434.51556396484375 438
1695126224734 470.28814697265625 439
1695126225043 432.67041015625 440
1695126225353 435.0028076171875 441
1695126225664 452.76043701171875 442
1695126225978 469.80535888671875 443
1695126226305 400.5677490234375 444
1695126226631 406.34478759765625 445
1695126226945 424.58935546875 446
1695126227261 416.3117370605469 447
1695126227572 459.2124938964844 448
1695126227885 460.3702392578125 449
1695126228196 426.05706787109375 450
1695126228507 422.01690673828125 451
1695126228822 408.84527587890625 452
1695126229156 441.61993408203125 453
1695126229486 429.3592529296875 454
1695126229798 437.0558776855469 455
1695126230108 421.3537902832031 456
1695126230418 438.3583068847656 457
1695126230727 432.6706848144531 458
1695126231046 408.67718505859375 459
1695126231374 405.9952697753906 460
1695126231687 394.3084411621094 461
1695126232008 432.595703125 462
1695126232322 414.57391357421875 463
1695126232636 409.0615234375 464
1695126232947 434.157958984375 465
1695126233260 476.2872314453125 466
1695126233570 463.13250732421875 467
1695126233880 426.4859313964844 468
1695126234190 424.74114990234375 469
1695126234501 417.79046630859375 470
1695126234812 443.85418701171875 471
1695126235124 431.6405029296875 472
1695126235435 441.20135498046875 473
1695126235746 453.63970947265625 474
1695126236059 411.35369873046875 475
1695126236374 475.76495361328125 476
1695126236684 426.27325439453125 477
1695126236996 415.50018310546875 478
1695126237307 431.412841796875 479
1695126237617 451.20343017578125 480
1695126237926 450.2091064453125 481
1695126238237 406.59014892578125 482
1695126238547 422.94842529296875 483
1695126238858 401.0546875 484
1695126239167 444.0996398925781 485
1695126239482 450.7259826660156 486
1695126239792 428.7841796875 487
1695126240103 416.32177734375 488
1695126240415 437.838134765625 489
1695126240725 474.0538330078125 490
1695126241035 415.6289978027344 491
1695126241346 411.60333251953125 492
1695126241660 423.512939453125 493
1695126241987 427.734375 494
1695126242300 418.8331604003906 495
1695126242611 390.2078552246094 496
1695126242922 480.1957092285156 497
1695126243236 411.0161437988281 498
1695126243546 429.04144287109375 499
1695126243856 443.2354431152344 500
1695126247333 421.1630859375 501
1695126247643 427.69287109375 502
1695126247956 427.06939697265625 503
1695126248266 431.7220153808594 504
1695126248577 435.4649353027344 505
1695126248887 409.5125732421875 506
1695126249196 423.1351318359375 507
1695126249506 396.5771179199219 508
1695126249815 437.2935791015625 509
1695126250131 425.12091064453125 510
1695126250445 440.45819091796875 511
1695126250763 441.2755126953125 512
1695126251077 420.97943115234375 513
1695126251392 439.711669921875 514
1695126251707 431.36602783203125 515
1695126252023 419.37054443359375 516
1695126252334 400.9293212890625 517
1695126252642 444.7701721191406 518
1695126252951 422.6882629394531 519
1695126253263 435.7926330566406 520
1695126253573 411.04730224609375 521
1695126253883 414.02655029296875 522
1695126254194 411.20159912109375 523
1695126254511 414.2694091796875 524
1695126254843 414.77032470703125 525
1695126255158 414.6495361328125 526
1695126255470 440.0552978515625 527
1695126255785 425.7796630859375 528
1695126256101 440.7370910644531 529
1695126256415 416.3345947265625 530
1695126256731 457.05450439453125 531
1695126257045 416.5038146972656 532
1695126257384 420.3451232910156 533
1695126257735 438.00592041015625 534
1695126258079 422.3521728515625 535
1695126258411 409.79345703125 536
1695126258758 413.2339782714844 537
1695126259071 422.47613525390625 538
1695126259410 439.3526916503906 539
1695126259737 428.23333740234375 540
1695126260047 418.4346618652344 541
1695126260356 453.0428466796875 542
1695126260667 420.41021728515625 543
1695126260977 401.2201232910156 544
1695126261293 405.9347839355469 545
1695126261623 410.02484130859375 546
1695126261960 421.86883544921875 547
1695126262287 421.48431396484375 548
1695126262627 456.45025634765625 549
1695126262955 421.2550048828125 550
1695126263280 417.3189392089844 551
1695126263596 409.9962158203125 552
1695126263907 431.52142333984375 553
1695126264238 422.52978515625 554
1695126264554 415.8802490234375 555
1695126264888 411.859619140625 556
1695126265198 415.5884094238281 557
1695126265512 447.0123596191406 558
1695126265822 455.3363342285156 559
1695126266138 433.83062744140625 560
1695126266448 420.8709411621094 561
1695126266758 415.15399169921875 562
1695126267068 407.939697265625 563
1695126267378 390.1619873046875 564
1695126267705 406.9888916015625 565
1695126268031 402.46380615234375 566
1695126268342 409.18438720703125 567
1695126268653 404.80816650390625 568
1695126268978 409.280517578125 569
1695126269305 471.9247131347656 570
1695126269617 423.73345947265625 571
1695126269959 431.38970947265625 572
1695126270300 437.9671936035156 573
1695126270622 387.7474670410156 574
1695126270939 438.8492126464844 575
1695126271256 419.0322265625 576
1695126271602 409.4084777832031 577
1695126271956 428.34259033203125 578
1695126272267 422.501708984375 579
1695126272577 434.05499267578125 580
1695126272886 451.81256103515625 581
1695126273197 402.2069091796875 582
1695126273509 414.86065673828125 583
1695126273821 391.8545837402344 584
1695126274131 426.67828369140625 585
1695126274440 392.168701171875 586
1695126274750 438.4958190917969 587
1695126275061 402.47381591796875 588
1695126275370 420.5295715332031 589
1695126275680 408.53399658203125 590
1695126275991 451.13494873046875 591
1695126276330 432.9356994628906 592
1695126276646 397.84539794921875 593
1695126276985 403.8097229003906 594
1695126277309 443.79150390625 595
1695126277625 411.91741943359375 596
1695126277938 411.78350830078125 597
1695126278263 408.170654296875 598
1695126278577 444.2555236816406 599
1695126278893 450.95697021484375 600
1695126282705 397.945068359375 601
1695126283052 416.271240234375 602
1695126283397 407.6015930175781 603
1695126283725 417.8612060546875 604
1695126284041 393.64227294921875 605
1695126284356 398.6236267089844 606
1695126284681 416.99627685546875 607
1695126285029 419.9641418457031 608
1695126285366 427.13348388671875 609
1695126285719 390.07696533203125 610
1695126286037 417.39471435546875 611
1695126286373 428.18634033203125 612
1695126286687 416.9662780761719 613
1695126287002 441.2998046875 614
1695126287318 400.4244384765625 615
1695126287629 435.138427734375 616
1695126287944 444.5868835449219 617
1695126288260 403.3294677734375 618
1695126288583 409.6365661621094 619
1695126288926 390.66009521484375 620
1695126289239 408.531982421875 621
1695126289579 390.06085205078125 622
1695126289920 428.0653381347656 623
1695126290264 415.8629150390625 624
1695126290580 434.3609313964844 625
1695126290894 389.03277587890625 626
1695126291210 413.5113830566406 627
1695126291521 388.89801025390625 628
1695126291836 403.0185852050781 629
1695126292164 424.03326416015625 630
1695126292509 410.8468322753906 631
1695126292838 429.0719909667969 632
1695126293163 415.46917724609375 633
1695126293475 383.62689208984375 634
1695126293784 443.660400390625 635
1695126294097 425.4893798828125 636
1695126294408 386.3100891113281 637
1695126294718 396.566162109375 638
1695126295031 411.4471435546875 639
1695126295355 433.82525634765625 640
1695126295668 392.1614990234375 641
1695126295979 415.38800048828125 642
1695126296291 389.77685546875 643
1695126296600 427.8813781738281 644
1695126296911 397.6507263183594 645
1695126297221 421.7955322265625 646
1695126297531 418.1697998046875 647
1695126297841 376.6826171875 648
1695126298151 409.6956787109375 649
1695126298461 414.38555908203125 650
1695126298770 399.6601257324219 651
1695126299082 378.51190185546875 652
1695126299418 420.19769287109375 653
1695126299734 406.30767822265625 654
1695126300049 413.1372985839844 655
1695126300367 396.3260192871094 656
1695126300684 391.0715637207031 657
1695126300997 402.0099792480469 658
1695126301311 407.64532470703125 659
1695126301627 402.34515380859375 660
1695126301944 415.62042236328125 661
1695126302258 391.6548767089844 662
1695126302571 400.19708251953125 663
1695126302886 418.83355712890625 664
1695126303199 449.182373046875 665
1695126303513 378.99407958984375 666
1695126303827 416.84710693359375 667
1695126304140 387.7679138183594 668
1695126304454 395.88763427734375 669
1695126304768 382.92388916015625 670
1695126305081 433.8250427246094 671
1695126305426 399.8556213378906 672
1695126305759 421.4111328125 673
1695126306086 377.8226013183594 674
1695126306399 398.3362121582031 675
1695126306710 419.0450744628906 676
1695126307024 427.0199279785156 677
1695126307334 387.04296875 678
1695126307643 390.45263671875 679
1695126307953 388.69342041015625 680
1695126308264 427.8004150390625 681
1695126308573 387.2461242675781 682
1695126308884 394.505615234375 683
1695126309195 421.76708984375 684
1695126309507 391.1439514160156 685
1695126309816 393.0205383300781 686
1695126310128 378.67706298828125 687
1695126310437 411.470703125 688
1695126310747 393.6441650390625 689
1695126311058 427.57025146484375 690
1695126311370 410.126708984375 691
1695126311680 396.6766357421875 692
1695126311994 380.70208740234375 693
1695126312312 389.945556640625 694
1695126312649 414.4712829589844 695
1695126312973 393.1881103515625 696
1695126313319 395.7044982910156 697
1695126313636 404.4101867675781 698
1695126313952 399.2054443359375 699
1695126314264 396.7974853515625 700
1695126318001 390.33935546875 701
1695126318327 384.48724365234375 702
1695126318639 410.106689453125 703
1695126318950 422.0537109375 704
1695126319260 412.1934814453125 705
1695126319585 387.76806640625 706
1695126319934 398.1221618652344 707
1695126320267 443.35064697265625 708
1695126320584 438.6669006347656 709
1695126320901 369.0633850097656 710
1695126321214 370.99310302734375 711
1695126321559 379.39324951171875 712
1695126321898 386.2730407714844 713
1695126322229 384.3629150390625 714
1695126322566 406.6484680175781 715
1695126322903 432.67706298828125 716
1695126323257 386.4639587402344 717
1695126323594 360.51611328125 718
1695126323945 405.58349609375 719
1695126324264 412.2490234375 720
1695126324601 374.81427001953125 721
1695126324917 412.05694580078125 722
1695126325236 358.9591369628906 723
1695126325551 384.852294921875 724
1695126325864 390.32720947265625 725
1695126326183 395.667724609375 726
1695126326495 387.5470275878906 727
1695126326804 373.490478515625 728
1695126327115 411.15728759765625 729
1695126327425 387.12432861328125 730
1695126327740 394.4752197265625 731
1695126328054 389.4229736328125 732
1695126328370 396.84930419921875 733
1695126328680 401.6999816894531 734
1695126328989 391.61016845703125 735
1695126329325 366.82830810546875 736
1695126329658 395.5859375 737
1695126329969 423.9404602050781 738
1695126330279 420.7001953125 739
1695126330592 391.98468017578125 740
1695126330901 432.2115783691406 741
1695126331210 378.0122985839844 742
1695126331523 389.03857421875 743
1695126331832 394.09600830078125 744
1695126332146 414.57012939453125 745
1695126332456 392.7110595703125 746
1695126332766 380.1558532714844 747
1695126333078 388.1994323730469 748
1695126333389 407.7403564453125 749
1695126333711 421.4522705078125 750
1695126334021 369.1974182128906 751
1695126334333 421.5538330078125 752
1695126334644 387.90997314453125 753
1695126334954 388.0237121582031 754
1695126335264 376.9450378417969 755
1695126335574 390.9937438964844 756
1695126335884 404.09814453125 757
1695126336193 398.6117858886719 758
1695126336503 467.2784729003906 759
1695126336813 350.4795227050781 760
1695126337121 389.8896179199219 761
1695126337430 389.38421630859375 762
1695126337739 393.1387023925781 763
1695126338049 435.5680847167969 764
1695126338359 396.44293212890625 765
1695126338669 406.3521728515625 766
1695126338979 400.8824462890625 767
1695126339288 481.3870849609375 768
1695126339599 393.435302734375 769
1695126339910 371.12353515625 770
1695126340218 399.07958984375 771
1695126340529 388.73590087890625 772
1695126340841 399.02783203125 773
1695126341151 376.0526123046875 774
1695126341465 390.98797607421875 775
1695126341774 415.1292724609375 776
1695126342087 400.39111328125 777
1695126342397 391.8979187011719 778
1695126342708 417.2886962890625 779
1695126343018 396.407470703125 780
1695126343331 398.2757568359375 781
1695126343653 375.2062072753906 782
1695126343965 400.3450927734375 783
1695126344278 389.021484375 784
1695126344589 381.2204284667969 785
1695126344898 378.3182678222656 786
1695126345211 410.3498229980469 787
1695126345525 391.030517578125 788
1695126345838 387.13311767578125 789
1695126346147 383.2396240234375 790
1695126346456 381.1069030761719 791
1695126346768 392.1182861328125 792
1695126347078 371.579833984375 793
1695126347391 399.7025146484375 794
1695126347701 385.2220153808594 795
1695126348011 393.95806884765625 796
1695126348323 400.83673095703125 797
1695126348634 406.951416015625 798
1695126348943 361.0887145996094 799
1695126349254 426.72021484375 800
1695126352969 433.6771240234375 801
1695126353281 402.8573913574219 802
1695126353633 377.1673583984375 803
1695126353990 385.8554382324219 804
1695126354345 374.077880859375 805
1695126354680 392.5986633300781 806
1695126355018 398.9136657714844 807
1695126355358 369.20440673828125 808
1695126355710 354.1043701171875 809
1695126356045 391.1979675292969 810
1695126356391 401.87200927734375 811
1695126356729 426.6049499511719 812
1695126357068 375.1178283691406 813
1695126357392 358.22412109375 814
1695126357706 366.683349609375 815
1695126358021 364.0361022949219 816
1695126358334 390.46136474609375 817
1695126358666 389.6155700683594 818
1695126358980 380.12066650390625 819
1695126359292 398.38336181640625 820
1695126359602 400.0209655761719 821
1695126359914 382.353515625 822
1695126360224 399.6962585449219 823
1695126360537 398.58892822265625 824
1695126360848 379.82080078125 825
1695126361158 366.7142333984375 826
1695126361487 401.3332214355469 827
1695126361807 416.7828369140625 828
1695126362118 373.7056579589844 829
1695126362429 412.87335205078125 830
1695126362741 395.27532958984375 831
1695126363082 393.16845703125 832
1695126363414 368.2945556640625 833
1695126363752 395.018310546875 834
1695126364092 389.90478515625 835
1695126364404 390.33599853515625 836
1695126364716 390.0953674316406 837
1695126365066 379.68023681640625 838
1695126365412 361.6429748535156 839
1695126365758 388.10174560546875 840
1695126366090 396.070556640625 841
1695126366416 377.43157958984375 842
1695126366736 390.369140625 843
1695126367073 372.6806640625 844
1695126367389 398.8425598144531 845
1695126367705 369.144287109375 846
1695126368023 371.2027587890625 847
1695126368342 362.9294738769531 848
1695126368658 362.924560546875 849
1695126368970 410.05517578125 850
1695126369281 410.4793701171875 851
1695126369591 391.26654052734375 852
1695126369903 373.136962890625 853
1695126370214 383.43414306640625 854
1695126370525 368.23089599609375 855
1695126370835 370.02978515625 856
1695126371147 384.6328125 857
1695126371462 402.0510559082031 858
1695126371773 370.66802978515625 859
1695126372082 406.1803894042969 860
1695126372395 404.52960205078125 861
1695126372705 366.82708740234375 862
1695126373018 417.8828125 863
1695126373328 359.47613525390625 864
1695126373641 388.8653564453125 865
1695126373954 431.8027648925781 866
1695126374265 393.9454650878906 867
1695126374575 410.6278381347656 868
1695126374886 387.3524169921875 869
1695126375196 371.7762451171875 870
1695126375521 364.7154235839844 871
1695126375838 372.95611572265625 872
1695126376148 366.7569580078125 873
1695126376458 391.806396484375 874
1695126376770 400.832763671875 875
1695126377086 387.3252868652344 876
1695126377395 404.4118957519531 877
1695126377705 384.5806579589844 878
1695126378017 361.97406005859375 879
1695126378331 376.7088623046875 880
1695126378641 378.58465576171875 881
1695126378952 374.888671875 882
1695126379265 381.7610168457031 883
1695126379575 372.3738708496094 884
1695126379885 367.01513671875 885
1695126380196 383.12615966796875 886
1695126380506 398.644287109375 887
1695126380817 383.7305908203125 888
1695126381127 384.1042175292969 889
1695126381441 383.126708984375 890
1695126381751 385.2593688964844 891
1695126382061 345.88751220703125 892
1695126382371 361.66748046875 893
1695126382682 355.30206298828125 894
1695126382992 378.751708984375 895
1695126383313 367.0353088378906 896
1695126383638 385.87713623046875 897
1695126383957 381.21136474609375 898
1695126384268 369.1019592285156 899
1695126384586 397.84765625 900
1695126388351 385.74285888671875 901
1695126388681 369.2049865722656 902
1695126388996 354.5358581542969 903
1695126389318 399.0627136230469 904
1695126389655 357.4642333984375 905
1695126389995 365.01434326171875 906
1695126390359 374.9931640625 907
1695126390699 401.3448791503906 908
1695126391053 392.5689697265625 909
1695126391379 401.00433349609375 910
1695126391699 364.368896484375 911
1695126392020 361.13873291015625 912
1695126392337 403.66912841796875 913
1695126392649 409.8854064941406 914
1695126392962 349.277099609375 915
1695126393296 375.792724609375 916
1695126393608 394.3793640136719 917
1695126393920 372.2987060546875 918
1695126394231 368.1199951171875 919
1695126394542 405.9352722167969 920
1695126394852 363.83642578125 921
1695126395162 361.08099365234375 922
1695126395473 377.9278564453125 923
1695126395785 363.65277099609375 924
1695126396095 390.03277587890625 925
1695126396405 402.1629638671875 926
1695126396716 378.4053649902344 927
1695126397026 391.26904296875 928
1695126397339 377.76171875 929
1695126397655 395.2379150390625 930
1695126397966 383.3692626953125 931
1695126398276 374.09088134765625 932
1695126398588 433.08026123046875 933
1695126398899 352.5855407714844 934
1695126399209 382.3079833984375 935
1695126399521 379.449951171875 936
1695126399831 382.4293212890625 937
1695126400142 395.73968505859375 938
1695126400451 351.84521484375 939
1695126400773 374.32501220703125 940
1695126401084 376.3046569824219 941
1695126401397 376.04852294921875 942
1695126401709 377.49237060546875 943
1695126402019 381.40850830078125 944
1695126402329 381.6343994140625 945
1695126402640 384.4027404785156 946
1695126402950 410.954833984375 947
1695126403266 384.5928039550781 948
1695126403577 392.45965576171875 949
1695126403888 379.56317138671875 950
1695126404200 383.56982421875 951
1695126404509 385.71539306640625 952
1695126404821 363.55169677734375 953
1695126405130 368.04595947265625 954
1695126405439 372.9389953613281 955
1695126405749 377.9310302734375 956
1695126406062 374.60162353515625 957
1695126406372 400.85357666015625 958
1695126406682 371.8890686035156 959
1695126406993 414.86431884765625 960
1695126407304 388.33648681640625 961
1695126407614 356.53466796875 962
1695126407923 379.3468933105469 963
1695126408234 366.1049499511719 964
1695126408543 370.34820556640625 965
1695126408852 368.3814392089844 966
1695126409161 393.21038818359375 967
1695126409472 371.75750732421875 968
1695126409781 372.3797607421875 969
1695126410093 385.1662902832031 970
1695126410402 360.251953125 971
1695126410726 370.2906494140625 972
1695126411040 355.19232177734375 973
1695126411350 364.289794921875 974
1695126411666 399.45208740234375 975
1695126411975 379.09197998046875 976
1695126412284 372.8121337890625 977
1695126412599 375.16436767578125 978
1695126412909 386.7400207519531 979
1695126413220 390.13916015625 980
1695126413530 354.12017822265625 981
1695126413838 380.9039611816406 982
1695126414147 352.40277099609375 983
1695126414458 400.9795837402344 984
1695126414773 403.4270324707031 985
1695126415083 392.7476806640625 986
1695126415398 356.15057373046875 987
1695126415710 371.6163024902344 988
1695126416024 368.0137939453125 989
1695126416335 381.4491882324219 990
1695126416645 345.2076110839844 991
1695126416956 393.66717529296875 992
1695126417270 400.3532409667969 993
1695126417579 346.2213134765625 994
1695126417890 378.7730712890625 995
1695126418204 370.84539794921875 996
1695126418514 377.1357421875 997
1695126418824 361.3340759277344 998
1695126419133 341.2928771972656 999
1695126419444 402.6868591308594 1000
1695126423011 411.3764343261719 1001
1695126423324 372.18621826171875 1002
1695126423634 377.3079833984375 1003
1695126423945 399.35101318359375 1004
1695126424255 359.715087890625 1005
1695126424563 361.7332763671875 1006
1695126424874 350.2457275390625 1007
1695126425184 386.5736999511719 1008
1695126425494 384.1536865234375 1009
1695126425804 352.356689453125 1010
1695126426114 382.34600830078125 1011
1695126426424 378.27960205078125 1012
1695126426733 381.46551513671875 1013
1695126427042 358.93389892578125 1014
1695126427353 337.5677185058594 1015
1695126427669 343.6987609863281 1016
1695126427980 359.153564453125 1017
1695126428292 379.4591979980469 1018
1695126428602 416.8540954589844 1019
1695126428911 348.0069885253906 1020
1695126429221 366.0546875 1021
1695126429531 358.9697265625 1022
1695126429841 357.8718566894531 1023
1695126430154 375.9112548828125 1024
1695126430465 366.2333679199219 1025
1695126430788 350.57952880859375 1026
1695126431099 387.7293395996094 1027
1695126431408 367.04779052734375 1028
1695126431718 349.66900634765625 1029
1695126432028 371.8099670410156 1030
1695126432338 382.13946533203125 1031
1695126432649 377.53369140625 1032
1695126432959 358.5379638671875 1033
1695126433271 379.23773193359375 1034
1695126433585 359.7289733886719 1035
1695126433899 384.89117431640625 1036
1695126434209 387.271728515625 1037
1695126434520 360.4079284667969 1038
1695126434834 371.6925964355469 1039
1695126435143 353.4539794921875 1040
1695126435454 366.6641845703125 1041
1695126435764 355.4164733886719 1042
1695126436078 381.0268859863281 1043
1695126436390 403.24981689453125 1044
1695126436700 375.3515319824219 1045
1695126437011 365.2087707519531 1046
1695126437325 412.0724792480469 1047
1695126437635 368.9306945800781 1048
1695126437945 349.826416015625 1049
1695126438257 342.7344665527344 1050
1695126438567 385.9309387207031 1051
1695126438878 393.46099853515625 1052
1695126439187 361.02313232421875 1053
1695126439498 408.6560974121094 1054
1695126439808 363.6435546875 1055
1695126440117 376.6299133300781 1056
1695126440428 358.65185546875 1057
1695126440754 349.15863037109375 1058
1695126441064 384.5775146484375 1059
1695126441375 419.1800537109375 1060
1695126441687 363.7879333496094 1061
1695126441998 389.80181884765625 1062
1695126442308 383.7529296875 1063
1695126442623 358.45166015625 1064
1695126442935 376.94403076171875 1065
1695126443249 367.322021484375 1066
1695126443561 375.2463684082031 1067
1695126443871 366.56610107421875 1068
1695126444181 353.6845397949219 1069
1695126444492 365.02545166015625 1070
1695126444803 362.5 1071
1695126445119 371.00750732421875 1072
1695126445438 395.51055908203125 1073
1695126445748 337.8601379394531 1074
1695126446059 399.5870056152344 1075
1695126446371 365.29400634765625 1076
1695126446681 378.95758056640625 1077
1695126446990 380.9014892578125 1078
1695126447300 367.9658203125 1079
1695126447611 367.09210205078125 1080
1695126447924 381.337890625 1081
1695126448235 352.77239990234375 1082
1695126448546 337.2213439941406 1083
1695126448856 369.0863952636719 1084
1695126449170 347.27716064453125 1085
1695126449479 368.1298828125 1086
1695126449790 355.6418151855469 1087
1695126450102 362.4793701171875 1088
1695126450412 372.2080383300781 1089
1695126450733 358.87371826171875 1090
1695126451044 374.85919189453125 1091
1695126451354 399.20050048828125 1092
1695126451664 397.10772705078125 1093
1695126451977 365.8746032714844 1094
1695126452294 348.02386474609375 1095
1695126452607 337.26904296875 1096
1695126452919 382.67498779296875 1097
1695126453229 342.9873962402344 1098
1695126453539 391.33148193359375 1099
1695126453857 362.4661865234375 1100
1695126457532 370.58697509765625 1101
1695126457901 362.32525634765625 1102
1695126458245 346.21630859375 1103
1695126458589 385.894775390625 1104
1695126458903 385.17877197265625 1105
1695126459217 392.2702331542969 1106
1695126459527 382.967529296875 1107
1695126459864 372.0482482910156 1108
1695126460213 363.79974365234375 1109
1695126460551 359.93408203125 1110
1695126460897 397.1947937011719 1111
1695126461225 382.0692138671875 1112
1695126461552 359.77764892578125 1113
1695126461886 349.8673095703125 1114
1695126462199 370.57012939453125 1115
1695126462517 380.98724365234375 1116
1695126462834 372.2227478027344 1117
1695126463147 378.20635986328125 1118
1695126463464 364.125732421875 1119
1695126463786 396.2652587890625 1120
1695126464112 360.70135498046875 1121
1695126464429 356.82586669921875 1122
1695126464738 349.6476745605469 1123
1695126465052 353.705078125 1124
1695126465363 368.55279541015625 1125
1695126465676 372.6402587890625 1126
1695126465987 346.31634521484375 1127
1695126466299 349.6234436035156 1128
1695126466610 341.2159118652344 1129
1695126466920 359.27252197265625 1130
1695126467230 381.9415588378906 1131
1695126467541 367.3762512207031 1132
1695126467853 371.04083251953125 1133
1695126468163 361.4765625 1134
1695126468473 391.4656677246094 1135
1695126468786 361.2903747558594 1136
1695126469096 349.9816589355469 1137
1695126469407 356.19415283203125 1138
1695126469717 357.0830993652344 1139
1695126470030 337.9480285644531 1140
1695126470347 345.1348876953125 1141
1695126470659 360.0384826660156 1142
1695126470969 374.57232666015625 1143
1695126471279 379.707275390625 1144
1695126471591 353.1072998046875 1145
1695126471904 385.8663635253906 1146
1695126472217 371.092529296875 1147
1695126472526 359.74468994140625 1148
1695126472839 365.53155517578125 1149
1695126473176 358.6957092285156 1150
1695126473523 384.8304138183594 1151
1695126473836 362.7032470703125 1152
1695126474149 340.3666076660156 1153
1695126474466 358.34393310546875 1154
1695126474779 344.6348876953125 1155
1695126475095 373.4749755859375 1156
1695126475410 360.34161376953125 1157
1695126475724 364.00885009765625 1158
1695126476044 367.16253662109375 1159
1695126476385 391.56396484375 1160
1695126476719 375.34429931640625 1161
1695126477052 366.6952209472656 1162
1695126477393 357.6097412109375 1163
1695126477737 362.1239929199219 1164
1695126478054 416.79254150390625 1165
1695126478374 375.36395263671875 1166
1695126478687 365.30889892578125 1167
1695126479004 374.8131103515625 1168
1695126479316 354.945556640625 1169
1695126479662 376.35321044921875 1170
1695126479999 370.54254150390625 1171
1695126480338 369.3284912109375 1172
1695126480653 365.9747314453125 1173
1695126480964 392.5469970703125 1174
1695126481289 349.51983642578125 1175
1695126481629 359.53564453125 1176
1695126481959 383.41912841796875 1177
1695126482274 372.4010009765625 1178
1695126482598 379.24688720703125 1179
1695126482946 392.185546875 1180
1695126483288 351.36578369140625 1181
1695126483622 375.7273864746094 1182
1695126483933 382.4520263671875 1183
1695126484257 365.95184326171875 1184
1695126484574 379.7846374511719 1185
1695126484887 331.819091796875 1186
1695126485202 345.36419677734375 1187
1695126485518 398.916748046875 1188
1695126485831 350.3126220703125 1189
1695126486145 370.333740234375 1190
1695126486460 425.4692077636719 1191
1695126486775 391.0500183105469 1192
1695126487091 383.81842041015625 1193
1695126487405 358.0712890625 1194
1695126487721 373.4051513671875 1195
1695126488034 365.5954895019531 1196
1695126488351 387.96356201171875 1197
1695126488666 363.4286804199219 1198
1695126488977 371.2049255371094 1199
1695126489293 363.80133056640625 1200
1695126492907 367.90020751953125 1201
1695126493221 371.5650939941406 1202
1695126493535 352.30072021484375 1203
1695126493874 350.42974853515625 1204
1695126494209 335.0327453613281 1205
1695126494553 326.87652587890625 1206
1695126494899 353.28460693359375 1207
1695126495243 337.84735107421875 1208
1695126495570 374.4185791015625 1209
1695126495880 361.40423583984375 1210
1695126496205 329.9727478027344 1211
1695126496540 363.73785400390625 1212
1695126496860 391.16162109375 1213
1695126497174 355.3125 1214
1695126497485 364.81982421875 1215
1695126497798 348.0120849609375 1216
1695126498109 350.6502685546875 1217
1695126498420 357.08819580078125 1218
1695126498731 363.5263671875 1219
1695126499041 380.9482421875 1220
1695126499350 338.64495849609375 1221
1695126499661 362.79010009765625 1222
1695126499973 366.6295166015625 1223
1695126500287 374.2067565917969 1224
1695126500596 390.48651123046875 1225
1695126500906 351.9561767578125 1226
1695126501217 341.04766845703125 1227
1695126501527 364.9870300292969 1228
1695126501837 347.01898193359375 1229
1695126502148 357.4183044433594 1230
1695126502458 331.1221923828125 1231
1695126502767 379.99176025390625 1232
1695126503076 367.6946716308594 1233
1695126503387 367.4891052246094 1234
1695126503697 353.5799255371094 1235
1695126504012 354.5766296386719 1236
1695126504322 408.57293701171875 1237
1695126504631 354.7882385253906 1238
1695126504949 375.8794250488281 1239
1695126505262 333.55029296875 1240
1695126505572 344.4036865234375 1241
1695126505882 347.04351806640625 1242
1695126506192 358.0251770019531 1243
1695126506503 372.0525817871094 1244
1695126506813 376.7743225097656 1245
1695126507123 356.9781188964844 1246
1695126507432 371.4306335449219 1247
1695126507741 363.5592346191406 1248
1695126508052 354.8705139160156 1249
1695126508362 356.57098388671875 1250
1695126508671 352.0133056640625 1251
1695126508981 353.9726257324219 1252
1695126509293 354.4357604980469 1253
1695126509603 341.6981506347656 1254
1695126509913 347.2103576660156 1255
1695126510225 354.589111328125 1256
1695126510535 350.04705810546875 1257
1695126510849 338.353515625 1258
1695126511165 336.41619873046875 1259
1695126511477 353.98480224609375 1260
1695126511787 383.22100830078125 1261
1695126512100 344.4497375488281 1262
1695126512410 348.9263916015625 1263
1695126512721 355.8000793457031 1264
1695126513037 358.07000732421875 1265
1695126513348 354.4610595703125 1266
1695126513657 391.3841247558594 1267
1695126513967 375.98284912109375 1268
1695126514278 364.15765380859375 1269
1695126514592 355.7179870605469 1270
1695126514946 347.85076904296875 1271
1695126515262 375.0037841796875 1272
1695126515582 364.29730224609375 1273
1695126515916 359.22943115234375 1274
1695126516241 346.9149475097656 1275
1695126516570 331.2601318359375 1276
1695126516913 358.361083984375 1277
1695126517255 364.16192626953125 1278
1695126517601 339.07025146484375 1279
1695126517936 378.9751281738281 1280
1695126518276 362.4820556640625 1281
1695126518611 361.0106201171875 1282
1695126518948 374.4858703613281 1283
1695126519260 372.8096618652344 1284
1695126519574 368.66259765625 1285
1695126519900 372.7255859375 1286
1695126520230 350.6768798828125 1287
1695126520548 363.353759765625 1288
1695126520872 339.5235595703125 1289
1695126521191 379.39031982421875 1290
1695126521514 403.1065368652344 1291
1695126521831 373.8284912109375 1292
1695126522142 355.66668701171875 1293
1695126522452 366.7107238769531 1294
1695126522762 374.14923095703125 1295
1695126523072 345.96563720703125 1296
1695126523382 368.06805419921875 1297
1695126523692 360.84014892578125 1298
1695126524001 365.1334228515625 1299
1695126524311 354.3291015625 1300
1695126528264 363.3645935058594 1301
1695126528633 354.00445556640625 1302
1695126528970 352.2143859863281 1303
1695126529305 375.26837158203125 1304
1695126529632 336.011474609375 1305
1695126529983 392.8055419921875 1306
1695126530324 359.25244140625 1307
1695126530666 369.85552978515625 1308
1695126530993 370.19769287109375 1309
1695126531309 335.86444091796875 1310
1695126531636 375.6551513671875 1311
1695126531955 385.91851806640625 1312
1695126532266 348.7701416015625 1313
1695126532582 339.26153564453125 1314
1695126532898 339.96246337890625 1315
1695126533211 338.98699951171875 1316
1695126533524 349.8975830078125 1317
1695126533837 359.62860107421875 1318
1695126534146 363.52349853515625 1319
1695126534458 348.18768310546875 1320
1695126534769 342.1065673828125 1321
1695126535080 348.7952575683594 1322
1695126535391 368.6126708984375 1323
1695126535700 349.0749816894531 1324
1695126536010 343.157470703125 1325
1695126536322 382.34454345703125 1326
1695126536633 354.9236145019531 1327
1695126536943 362.47515869140625 1328
1695126537254 386.51763916015625 1329
1695126537564 369.8883056640625 1330
1695126537877 345.77435302734375 1331
1695126538187 378.620849609375 1332
1695126538497 358.1736145019531 1333
1695126538814 359.1094970703125 1334
1695126539125 393.0545654296875 1335
1695126539435 353.6357421875 1336
1695126539746 379.1221923828125 1337
1695126540081 357.7432861328125 1338
1695126540423 369.070068359375 1339
1695126540767 363.6480407714844 1340
1695126541108 338.8796691894531 1341
1695126541454 347.8949890136719 1342
1695126541768 334.7065124511719 1343
1695126542082 321.9080810546875 1344
1695126542393 381.9298095703125 1345
1695126542724 355.9154052734375 1346
1695126543047 347.56878662109375 1347
1695126543380 358.5845947265625 1348
1695126543724 354.4581298828125 1349
1695126544067 381.5726318359375 1350
1695126544419 405.06597900390625 1351
1695126544744 362.717041015625 1352
1695126545059 370.7757568359375 1353
1695126545371 354.57672119140625 1354
1695126545681 340.133544921875 1355
1695126545991 372.2906188964844 1356
1695126546301 357.93353271484375 1357
1695126546614 357.4118957519531 1358
1695126546926 356.2080078125 1359
1695126547237 389.4146728515625 1360
1695126547549 363.2965393066406 1361
1695126547861 387.710693359375 1362
1695126548187 381.2055969238281 1363
1695126548514 378.008544921875 1364
1695126548852 389.73291015625 1365
1695126549194 375.2544250488281 1366
1695126549555 382.5668640136719 1367
1695126549872 366.64776611328125 1368
1695126550202 378.6248779296875 1369
1695126550530 360.41339111328125 1370
1695126550865 330.27423095703125 1371
1695126551185 371.0120544433594 1372
1695126551495 386.50836181640625 1373
1695126551813 377.2098083496094 1374
1695126552124 353.1157531738281 1375
1695126552446 361.5312805175781 1376
1695126552757 336.9682922363281 1377
1695126553068 383.3538818359375 1378
1695126553379 349.43115234375 1379
1695126553694 357.2384948730469 1380
1695126554012 382.38800048828125 1381
1695126554329 339.17913818359375 1382
1695126554648 364.8521728515625 1383
1695126554963 362.6874084472656 1384
1695126555284 359.515869140625 1385
1695126555623 358.8531494140625 1386
1695126555961 363.6004943847656 1387
1695126556299 336.6649169921875 1388
1695126556627 335.8932800292969 1389
1695126556949 356.83868408203125 1390
1695126557260 330.1739807128906 1391
1695126557576 353.4296875 1392
1695126557909 347.74774169921875 1393
1695126558234 356.45098876953125 1394
1695126558545 373.29644775390625 1395
1695126558862 341.9214172363281 1396
1695126559180 379.73272705078125 1397
1695126559502 345.39617919921875 1398
1695126559821 330.3077392578125 1399
1695126560142 367.15765380859375 1400
1695126563846 343.8283996582031 1401
1695126564167 386.6813659667969 1402
1695126564502 390.9471740722656 1403
1695126564838 369.6385498046875 1404
1695126565171 333.2516784667969 1405
1695126565489 334.78985595703125 1406
1695126565807 409.16314697265625 1407
1695126566121 362.50372314453125 1408
1695126566433 353.3070983886719 1409
1695126566753 352.5165710449219 1410
1695126567087 392.4862060546875 1411
1695126567426 356.71417236328125 1412
1695126567766 368.0643005371094 1413
1695126568111 334.4637756347656 1414
1695126568427 353.9147644042969 1415
1695126568743 369.00042724609375 1416
1695126569084 349.1865539550781 1417
1695126569419 342.4317626953125 1418
1695126569731 350.70281982421875 1419
1695126570045 370.08575439453125 1420
1695126570355 343.2626647949219 1421
1695126570665 392.03033447265625 1422
1695126570990 353.0991516113281 1423
1695126571308 372.66510009765625 1424
1695126571619 359.9787902832031 1425
1695126571929 379.99835205078125 1426
1695126572238 355.7091064453125 1427
1695126572551 359.84210205078125 1428
1695126572864 364.9820251464844 1429
1695126573178 354.6090087890625 1430
1695126573488 389.73028564453125 1431
1695126573800 345.8418884277344 1432
1695126574110 371.4978332519531 1433
1695126574423 388.42266845703125 1434
1695126574733 365.70111083984375 1435
1695126575043 348.3092041015625 1436
1695126575355 362.6270446777344 1437
1695126575665 365.8309326171875 1438
1695126575977 362.67132568359375 1439
1695126576290 371.2261962890625 1440
1695126576602 373.33148193359375 1441
1695126576915 354.2074279785156 1442
1695126577225 355.8885803222656 1443
1695126577536 334.51385498046875 1444
1695126577848 351.109130859375 1445
1695126578161 359.2367858886719 1446
1695126578474 355.8343811035156 1447
1695126578784 370.4631042480469 1448
1695126579097 367.7579345703125 1449
1695126579408 347.02581787109375 1450
1695126579718 383.972412109375 1451
1695126580042 423.5166320800781 1452
1695126580364 392.7005920410156 1453
1695126580702 358.7849426269531 1454
1695126581022 346.9337463378906 1455
1695126581336 362.2425842285156 1456
1695126581670 369.420654296875 1457
1695126581981 327.90679931640625 1458
1695126582294 374.56414794921875 1459
1695126582603 363.9693603515625 1460
1695126582916 398.9953918457031 1461
1695126583226 379.4421691894531 1462
1695126583539 374.848388671875 1463
1695126583849 369.3543701171875 1464
1695126584160 381.6920166015625 1465
1695126584474 341.4681396484375 1466
1695126584788 349.57232666015625 1467
1695126585100 359.21551513671875 1468
1695126585428 329.0672912597656 1469
1695126585768 372.16778564453125 1470
1695126586115 340.1381530761719 1471
1695126586455 344.89471435546875 1472
1695126586798 371.8970642089844 1473
1695126587138 373.0233459472656 1474
1695126587473 337.063232421875 1475
1695126587818 348.12164306640625 1476
1695126588153 326.2051086425781 1477
1695126588497 331.923583984375 1478
1695126588834 355.90777587890625 1479
1695126589148 404.6890869140625 1480
1695126589479 364.6801452636719 1481
1695126589826 335.5610046386719 1482
1695126590173 350.75592041015625 1483
1695126590520 360.7115783691406 1484
1695126590882 373.8806457519531 1485
1695126591219 362.54412841796875 1486
1695126591539 340.0014343261719 1487
1695126591875 363.7512512207031 1488
1695126592203 364.7532958984375 1489
1695126592529 382.99603271484375 1490
1695126592860 343.01837158203125 1491
1695126593196 358.8760070800781 1492
1695126593535 351.4383544921875 1493
1695126593881 333.4079284667969 1494
1695126594222 346.5613098144531 1495
1695126594570 393.9351806640625 1496
1695126594891 379.4720153808594 1497
1695126595228 353.5087890625 1498
1695126595542 383.5313720703125 1499
1695126595862 335.85491943359375 1500
1695126599470 353.68756103515625 1501
1695126599809 334.9168395996094 1502
1695126600145 342.52655029296875 1503
1695126600482 389.9322509765625 1504
1695126600799 353.3502197265625 1505
1695126601116 349.4946594238281 1506
1695126601430 395.8406982421875 1507
1695126601743 373.3316345214844 1508
1695126602056 375.85931396484375 1509
1695126602369 369.9776916503906 1510
1695126602716 349.163818359375 1511
1695126603070 347.4177551269531 1512
1695126603423 355.79827880859375 1513
1695126603757 369.30078125 1514
1695126604076 348.84033203125 1515
1695126604426 366.45574951171875 1516
1695126604770 350.73040771484375 1517
1695126605119 372.7720947265625 1518
1695126605450 368.1014709472656 1519
1695126605786 368.1103515625 1520
1695126606120 335.6617736816406 1521
1695126606433 333.6845397949219 1522
1695126606743 359.8559265136719 1523
1695126607055 333.6224365234375 1524
1695126607365 331.1259765625 1525
1695126607674 350.76458740234375 1526
1695126607984 345.655029296875 1527
1695126608297 366.2096252441406 1528
1695126608616 347.25146484375 1529
1695126608930 359.1369323730469 1530
1695126609250 343.4566955566406 1531
1695126609562 321.6781005859375 1532
1695126609873 349.83251953125 1533
1695126610183 347.7543029785156 1534
1695126610496 364.9920349121094 1535
1695126610808 376.33819580078125 1536
1695126611120 336.65966796875 1537
1695126611435 342.75341796875 1538
1695126611750 344.420654296875 1539
1695126612061 377.21502685546875 1540
1695126612372 349.3789367675781 1541
1695126612681 361.10992431640625 1542
1695126612991 333.774658203125 1543
1695126613301 340.5655517578125 1544
1695126613611 345.2855529785156 1545
1695126613922 350.407470703125 1546
1695126614232 335.22186279296875 1547
1695126614545 359.1397399902344 1548
1695126614865 374.2609558105469 1549
1695126615176 328.8927917480469 1550
1695126615485 342.15570068359375 1551
1695126615795 343.18243408203125 1552
1695126616108 346.9137878417969 1553
1695126616419 340.0050048828125 1554
1695126616730 348.72247314453125 1555
1695126617040 366.4000244140625 1556
1695126617350 332.8371276855469 1557
1695126617661 347.4676818847656 1558
1695126617969 349.3059387207031 1559
1695126618278 322.0181579589844 1560
1695126618590 349.10430908203125 1561
1695126618900 364.33990478515625 1562
1695126619212 333.0010986328125 1563
1695126619521 352.1347961425781 1564
1695126619831 360.8153076171875 1565
1695126620141 336.6495666503906 1566
1695126620449 368.5859680175781 1567
1695126620759 361.7958679199219 1568
1695126621069 344.085693359375 1569
1695126621380 346.38824462890625 1570
1695126621690 358.12652587890625 1571
1695126622003 358.01263427734375 1572
1695126622316 339.7798156738281 1573
1695126622629 335.468505859375 1574
1695126622945 333.27044677734375 1575
1695126623257 333.8932189941406 1576
1695126623567 354.0691223144531 1577
1695126623881 361.62554931640625 1578
1695126624194 327.4171447753906 1579
1695126624504 335.8543701171875 1580
1695126624847 357.7659912109375 1581
1695126625192 350.42724609375 1582
1695126625521 333.453857421875 1583
1695126625835 327.6832580566406 1584
1695126626148 345.1011962890625 1585
1695126626463 377.74285888671875 1586
1695126626777 365.5760803222656 1587
1695126627088 336.512451171875 1588
1695126627405 370.64385986328125 1589
1695126627722 354.9075927734375 1590
1695126628035 375.6561279296875 1591
1695126628350 365.67718505859375 1592
1695126628686 341.213134765625 1593
1695126629034 323.04888916015625 1594
1695126629356 337.5997314453125 1595
1695126629671 362.75030517578125 1596
1695126629982 361.7415771484375 1597
1695126630301 343.918212890625 1598
1695126630616 339.98382568359375 1599
1695126630935 366.0947570800781 1600
1695126634530 389.05950927734375 1601
1695126634848 377.5020751953125 1602
1695126635166 395.38671875 1603
1695126635481 347.05462646484375 1604
1695126635794 370.12335205078125 1605
1695126636110 341.45953369140625 1606
1695126636423 337.8499755859375 1607
1695126636736 340.9894714355469 1608
1695126637047 331.7850341796875 1609
1695126637361 351.8934631347656 1610
1695126637674 331.49078369140625 1611
1695126637987 366.5665588378906 1612
1695126638300 343.954833984375 1613
1695126638615 371.51629638671875 1614
1695126638928 341.8589172363281 1615
1695126639241 343.61688232421875 1616
1695126639555 331.615234375 1617
1695126639868 321.37506103515625 1618
1695126640180 351.42425537109375 1619
1695126640494 348.71112060546875 1620
1695126640808 338.74249267578125 1621
1695126641120 363.3372802734375 1622
1695126641431 344.3099365234375 1623
1695126641745 338.7936096191406 1624
1695126642058 351.23248291015625 1625
1695126642370 350.8803405761719 1626
1695126642683 367.2873840332031 1627
1695126642998 341.8233642578125 1628
1695126643311 342.8501892089844 1629
1695126643623 340.9720458984375 1630
1695126643937 354.7959289550781 1631
1695126644254 344.8128662109375 1632
1695126644568 330.49676513671875 1633
1695126644882 347.98638916015625 1634
1695126645198 335.08477783203125 1635
1695126645512 346.4085693359375 1636
1695126645826 326.16082763671875 1637
1695126646140 341.6646423339844 1638
1695126646452 341.5968322753906 1639
1695126646765 343.63720703125 1640
1695126647078 339.33502197265625 1641
1695126647391 319.7991943359375 1642
1695126647704 348.57818603515625 1643
1695126648016 340.0203857421875 1644
1695126648333 322.02984619140625 1645
1695126648646 354.48388671875 1646
1695126648959 383.02581787109375 1647
1695126649274 363.1546630859375 1648
1695126649616 345.4512023925781 1649
1695126649967 343.17041015625 1650
1695126650309 338.34173583984375 1651
1695126650655 336.46051025390625 1652
1695126650990 343.01434326171875 1653
1695126651329 372.9406433105469 1654
1695126651643 355.542236328125 1655
1695126651955 347.8001708984375 1656
1695126652289 379.206787109375 1657
1695126652623 334.07501220703125 1658
1695126652956 368.192626953125 1659
1695126653305 359.24920654296875 1660
1695126653649 343.0555419921875 1661
1695126653978 340.0758361816406 1662
1695126654290 348.12554931640625 1663
1695126654606 347.3765869140625 1664
1695126654920 328.8341369628906 1665
1695126655260 342.0093078613281 1666
1695126655608 327.0509033203125 1667
1695126655919 337.37420654296875 1668
1695126656253 330.68634033203125 1669
1695126656596 344.0890808105469 1670
1695126656931 339.41473388671875 1671
1695126657276 338.95709228515625 1672
1695126657618 362.87249755859375 1673
1695126657974 348.61846923828125 1674
1695126658289 326.75909423828125 1675
1695126658624 338.8753967285156 1676
1695126658939 358.6033630371094 1677
1695126659256 349.98565673828125 1678
1695126659565 357.3304443359375 1679
1695126659880 358.6897888183594 1680
1695126660200 359.3715515136719 1681
1695126660519 349.700439453125 1682
1695126660835 343.18304443359375 1683
1695126661152 340.4396057128906 1684
1695126661465 346.354736328125 1685
1695126661781 346.5694274902344 1686
1695126662121 367.5135498046875 1687
1695126662440 337.65911865234375 1688
1695126662751 348.0813293457031 1689
1695126663062 341.0177001953125 1690
1695126663373 340.944580078125 1691
1695126663683 369.0682373046875 1692
1695126663994 318.37603759765625 1693
1695126664321 345.9701843261719 1694
1695126664640 333.5860900878906 1695
1695126664953 353.1087646484375 1696
1695126665264 333.135498046875 1697
1695126665577 367.67547607421875 1698
1695126665894 390.02545166015625 1699
1695126666209 343.916259765625 1700
1695126669824 360.509033203125 1701
1695126670136 358.65692138671875 1702
1695126670449 337.0226135253906 1703
1695126670760 339.49188232421875 1704
1695126671075 347.3374938964844 1705
1695126671388 368.8738098144531 1706
1695126671702 332.3487854003906 1707
1695126672017 331.66680908203125 1708
1695126672359 341.6156005859375 1709
1695126672697 343.2080078125 1710
1695126673029 363.7870788574219 1711
1695126673342 355.062255859375 1712
1695126673656 350.62725830078125 1713
1695126673976 363.2972717285156 1714
1695126674301 375.1015625 1715
1695126674614 339.6059875488281 1716
1695126674934 350.5121765136719 1717
1695126675245 344.4870300292969 1718
1695126675556 331.6639404296875 1719
1695126675869 344.07427978515625 1720
1695126676200 352.46240234375 1721
1695126676513 352.2183837890625 1722
1695126676837 371.312744140625 1723
1695126677166 341.0503845214844 1724
1695126677479 362.7578125 1725
1695126677798 341.5853576660156 1726
1695126678112 342.04425048828125 1727
1695126678424 328.1343688964844 1728
1695126678737 356.685546875 1729
1695126679051 350.9776306152344 1730
1695126679364 335.32952880859375 1731
1695126679675 333.09381103515625 1732
1695126679989 371.4239501953125 1733
1695126680303 323.63079833984375 1734
1695126680614 372.59649658203125 1735
1695126680929 348.8902893066406 1736
1695126681242 348.0012512207031 1737
1695126681554 365.6080017089844 1738
1695126681866 333.78070068359375 1739
1695126682179 378.9558410644531 1740
1695126682490 361.9306335449219 1741
1695126682803 341.16241455078125 1742
1695126683120 319.4786071777344 1743
1695126683435 346.89990234375 1744
1695126683750 346.84124755859375 1745
1695126684063 356.3390197753906 1746
1695126684376 354.3690490722656 1747
1695126684690 387.572998046875 1748
1695126685003 358.1462707519531 1749
1695126685316 365.11016845703125 1750
1695126685627 353.038818359375 1751
1695126685939 355.85211181640625 1752
1695126686252 360.84820556640625 1753
1695126686566 363.1831970214844 1754
1695126686887 353.7779541015625 1755
1695126687238 336.71417236328125 1756
1695126687575 358.6466064453125 1757
1695126687926 342.03692626953125 1758
1695126688261 364.23193359375 1759
1695126688590 336.2125244140625 1760
1695126688901 362.1178283691406 1761
1695126689228 330.9619445800781 1762
1695126689555 365.28515625 1763
1695126689880 343.89703369140625 1764
1695126690199 340.9781188964844 1765
1695126690515 335.6634521484375 1766
1695126690845 363.72503662109375 1767
1695126691191 353.5694580078125 1768
1695126691510 374.3440246582031 1769
1695126691823 395.0889587402344 1770
1695126692135 354.6163024902344 1771
1695126692449 334.1605224609375 1772
1695126692762 340.045166015625 1773
1695126693075 351.2142639160156 1774
1695126693392 349.8923645019531 1775
1695126693713 375.54473876953125 1776
1695126694025 361.5458679199219 1777
1695126694338 387.64794921875 1778
1695126694650 330.6070861816406 1779
1695126694964 348.8472595214844 1780
1695126695276 347.2724609375 1781
1695126695588 330.64764404296875 1782
1695126695901 337.73516845703125 1783
1695126696214 381.8083801269531 1784
1695126696525 387.7765808105469 1785
1695126696839 390.37213134765625 1786
1695126697154 338.6130065917969 1787
1695126697467 335.72607421875 1788
1695126697781 350.92901611328125 1789
1695126698096 354.88092041015625 1790
1695126698410 333.78607177734375 1791
1695126698722 333.72265625 1792
1695126699035 339.16357421875 1793
1695126699350 353.703125 1794
1695126699662 358.2908630371094 1795
1695126699978 379.333740234375 1796
1695126700294 383.92095947265625 1797
1695126700608 344.85833740234375 1798
1695126700921 335.0630798339844 1799
1695126701235 345.8907775878906 1800
1695126704793 339.2738037109375 1801
1695126705109 323.09259033203125 1802
1695126705435 347.55633544921875 1803
1695126705779 338.1939697265625 1804
1695126706129 346.70086669921875 1805
1695126706477 337.0462646484375 1806
1695126706821 332.87286376953125 1807
1695126707169 337.8687438964844 1808
1695126707519 368.01409912109375 1809
1695126707855 332.647216796875 1810
1695126708194 334.4464111328125 1811
1695126708518 340.82464599609375 1812
1695126708835 348.5978088378906 1813
1695126709147 341.2498474121094 1814
1695126709461 331.6044921875 1815
1695126709779 340.7335510253906 1816
1695126710096 326.46240234375 1817
1695126710407 345.83502197265625 1818
1695126710722 350.9486083984375 1819
1695126711034 325.93255615234375 1820
1695126711348 325.3521728515625 1821
1695126711658 344.9276123046875 1822
1695126711970 352.53399658203125 1823
1695126712281 327.93499755859375 1824
1695126712596 329.07843017578125 1825
1695126712907 346.88397216796875 1826
1695126713218 341.8076171875 1827
1695126713528 362.9771728515625 1828
1695126713839 375.0416259765625 1829
1695126714153 341.3535461425781 1830
1695126714465 352.7405700683594 1831
1695126714777 346.8281555175781 1832
1695126715089 334.6243896484375 1833
1695126715402 364.80841064453125 1834
1695126715753 318.66461181640625 1835
1695126716067 351.0406799316406 1836
1695126716382 355.11114501953125 1837
1695126716695 361.6171569824219 1838
1695126717007 342.91094970703125 1839
1695126717321 385.9073486328125 1840
1695126717633 361.0055236816406 1841
1695126717948 338.8386535644531 1842
1695126718262 332.1033020019531 1843
1695126718577 342.2464294433594 1844
1695126718890 366.79046630859375 1845
1695126719203 342.5848388671875 1846
1695126719527 357.44036865234375 1847
1695126719846 369.7373962402344 1848
1695126720160 332.1909484863281 1849
1695126720473 343.2142333984375 1850
1695126720787 322.3415832519531 1851
1695126721097 331.297119140625 1852
1695126721410 318.08135986328125 1853
1695126721736 343.26953125 1854
1695126722085 359.5970764160156 1855
1695126722436 333.0707702636719 1856
1695126722753 349.1709899902344 1857
1695126723086 360.8001403808594 1858
1695126723404 350.05828857421875 1859
1695126723717 362.85577392578125 1860
1695126724030 326.5769348144531 1861
1695126724348 351.1185302734375 1862
1695126724663 348.11749267578125 1863
1695126724977 388.7509460449219 1864
1695126725293 351.0652160644531 1865
1695126725606 338.05316162109375 1866
1695126725925 348.7646484375 1867
1695126726240 348.63226318359375 1868
1695126726554 386.0481262207031 1869
1695126726868 344.8884582519531 1870
1695126727197 362.9531555175781 1871
1695126727512 323.98504638671875 1872
1695126727833 333.9532165527344 1873
1695126728146 329.0578918457031 1874
1695126728458 337.4925842285156 1875
1695126728776 321.32794189453125 1876
1695126729091 349.049072265625 1877
1695126729411 337.08514404296875 1878
1695126729737 336.7987365722656 1879
1695126730093 341.85107421875 1880
1695126730431 366.4913330078125 1881
1695126730773 372.2145080566406 1882
1695126731092 342.9502868652344 1883
1695126731408 350.907470703125 1884
1695126731728 344.84912109375 1885
1695126732040 327.2457275390625 1886
1695126732355 341.67205810546875 1887
1695126732673 372.92547607421875 1888
1695126732987 318.3876037597656 1889
1695126733301 356.408447265625 1890
1695126733619 338.5279846191406 1891
1695126733932 321.1693420410156 1892
1695126734262 335.370849609375 1893
1695126734595 335.6279296875 1894
1695126734932 348.8733825683594 1895
1695126735258 353.298828125 1896
1695126735595 333.16680908203125 1897
1695126735926 332.46270751953125 1898
1695126736251 341.71368408203125 1899
1695126736572 343.4727783203125 1900
1695126740685 329.78887939453125 1901
1695126741011 357.6338806152344 1902
1695126741323 331.50311279296875 1903
1695126741671 349.20867919921875 1904
1695126742022 332.60003662109375 1905
1695126742360 381.16339111328125 1906
1695126742696 342.0894775390625 1907
1695126743044 338.81219482421875 1908
1695126743386 337.9096374511719 1909
1695126743717 370.3551940917969 1910
1695126744046 344.1524353027344 1911
1695126744364 325.96099853515625 1912
1695126744703 356.34600830078125 1913
1695126745017 345.16693115234375 1914
1695126745333 321.4219970703125 1915
1695126745644 390.3115234375 1916
1695126745961 343.8246765136719 1917
1695126746275 347.77215576171875 1918
1695126746591 341.6262512207031 1919
1695126746901 323.22222900390625 1920
1695126747216 333.5013732910156 1921
1695126747538 358.7353820800781 1922
1695126747870 339.0939025878906 1923
1695126748181 347.5721130371094 1924
1695126748491 371.0037841796875 1925
1695126748801 344.66571044921875 1926
1695126749114 311.3581237792969 1927
1695126749429 381.4087219238281 1928
1695126749767 358.70611572265625 1929
1695126750080 353.6547546386719 1930
1695126750393 365.78875732421875 1931
1695126750712 369.37725830078125 1932
1695126751027 330.4882507324219 1933
1695126751340 333.865234375 1934
1695126751658 355.304931640625 1935
1695126751971 352.39373779296875 1936
1695126752284 360.7922058105469 1937
1695126752602 367.9993896484375 1938
1695126752914 340.9378662109375 1939
1695126753231 340.90130615234375 1940
1695126753548 360.0188903808594 1941
1695126753861 377.92449951171875 1942
1695126754178 331.7171936035156 1943
1695126754490 313.2971496582031 1944
1695126754804 337.0623779296875 1945
1695126755120 348.9410400390625 1946
1695126755434 338.33148193359375 1947
1695126755750 336.5653076171875 1948
1695126756068 347.8147888183594 1949
1695126756379 334.7470703125 1950
1695126756696 359.2764892578125 1951
1695126757010 324.89630126953125 1952
1695126757325 351.64251708984375 1953
1695126757638 327.6037902832031 1954
1695126757953 336.96014404296875 1955
1695126758268 374.08392333984375 1956
1695126758584 335.3666076660156 1957
1695126758897 360.4322814941406 1958
1695126759212 351.4564208984375 1959
1695126759526 347.4681091308594 1960
1695126759841 345.82098388671875 1961
1695126760157 366.0223083496094 1962
1695126760473 355.73486328125 1963
1695126760791 364.87579345703125 1964
1695126761107 345.245849609375 1965
1695126761419 299.9023132324219 1966
1695126761734 372.9429931640625 1967
1695126762051 329.1795654296875 1968
1695126762366 332.62493896484375 1969
1695126762680 330.0923767089844 1970
1695126762993 347.3174743652344 1971
1695126763307 355.1890869140625 1972
1695126763624 355.31329345703125 1973
1695126763940 338.5005798339844 1974
1695126764256 341.3518981933594 1975
1695126764575 328.3090515136719 1976
1695126764889 361.51348876953125 1977
1695126765208 353.00079345703125 1978
1695126765524 331.37518310546875 1979
1695126765838 329.2389221191406 1980
1695126766152 338.01153564453125 1981
1695126766468 402.47186279296875 1982
1695126766782 353.2976989746094 1983
1695126767099 332.5537109375 1984
1695126767412 334.2672424316406 1985
1695126767727 333.84228515625 1986
1695126768044 341.05291748046875 1987
1695126768359 368.1888427734375 1988
1695126768672 365.7079162597656 1989
1695126768986 350.6453857421875 1990
1695126769299 328.7933349609375 1991
1695126769613 351.8742370605469 1992
1695126769932 368.3006286621094 1993
1695126770247 347.705810546875 1994
1695126770565 345.7017517089844 1995
1695126770878 377.05548095703125 1996
1695126771194 345.480224609375 1997
1695126771510 345.4120178222656 1998
1695126771822 317.21356201171875 1999
1695126772137 328.80908203125 2000
1695126775817 321.095947265625 2001
1695126776135 324.980712890625 2002
1695126776446 328.47021484375 2003
1695126776761 342.28997802734375 2004
1695126777076 331.89898681640625 2005
1695126777391 323.4503173828125 2006
1695126777711 372.7314147949219 2007
1695126778025 322.966064453125 2008
1695126778337 344.1353454589844 2009
1695126778656 358.751953125 2010
1695126778972 353.5630187988281 2011
1695126779285 337.78314208984375 2012
1695126779599 347.4275817871094 2013
1695126779914 333.77227783203125 2014
1695126780229 330.38427734375 2015
1695126780545 346.7398681640625 2016
1695126780860 336.5766296386719 2017
1695126781177 331.53741455078125 2018
1695126781495 350.3582458496094 2019
1695126781808 320.3370361328125 2020
1695126782127 340.5999755859375 2021
1695126782438 333.27276611328125 2022
1695126782755 350.21405029296875 2023
1695126783077 339.79058837890625 2024
1695126783422 346.13580322265625 2025
1695126783772 328.8583984375 2026
1695126784120 332.88446044921875 2027
1695126784466 348.60833740234375 2028
1695126784800 353.1634216308594 2029
1695126785135 320.7854309082031 2030
1695126785494 361.52459716796875 2031
1695126785842 340.16131591796875 2032
1695126786177 319.466796875 2033
1695126786510 333.9506530761719 2034
1695126786829 376.7337646484375 2035
1695126787145 330.25958251953125 2036
1695126787479 324.43341064453125 2037
1695126787791 340.8152770996094 2038
1695126788102 318.1451416015625 2039
1695126788413 352.2349853515625 2040
1695126788731 371.5828857421875 2041
1695126789072 343.8065185546875 2042
1695126789414 344.09716796875 2043
1695126789761 355.4665222167969 2044
