1695149676136 1833.2783203125 0
1695149680171 1703.9210205078125 1
1695149680634 1282.329345703125 2
1695149681098 1244.724853515625 3
1695149681566 1492.450927734375 4
1695149682028 1493.33837890625 5
1695149682491 1343.7506103515625 6
1695149682964 3326.889404296875 7
1695149683430 1192.064697265625 8
1695149683894 1153.028564453125 9
1695149684363 1481.6712646484375 10
1695149684833 1280.525634765625 11
1695149685295 1157.056640625 12
1695149685756 1400.6263427734375 13
1695149686234 1959.954833984375 14
1695149686710 1442.801025390625 15
1695149687180 1147.8492431640625 16
1695149687647 1088.400634765625 17
1695149688173 1027.81689453125 18
1695149688712 1358.94140625 19
1695149689212 1199.784912109375 20
1695149689705 1694.370361328125 21
1695149690186 1305.3946533203125 22
1695149690656 1471.6451416015625 23
1695149691150 1147.6102294921875 24
1695149691653 1150.435791015625 25
1695149692147 1215.234619140625 26
1695149692651 1100.706787109375 27
1695149693146 1139.908447265625 28
1695149693642 1092.334228515625 29
1695149694123 1089.088623046875 30
1695149694594 1073.6868896484375 31
1695149695059 1063.908203125 32
1695149695533 1282.79345703125 33
1695149696025 1100.2841796875 34
1695149696506 1073.6531982421875 35
1695149696977 1164.375244140625 36
1695149697446 1402.7447509765625 37
1695149697913 1261.56298828125 38
1695149698377 1349.901611328125 39
1695149698842 1219.6943359375 40
1695149699310 1081.777587890625 41
1695149699778 1087.4700927734375 42
1695149700245 1174.740478515625 43
1695149700709 1173.1270751953125 44
1695149701174 1064.3741455078125 45
1695149701642 1178.7200927734375 46
1695149702110 1052.89794921875 47
1695149702585 1046.365234375 48
1695149703053 1034.41650390625 49
1695149703518 1097.2073974609375 50
1695149703985 1024.748779296875 51
1695149704449 1129.786865234375 52
1695149704913 1123.554931640625 53
1695149705382 1032.01318359375 54
1695149705850 1083.730224609375 55
1695149706322 988.4141845703125 56
1695149706789 1146.068603515625 57
1695149707253 942.0551147460938 58
1695149707717 917.7880249023438 59
1695149708185 921.4193725585938 60
1695149708684 1305.2198486328125 61
1695149709190 1062.304931640625 62
1695149709708 996.968505859375 63
1695149710218 1118.265380859375 64
1695149710684 927.5155029296875 65
1695149711149 955.708740234375 66
1695149711616 946.5753784179688 67
1695149712084 956.8067016601562 68
1695149712560 1021.058837890625 69
1695149713030 900.0732421875 70
1695149713495 871.408447265625 71
1695149713965 979.9324951171875 72
1695149714431 854.8777465820312 73
1695149714899 1038.12109375 74
1695149715370 919.4105224609375 75
1695149715838 993.3399047851562 76
1695149716305 943.5074462890625 77
1695149716772 1169.278076171875 78
1695149717237 1007.7762451171875 79
1695149717703 1016.9375610351562 80
1695149718171 934.46728515625 81
1695149718640 868.281982421875 82
1695149719108 975.2507934570312 83
1695149719583 949.00927734375 84
1695149720063 841.603759765625 85
1695149720543 871.494140625 86
1695149721025 896.7054443359375 87
1695149721502 991.6573486328125 88
1695149721967 849.4891357421875 89
1695149722436 887.995849609375 90
1695149722946 859.6376342773438 91
1695149723464 852.9813232421875 92
1695149723941 851.7904663085938 93
1695149724448 967.0653076171875 94
1695149724956 859.703125 95
1695149725463 819.0947265625 96
1695149725947 916.5304565429688 97
1695149726425 836.5269775390625 98
1695149726907 898.4090576171875 99
1695149727404 873.3980712890625 100
1695149731221 831.8385009765625 101
1695149731689 837.1923828125 102
1695149732189 883.183837890625 103
1695149732657 824.394775390625 104
1695149733121 822.5491943359375 105
1695149733590 792.324462890625 106
1695149734079 868.6370239257812 107
1695149734580 938.63525390625 108
1695149735083 849.285888671875 109
1695149735554 834.5120849609375 110
1695149736021 808.8673095703125 111
1695149736488 907.612060546875 112
1695149736980 804.0725708007812 113
1695149737468 802.9195556640625 114
1695149737942 748.0807495117188 115
1695149738422 760.1729736328125 116
1695149738898 726.5040283203125 117
1695149739372 906.7078857421875 118
1695149739839 758.171630859375 119
1695149740306 893.0064697265625 120
1695149740776 868.7168579101562 121
1695149741246 770.6162719726562 122
1695149741712 737.6165771484375 123
1695149742206 705.5514526367188 124
1695149742675 719.576904296875 125
1695149743146 767.418701171875 126
1695149743631 715.777099609375 127
1695149744134 700.6303100585938 128
1695149744628 868.0408935546875 129
1695149745098 801.41455078125 130
1695149745567 811.1879272460938 131
1695149746032 818.2791748046875 132
1695149746521 795.622314453125 133
1695149747026 963.0725708007812 134
1695149747502 799.6416015625 135
1695149747978 795.2998657226562 136
1695149748477 744.628662109375 137
1695149748972 714.734375 138
1695149749477 726.3244018554688 139
1695149749963 873.39013671875 140
1695149750516 739.8609619140625 141
1695149751025 701.6215209960938 142
1695149751504 724.2052001953125 143
1695149751972 808.3212890625 144
1695149752439 697.3211669921875 145
1695149752907 703.256103515625 146
1695149753412 697.3377685546875 147
1695149753924 754.3334350585938 148
1695149754436 705.7035522460938 149
1695149754938 701.87841796875 150
1695149755430 699.5892333984375 151
1695149755905 682.29443359375 152
1695149756377 651.6798095703125 153
1695149756866 723.4080810546875 154
1695149757336 808.9864501953125 155
1695149757817 831.1668701171875 156
1695149758317 647.677734375 157
1695149758809 627.6205444335938 158
1695149759308 723.48828125 159
1695149759819 622.0780029296875 160
1695149760342 696.466064453125 161
1695149760872 678.1945190429688 162
1695149761372 622.848388671875 163
1695149761866 629.4158325195312 164
1695149762366 607.7391357421875 165
