1694169688120 0.9781607985496521 0
1694169689542 1.1304899454116821 1
1694169690935 0.7964686751365662 2
1694169692353 0.7164759039878845 3
1694169693759 0.580507218837738 4
1694169695174 0.524987518787384 5
1694169696583 0.5130083560943604 6
1694169697992 0.5034705400466919 7
1694169699401 0.5252118110656738 8
1694169700830 0.4972032308578491 9
1694169702301 0.4754481613636017 10
1694169704055 0.49678653478622437 11
1694169705532 0.4842432141304016 12
1694169707019 0.476742148399353 13
1694169708449 0.5008996725082397 14
1694169709897 0.5015211701393127 15
1694169711358 0.47928357124328613 16
1694169712795 0.4934026598930359 17
1694169714382 0.48430395126342773 18
1694169716036 0.47373902797698975 19
1694169717470 0.4780457615852356 20
1694169718922 0.4569796621799469 21
1694169720342 0.43730172514915466 22
1694169721762 0.4135304391384125 23
1694169723209 0.38297414779663086 24
1694169724923 0.39951595664024353 25
1694169726493 0.3737405240535736 26
1694169728069 0.3746168911457062 27
1694169729498 0.3547051250934601 28
1694169730925 0.3790118396282196 29
1694169732359 0.3405502140522003 30
1694169733823 0.3869965374469757 31
1694169735603 0.3572218716144562 32
1694169737093 0.38380980491638184 33
1694169738587 0.35625749826431274 34
1694169740080 0.349839448928833 35
1694169741578 0.3394739031791687 36
1694169742988 0.2971554398536682 37
1694169744414 0.3166927695274353 38
1694169745867 0.31074994802474976 39
1694169747289 0.2994404137134552 40
1694169748704 0.30039820075035095 41
1694169750108 0.29810282588005066 42
1694169751522 0.3367927372455597 43
1694169752939 0.28869080543518066 44
1694169754351 0.3056013882160187 45
1694169755898 0.2654637098312378 46
1694169757296 0.3235703110694885 47
1694169758696 0.28239497542381287 48
1694169760113 0.2791576087474823 49
1694169761521 0.27295464277267456 50
1694169762934 0.27724114060401917 51
1694169764345 0.3175060749053955 52
1694169765905 0.26853519678115845 53
1694169767325 0.2819943130016327 54
1694169768735 0.25576481223106384 55
1694169770162 0.2459559291601181 56
1694169771577 0.2800900936126709 57
1694169773003 0.3037550151348114 58
1694169774439 0.267854779958725 59
1694169775896 0.25767213106155396 60
1694169777327 0.27272897958755493 61
1694169778754 0.23743924498558044 62
1694169780181 0.23575669527053833 63
1694169781615 0.26501819491386414 64
1694169783042 0.25526124238967896 65
1694169784455 0.23212838172912598 66
1694169785894 0.2398029863834381 67
1694169787300 0.25469303131103516 68
1694169788716 0.24438218772411346 69
1694169790131 0.23396246135234833 70
1694169791548 0.26460155844688416 71
1694169792963 0.23747548460960388 72
1694169794382 0.2522503733634949 73
1694169795887 0.26555392146110535 74
1694169797293 0.22460943460464478 75
1694169798699 0.2380344420671463 76
1694169800103 0.23780624568462372 77
1694169801523 0.2091473788022995 78
1694169802951 0.23730698227882385 79
1694169804373 0.24458527565002441 80
1694169805877 0.24336959421634674 81
1694169807296 0.2432282567024231 82
1694169808703 0.23144274950027466 83
1694169810123 0.24688120186328888 84
1694169811550 0.21668529510498047 85
1694169812983 0.24177968502044678 86
1694169814406 0.2169516682624817 87
1694169815891 0.24219055473804474 88
1694169817316 0.23752856254577637 89
1694169818826 0.2611919939517975 90
1694169820239 0.22922058403491974 91
1694169821685 0.24374984204769135 92
1694169823099 0.22694508731365204 93
1694169824513 0.24184155464172363 94
1694169825977 0.23543085157871246 95
1694169827431 0.21106672286987305 96
1694169828859 0.232057124376297 97
1694169830312 0.20377856492996216 98
1694169831835 0.21606621146202087 99
1694169833273 0.22222068905830383 100
1694169834810 0.2349584549665451 101
1694169836272 0.22081375122070312 102
1694169837690 0.2135867178440094 103
1694169839102 0.240602046251297 104
1694169840550 0.21733427047729492 105
1694169842030 0.25097382068634033 106
1694169843539 0.23762953281402588 107
1694169845098 0.24295224249362946 108
1694169846529 0.24197779595851898 109
1694169847943 0.22512027621269226 110
1694169849356 0.21360592544078827 111
1694169850778 0.22649423778057098 112
1694169852207 0.21809428930282593 113
1694169853609 0.2163156419992447 114
1694169855017 0.21901154518127441 115
1694169856456 0.20755913853645325 116
1694169857986 0.2382846474647522 117
1694169859417 0.20213089883327484 118
1694169860849 0.22121424973011017 119
1694169862265 0.21269521117210388 120
1694169863689 0.17276372015476227 121
1694169865134 0.2028067260980606 122
1694169866594 0.18763603270053864 123
1694169868013 0.21619756519794464 124
1694169869428 0.19326139986515045 125
1694169870840 0.2076198160648346 126
1694169872246 0.22501826286315918 127
1694169873653 0.20450526475906372 128
1694169875073 0.16956698894500732 129
1694169876499 0.1909404844045639 130
1694169877925 0.1919136643409729 131
1694169879460 0.1935190111398697 132
1694169880876 0.19091519713401794 133
1694169882303 0.18907006084918976 134
1694169883715 0.18906281888484955 135
1694169885428 0.18949373066425323 136
1694169886879 0.18173640966415405 137
1694169888294 0.21503154933452606 138
1694169889716 0.20393908023834229 139
1694169891146 0.18033604323863983 140
1694169892567 0.17342565953731537 141
1694169893989 0.18891213834285736 142
1694169895660 0.18226438760757446 143
1694169897094 0.19000136852264404 144
1694169898508 0.18726587295532227 145
1694169899919 0.23136933147907257 146
1694169901346 0.14720632135868073 147
1694169902760 0.18417608737945557 148
1694169904188 0.19362273812294006 149
1694169905855 0.18651798367500305 150
1694169907271 0.18837666511535645 151
1694169908699 0.17592918872833252 152
1694169910123 0.17324580252170563 153
1694169911545 0.17129918932914734 154
1694169912965 0.1689937859773636 155
1694169914365 0.16820645332336426 156
1694169915889 0.16813506186008453 157
1694169917293 0.16857968270778656 158
1694169918707 0.1885746270418167 159
1694169920127 0.16807793080806732 160
1694169921533 0.17997093498706818 161
1694169922936 0.1744525134563446 162
1694169924345 0.16522619128227234 163
1694169925899 0.18644005060195923 164
1694169927312 0.19155697524547577 165
1694169928724 0.20566514134407043 166
1694169930151 0.20255355536937714 167
1694169931568 0.2082289606332779 168
1694169932980 0.18632525205612183 169
1694169934398 0.16981197893619537 170
1694169935905 0.17394228279590607 171
1694169937325 0.19732922315597534 172
1694169938749 0.18071739375591278 173
1694169940176 0.17755120992660522 174
1694169941577 0.17790459096431732 175
1694169942978 0.18035802245140076 176
1694169944378 0.20421259105205536 177
1694169945910 0.1664177030324936 178
1694169947323 0.18200427293777466 179
1694169948736 0.15879587829113007 180
1694169950159 0.1622782200574875 181
1694169951572 0.19868788123130798 182
1694169952985 0.15608471632003784 183
1694169954397 0.16511347889900208 184
1694169955894 0.1842678040266037 185
1694169957330 0.19437162578105927 186
1694169958751 0.18800301849842072 187
1694169960232 0.16033868491649628 188
1694169961664 0.1664949506521225 189
1694169963117 0.16887742280960083 190
1694169964534 0.16539622843265533 191
1694169966120 0.17941422760486603 192
1694169967845 0.18720771372318268 193
1694169969267 0.22177384793758392 194
1694169970714 0.17118048667907715 195
1694169972181 0.21714599430561066 196
1694169973614 0.22116874158382416 197
1694169975043 0.19122092425823212 198
1694169976482 0.20498861372470856 199
1694169977936 0.17151522636413574 200
1694169979434 0.1946507841348648 201
1694169980892 0.16787661612033844 202
1694169982302 0.14857378602027893 203
1694169983716 0.16856755316257477 204
1694169985506 0.17949342727661133 205
1694169986958 0.20503108203411102 206
1694169988444 0.19834056496620178 207
1694169989849 0.19581276178359985 208
1694169991254 0.18512432277202606 209
1694169992658 0.2052726298570633 210
1694169994059 0.145767942070961 211
1694169995722 0.1676955372095108 212
1694169997155 0.15010257065296173 213
1694169998581 0.15550176799297333 214
1694170000000 0.18374794721603394 215
1694170001414 0.1933528184890747 216
1694170002832 0.20242087543010712 217
1694170004241 0.1794469654560089 218
1694170005869 0.20591574907302856 219
1694170007312 0.17375412583351135 220
1694170008740 0.16864840686321259 221
1694170010171 0.19018910825252533 222
1694170011624 0.15612295269966125 223
1694170013059 0.1512288749217987 224
1694170014719 0.19801007211208344 225
1694170016186 0.1667819321155548 226
1694170017693 0.15947121381759644 227
1694170019123 0.14478781819343567 228
1694170020546 0.17328490316867828 229
1694170022048 0.16293634474277496 230
1694170023705 0.15639308094978333 231
1694170025288 0.15229588747024536 232
1694170026834 0.17941518127918243 233
1694170028311 0.14014261960983276 234
1694170029746 0.16940739750862122 235
1694170031180 0.16719242930412292 236
1694170032594 0.16734367609024048 237
1694170034018 0.13115686178207397 238
1694170035436 0.1875288486480713 239
1694170036929 0.19400368630886078 240
1694170038347 0.17365315556526184 241
1694170039754 0.15377715229988098 242
1694170041157 0.15778975188732147 243
1694170042569 0.16195590794086456 244
1694170043999 0.1615542620420456 245
1694170045452 0.14294156432151794 246
1694170046902 0.1487002670764923 247
1694170048418 0.16194555163383484 248
1694170049960 0.15678997337818146 249
1694170051467 0.15355750918388367 250
1694170052909 0.1629008799791336 251
1694170054358 0.13122567534446716 252
1694170055928 0.17084617912769318 253
1694170057358 0.1686428040266037 254
1694170058780 0.17322145402431488 255
1694170060366 0.2106674760580063 256
1694170061875 0.34905892610549927 257
