1694169688122 1.6765042543411255 0
1694169689543 1.2704129219055176 1
1694169690937 1.2498105764389038 2
1694169692354 1.2615058422088623 3
1694169693760 1.3276469707489014 4
1694169695175 1.3618857860565186 5
1694169696584 1.4522868394851685 6
1694169697993 1.517335057258606 7
1694169699403 1.6185340881347656 8
1694169700832 1.7436480522155762 9
1694169702302 1.7810567617416382 10
1694169704057 1.9005694389343262 11
1694169705533 1.9042638540267944 12
1694169707021 1.9054594039916992 13
1694169708450 1.8647866249084473 14
1694169709898 1.7909104824066162 15
1694169711359 1.684402346611023 16
1694169712797 1.5823911428451538 17
1694169714383 1.4691545963287354 18
1694169716037 1.3802151679992676 19
1694169717471 1.3141114711761475 20
1694169718924 1.2814369201660156 21
1694169720343 1.2614959478378296 22
1694169721764 1.258325457572937 23
1694169723210 1.2745133638381958 24
1694169724926 1.3033297061920166 25
1694169726495 1.3165576457977295 26
1694169728070 1.3568791151046753 27
1694169729499 1.3917138576507568 28
1694169730927 1.4480599164962769 29
1694169732360 1.4870001077651978 30
1694169733824 1.531685471534729 31
1694169735604 1.5430594682693481 32
1694169737094 1.5618559122085571 33
1694169738588 1.6128774881362915 34
1694169740081 1.6259361505508423 35
1694169741579 1.6327860355377197 36
1694169742989 1.6269104480743408 37
1694169744416 1.6214678287506104 38
1694169745868 1.646904706954956 39
1694169747290 1.6423183679580688 40
1694169748705 1.6125266551971436 41
1694169750109 1.5591447353363037 42
1694169751523 1.5168657302856445 43
1694169752940 1.48288094997406 44
1694169754352 1.394392490386963 45
1694169755900 1.3931752443313599 46
1694169757298 1.3475993871688843 47
1694169758697 1.3177812099456787 48
1694169760114 1.2510594129562378 49
1694169761522 1.2208356857299805 50
1694169762935 1.2129720449447632 51
1694169764346 1.193045735359192 52
1694169765906 1.1700884103775024 53
1694169767326 1.1546725034713745 54
1694169768736 1.147968053817749 55
1694169770163 1.1446062326431274 56
1694169771578 1.1417349576950073 57
1694169773005 1.1334502696990967 58
1694169774440 1.125206708908081 59
1694169775897 1.135418176651001 60
1694169777328 1.132642149925232 61
1694169778756 1.1357712745666504 62
1694169780182 1.138898253440857 63
1694169781616 1.146133303642273 64
1694169783043 1.1528383493423462 65
1694169784456 1.1488122940063477 66
1694169785895 1.148966908454895 67
1694169787301 1.1611449718475342 68
1694169788717 1.1560990810394287 69
1694169790133 1.153943657875061 70
1694169791549 1.144469976425171 71
1694169792964 1.1409857273101807 72
1694169794383 1.1495704650878906 73
1694169795888 1.1593995094299316 74
1694169797295 1.138839602470398 75
1694169798700 1.1464207172393799 76
1694169800104 1.1426613330841064 77
1694169801524 1.1454377174377441 78
1694169802952 1.1414300203323364 79
1694169804374 1.1269536018371582 80
1694169805878 1.1358757019042969 81
1694169807297 1.1317799091339111 82
1694169808705 1.129256248474121 83
1694169810124 1.1319178342819214 84
1694169811552 1.1255805492401123 85
1694169812984 1.1360225677490234 86
1694169814407 1.1222563982009888 87
1694169815892 1.1290298700332642 88
1694169817318 1.1375367641448975 89
1694169818828 1.1457908153533936 90
1694169820241 1.1511040925979614 91
1694169821686 1.1685092449188232 92
1694169823100 1.1624400615692139 93
1694169824514 1.16960871219635 94
1694169825978 1.168964147567749 95
1694169827432 1.1678977012634277 96
1694169828860 1.1830055713653564 97
1694169830314 1.1738486289978027 98
1694169831836 1.1688200235366821 99
1694169833274 1.1799874305725098 100
1694169834811 1.1815248727798462 101
1694169836273 1.1768289804458618 102
1694169837692 1.1788839101791382 103
1694169839103 1.170419454574585 104
1694169840551 1.155007243156433 105
1694169842032 1.1526029109954834 106
1694169843541 1.1541210412979126 107
1694169845099 1.139826774597168 108
1694169846530 1.1380715370178223 109
1694169847944 1.1448254585266113 110
1694169849357 1.1353814601898193 111
1694169850780 1.1364202499389648 112
1694169852208 1.1378151178359985 113
1694169853610 1.134290337562561 114
1694169855018 1.131041169166565 115
1694169856457 1.1246587038040161 116
1694169857988 1.1466506719589233 117
1694169859418 1.1528571844100952 118
1694169860850 1.1567529439926147 119
1694169862266 1.155065655708313 120
1694169863690 1.1647087335586548 121
1694169865135 1.1603333950042725 122
1694169866595 1.1644922494888306 123
1694169868014 1.1700992584228516 124
1694169869429 1.1713330745697021 125
1694169870841 1.1685084104537964 126
1694169872247 1.1760224103927612 127
1694169873654 1.1671186685562134 128
1694169875074 1.1779531240463257 129
1694169876500 1.1729751825332642 130
1694169877926 1.1759223937988281 131
1694169879461 1.1674383878707886 132
1694169880877 1.166749358177185 133
1694169882304 1.167353868484497 134
1694169883716 1.1573936939239502 135
1694169885429 1.1548004150390625 136
1694169886881 1.1477820873260498 137
1694169888295 1.1496355533599854 138
1694169889717 1.1435437202453613 139
1694169891147 1.1335352659225464 140
1694169892569 1.1314247846603394 141
1694169893990 1.125508427619934 142
1694169895662 1.1189963817596436 143
1694169897096 1.117142677307129 144
1694169898509 1.1161521673202515 145
1694169899921 1.1128062009811401 146
1694169901347 1.1153818368911743 147
1694169902761 1.1136200428009033 148
1694169904189 1.1142150163650513 149
1694169905857 1.1134642362594604 150
1694169907273 1.1136672496795654 151
1694169908701 1.113173007965088 152
1694169910124 1.1171941757202148 153
1694169911546 1.1179803609848022 154
1694169912967 1.1254377365112305 155
1694169914366 1.122999668121338 156
1694169915891 1.1180765628814697 157
1694169917294 1.114458680152893 158
1694169918708 1.1239744424819946 159
1694169920128 1.1247245073318481 160
1694169921534 1.1259185075759888 161
1694169922938 1.1247395277023315 162
1694169924347 1.1281447410583496 163
1694169925900 1.132002830505371 164
1694169927313 1.127397060394287 165
1694169928725 1.1284843683242798 166
1694169930153 1.1211585998535156 167
1694169931570 1.1232670545578003 168
1694169932981 1.1209449768066406 169
1694169934399 1.1292262077331543 170
1694169935906 1.1329278945922852 171
1694169937326 1.1272944211959839 172
1694169938750 1.130463719367981 173
1694169940177 1.1222145557403564 174
1694169941578 1.1237459182739258 175
1694169942980 1.1234773397445679 176
1694169944379 1.1259559392929077 177
1694169945912 1.1258152723312378 178
1694169947324 1.1284325122833252 179
1694169948737 1.1231019496917725 180
1694169950160 1.1242930889129639 181
1694169951573 1.1278231143951416 182
1694169952986 1.1227298974990845 183
1694169954399 1.1252474784851074 184
1694169955895 1.1178618669509888 185
1694169957332 1.1181055307388306 186
1694169958753 1.1213310956954956 187
1694169960233 1.1214187145233154 188
1694169961665 1.1198499202728271 189
1694169963118 1.1201664209365845 190
1694169964535 1.123105764389038 191
1694169966121 1.1243706941604614 192
1694169967846 1.1260377168655396 193
1694169969269 1.1309551000595093 194
1694169970715 1.1288238763809204 195
1694169972182 1.12477707862854 196
1694169973615 1.1342997550964355 197
1694169975044 1.1318750381469727 198
1694169976483 1.1337777376174927 199
1694169977937 1.136745572090149 200
1694169979436 1.1440865993499756 201
1694169980893 1.1368745565414429 202
1694169982303 1.1505342721939087 203
1694169983717 1.1453254222869873 204
1694169985508 1.1469253301620483 205
1694169986959 1.1438696384429932 206
1694169988446 1.1374619007110596 207
1694169989850 1.131176233291626 208
1694169991255 1.122107982635498 209
1694169992659 1.1147738695144653 210
1694169994061 1.1110484600067139 211
1694169995723 1.1098556518554688 212
1694169997157 1.1022628545761108 213
1694169998582 1.0985474586486816 214
1694170000002 1.1034862995147705 215
1694170001415 1.0864156484603882 216
1694170002833 1.105512261390686 217
1694170004242 1.0999372005462646 218
1694170005870 1.093093752861023 219
1694170007313 1.108995795249939 220
1694170008741 1.1041877269744873 221
1694170010172 1.1159695386886597 222
1694170011625 1.112089991569519 223
1694170013060 1.1205549240112305 224
1694170014721 1.1290549039840698 225
1694170016187 1.1324540376663208 226
1694170017694 1.1423068046569824 227
1694170019124 1.1383695602416992 228
1694170020548 1.1518114805221558 229
1694170022050 1.147606611251831 230
1694170023706 1.1517781019210815 231
1694170025290 1.1536718606948853 232
1694170026835 1.1475214958190918 233
1694170028312 1.149229884147644 234
1694170029747 1.1445375680923462 235
1694170031181 1.1319905519485474 236
1694170032595 1.1409226655960083 237
1694170034019 1.129725694656372 238
1694170035437 1.1307885646820068 239
1694170036930 1.1199520826339722 240
1694170038349 1.1092443466186523 241
1694170039756 1.1037899255752563 242
1694170041158 1.0990363359451294 243
1694170042570 1.097907543182373 244
1694170044000 1.0872249603271484 245
1694170045453 1.0929477214813232 246
1694170046903 1.0888934135437012 247
1694170048420 1.0902856588363647 248
1694170049961 1.0968408584594727 249
1694170051468 1.1026065349578857 250
1694170052910 1.0999430418014526 251
1694170054359 1.1105281114578247 252
1694170055929 1.1114495992660522 253
1694170057359 1.116173267364502 254
1694170058781 1.1226201057434082 255
1694170060367 1.119617223739624 256
1694170061876 1.1262435913085938 257
