1694169688123 2.654664993286133 0
1694169689544 2.40090274810791 1
1694169690938 2.046279191970825 2
1694169692355 1.9779818058013916 3
1694169693767 1.9081542491912842 4
1694169695176 1.8868732452392578 5
1694169696585 1.9652951955795288 6
1694169697994 2.020805597305298 7
1694169699410 2.1437458992004395 8
1694169700833 2.240851402282715 9
1694169702304 2.256505012512207 10
1694169704058 2.3973560333251953 11
1694169705534 2.388507127761841 12
1694169707022 2.382201671600342 13
1694169708451 2.3656864166259766 14
1694169709899 2.292431592941284 15
1694169711360 2.1636857986450195 16
1694169712798 2.075793743133545 17
1694169714384 1.953458547592163 18
1694169716039 1.8539541959762573 19
1694169717472 1.7921571731567383 20
1694169718925 1.7384165525436401 21
1694169720344 1.6987977027893066 22
1694169721764 1.6718559265136719 23
1694169723211 1.6574875116348267 24
1694169724928 1.7028456926345825 25
1694169726497 1.6902981996536255 26
1694169728071 1.731495976448059 27
1694169729500 1.7464189529418945 28
1694169730928 1.8270717859268188 29
1694169732361 1.8275502920150757 30
1694169733825 1.9186819791793823 31
1694169735605 1.900281310081482 32
1694169737095 1.945665717124939 33
1694169738589 1.969135046005249 34
1694169740082 1.9757755994796753 35
1694169741580 1.9722599983215332 36
1694169742990 1.9240658283233643 37
1694169744417 1.9381606578826904 38
1694169745869 1.9576547145843506 39
1694169747291 1.9417587518692017 40
1694169748706 1.912924885749817 41
1694169750110 1.8572475910186768 42
1694169751524 1.8536584377288818 43
1694169752941 1.7715717554092407 44
1694169754353 1.6999938488006592 45
1694169755901 1.6586389541625977 46
1694169757299 1.6711697578430176 47
1694169758698 1.600176215171814 48
1694169760115 1.5302170515060425 49
1694169761523 1.4937903881072998 50
1694169762936 1.49021315574646 51
1694169764347 1.5105518102645874 52
1694169765908 1.4386236667633057 53
1694169767327 1.4366668462753296 54
1694169768737 1.4037328958511353 55
1694169770164 1.3905621767044067 56
1694169771579 1.4218250513076782 57
1694169773006 1.4372053146362305 58
1694169774441 1.3930615186691284 59
1694169775898 1.3930902481079102 60
1694169777329 1.4053711891174316 61
1694169778757 1.3732105493545532 62
1694169780183 1.37465500831604 63
1694169781617 1.4111515283584595 64
1694169783044 1.40809965133667 65
1694169784457 1.3809406757354736 66
1694169785896 1.3887698650360107 67
1694169787302 1.4158380031585693 68
1694169788718 1.4004812240600586 69
1694169790134 1.3879060745239258 70
1694169791550 1.4090715646743774 71
1694169792971 1.378461241722107 72
1694169794385 1.4018208980560303 73
1694169795889 1.4249534606933594 74
1694169797296 1.3634490966796875 75
1694169798701 1.3844552040100098 76
1694169800106 1.3804675340652466 77
1694169801526 1.35458505153656 78
1694169802953 1.378736972808838 79
1694169804375 1.3715388774871826 80
1694169805879 1.3792452812194824 81
1694169807298 1.3750081062316895 82
1694169808706 1.360698938369751 83
1694169810125 1.3787990808486938 84
1694169811553 1.3422658443450928 85
1694169812985 1.3778022527694702 86
1694169814408 1.3392081260681152 87
1694169815893 1.3712204694747925 88
1694169817319 1.3750653266906738 89
1694169818829 1.4069827795028687 90
1694169820242 1.3803247213363647 91
1694169821687 1.4122591018676758 92
1694169823101 1.3893851041793823 93
1694169824515 1.4114502668380737 94
1694169825979 1.4043949842453003 95
1694169827433 1.3789644241333008 96
1694169828861 1.415062665939331 97
1694169830315 1.3776271343231201 98
1694169831837 1.3848862648010254 99
1694169833275 1.4022080898284912 100
1694169834812 1.4164832830429077 101
1694169836274 1.397642731666565 102
1694169837693 1.3924705982208252 103
1694169839104 1.4110214710235596 104
1694169840552 1.372341513633728 105
1694169842033 1.4035767316818237 106
1694169843542 1.3917505741119385 107
1694169845100 1.3827790021896362 108
1694169846532 1.3800493478775024 109
1694169847945 1.369945764541626 110
1694169849358 1.348987340927124 111
1694169850781 1.3629144430160522 112
1694169852209 1.3559093475341797 113
1694169853611 1.3506059646606445 114
1694169855019 1.3500527143478394 115
1694169856458 1.332217812538147 116
1694169857989 1.3849353790283203 117
1694169859419 1.3549880981445312 118
1694169860851 1.3779672384262085 119
1694169862267 1.3677608966827393 120
1694169863691 1.3374724388122559 121
1694169865136 1.3631401062011719 122
1694169866596 1.352128267288208 123
1694169868015 1.3862968683242798 124
1694169869430 1.3645944595336914 125
1694169870842 1.3761281967163086 126
1694169872248 1.4010406732559204 127
1694169873655 1.3716239929199219 128
1694169875075 1.347520112991333 129
1694169876501 1.3639156818389893 130
1694169877927 1.3678359985351562 131
1694169879462 1.360957384109497 132
1694169880878 1.3576645851135254 133
1694169882305 1.3564239740371704 134
1694169883717 1.346456527709961 135
1694169885430 1.3442941904067993 136
1694169886882 1.3295185565948486 137
1694169888296 1.3646670579910278 138
1694169889718 1.3474828004837036 139
1694169891148 1.3138712644577026 140
1694169892570 1.304850459098816 141
1694169893991 1.3144205808639526 142
1694169895663 1.3012607097625732 143
1694169897097 1.307144045829773 144
1694169898510 1.3034180402755737 145
1694169899927 1.3441755771636963 146
1694169901348 1.2625881433486938 147
1694169902763 1.2977961301803589 148
1694169904190 1.307837724685669 149
1694169905858 1.2999821901321411 150
1694169907274 1.3020439147949219 151
1694169908702 1.2891021966934204 152
1694169910131 1.2904399633407593 153
1694169911547 1.289279580116272 154
1694169912968 1.2944315671920776 155
1694169914367 1.2912061214447021 156
1694169915892 1.286211609840393 157
1694169917295 1.2830383777618408 158
1694169918709 1.312549114227295 159
1694169920129 1.2928024530410767 160
1694169921535 1.3058894872665405 161
1694169922939 1.2991920709609985 162
1694169924348 1.2933709621429443 163
1694169925901 1.3184428215026855 164
1694169927315 1.3189539909362793 165
1694169928726 1.3341494798660278 166
1694169930154 1.3237121105194092 167
1694169931571 1.331496000289917 168
1694169932982 1.3072702884674072 169
1694169934400 1.2990381717681885 170
1694169935907 1.3068702220916748 171
1694169937327 1.3246235847473145 172
1694169938751 1.3111810684204102 173
1694169940178 1.2997658252716064 174
1694169941579 1.3016505241394043 175
1694169942981 1.303835391998291 176
1694169944380 1.3301684856414795 177
1694169945913 1.2922329902648926 178
1694169947325 1.310436725616455 179
1694169948738 1.281897783279419 180
1694169950161 1.2865712642669678 181
1694169951574 1.326511025428772 182
1694169952987 1.2788145542144775 183
1694169954400 1.290360927581787 184
1694169955896 1.3021296262741089 185
1694169957333 1.3124771118164062 186
1694169958754 1.3093341588974 187
1694169960239 1.2817573547363281 188
1694169961666 1.2863448858261108 189
1694169963119 1.28904390335083 190
1694169964536 1.2885019779205322 191
1694169966123 1.303784966468811 192
1694169967847 1.313245415687561 193
1694169969270 1.3527289628982544 194
1694169970716 1.3000043630599976 195
1694169972183 1.3419231176376343 196
1694169973616 1.355468511581421 197
1694169975045 1.3230959177017212 198
1694169976484 1.33876633644104 199
1694169977938 1.3082607984542847 200
1694169979437 1.3387373685836792 201
1694169980894 1.3047511577606201 202
1694169982304 1.2991080284118652 203
1694169983718 1.3138929605484009 204
1694169985509 1.3264187574386597 205
1694169986960 1.3489006757736206 206
1694169988447 1.335802435874939 207
1694169989851 1.326988935470581 208
1694169991256 1.3072322607040405 209
1694169992660 1.3200465440750122 210
1694169994062 1.2568163871765137 211
1694169995724 1.2775511741638184 212
1694169997158 1.2523654699325562 213
1694169998584 1.2540491819381714 214
1694170000003 1.2872343063354492 215
1694170001416 1.279768466949463 216
1694170002834 1.3079330921173096 217
1694170004243 1.2793841361999512 218
1694170005871 1.2990095615386963 219
1694170007320 1.282749891281128 220
1694170008742 1.2728360891342163 221
1694170010173 1.3061586618423462 222
1694170011626 1.268212914466858 223
1694170013061 1.2717838287353516 224
1694170014722 1.3270649909973145 225
1694170016188 1.2992359399795532 226
1694170017695 1.3017780780792236 227
1694170019125 1.2831573486328125 228
1694170020549 1.3250963687896729 229
1694170022051 1.3105429410934448 230
1694170023708 1.3081711530685425 231
1694170025292 1.3059678077697754 232
1694170026836 1.3269367218017578 233
1694170028313 1.289372444152832 234
1694170029749 1.313944935798645 235
1694170031182 1.2991830110549927 236
1694170032596 1.3082664012908936 237
1694170034021 1.2608826160430908 238
1694170035438 1.3183174133300781 239
1694170036931 1.3139557838439941 240
1694170038352 1.2828974723815918 241
1694170039757 1.257567048072815 242
1694170041159 1.2568260431289673 243
1694170042571 1.2598634958267212 244
1694170044001 1.2487791776657104 245
1694170045454 1.2358893156051636 246
1694170046904 1.237593650817871 247
1694170048422 1.252231240272522 248
1694170049962 1.2536308765411377 249
1694170051469 1.2561640739440918 250
1694170052911 1.2628439664840698 251
1694170054360 1.2417538166046143 252
1694170055930 1.282295823097229 253
1694170057360 1.284816026687622 254
1694170058782 1.2958415746688843 255
1694170060368 1.3302847146987915 256
1694170061877 1.4753024578094482 257
