1695125532401 2121.590576171875 0
1695125536050 2003.366943359375 1
1695125536308 2102.880859375 2
1695125536563 2027.163818359375 3
1695125536820 1984.853271484375 4
1695125537075 1935.410400390625 5
1695125537330 1980.6651611328125 6
1695125537585 1944.7596435546875 7
1695125537841 1963.716552734375 8
1695125538098 1885.013916015625 9
1695125538353 1839.899169921875 10
1695125538610 1877.5687255859375 11
1695125538866 1798.26513671875 12
1695125539120 1778.37744140625 13
1695125539376 1698.1590576171875 14
1695125539630 1755.531982421875 15
1695125539884 1663.8814697265625 16
1695125540141 1698.1904296875 17
1695125540395 1677.5809326171875 18
1695125540650 1603.483642578125 19
1695125540903 1626.336181640625 20
1695125541157 1585.5511474609375 21
1695125541414 1707.78466796875 22
1695125541668 1608.739013671875 23
1695125541922 1588.9422607421875 24
1695125542176 1600.346923828125 25
1695125542435 1565.6431884765625 26
1695125542691 1570.6292724609375 27
1695125542946 1535.0810546875 28
1695125543202 1542.06640625 29
1695125543458 1527.79248046875 30
1695125543713 1483.0472412109375 31
1695125543969 1473.2432861328125 32
1695125544225 1475.604248046875 33
1695125544482 1504.53271484375 34
1695125544741 1405.5093994140625 35
1695125544996 1440.9697265625 36
1695125545251 1410.3734130859375 37
1695125545507 1409.0576171875 38
1695125545764 1410.780517578125 39
1695125546021 1396.565673828125 40
1695125546279 1299.076904296875 41
1695125546533 1389.50830078125 42
1695125546787 1346.773193359375 43
1695125547044 1258.361083984375 44
1695125547298 1316.7403564453125 45
1695125547567 1294.8216552734375 46
1695125547842 1293.53857421875 47
1695125548109 1315.201171875 48
1695125548393 1268.436767578125 49
1695125548651 1232.47265625 50
1695125548927 1182.046875 51
1695125549185 1194.754150390625 52
1695125549473 1281.189208984375 53
1695125549754 1186.537353515625 54
1695125550023 1208.7706298828125 55
1695125550283 1278.04638671875 56
1695125550564 1148.8770751953125 57
1695125550821 1223.46533203125 58
1695125551090 1183.1800537109375 59
1695125551369 1144.68505859375 60
1695125551630 1183.3594970703125 61
1695125551889 1297.7325439453125 62
1695125552150 1156.516845703125 63
1695125552403 1152.369873046875 64
1695125552658 1148.435791015625 65
1695125552920 1158.8360595703125 66
1695125553193 1164.41552734375 67
1695125553463 1133.8797607421875 68
1695125553735 1128.264892578125 69
1695125554013 1145.084716796875 70
1695125554289 1207.2100830078125 71
1695125554546 1100.763671875 72
1695125554834 1051.4271240234375 73
1695125555117 1091.551513671875 74
1695125555380 1056.902099609375 75
1695125555641 1036.23486328125 76
1695125555915 1113.185791015625 77
1695125556176 1057.0433349609375 78
1695125556436 1081.843017578125 79
1695125556696 1022.3988037109375 80
1695125556956 1022.4899291992188 81
1695125557213 1040.177978515625 82
1695125557472 1173.833251953125 83
1695125557727 1009.5601806640625 84
1695125557990 1033.70849609375 85
1695125558261 1065.369384765625 86
1695125558531 1062.17138671875 87
1695125558787 1044.373046875 88
1695125559057 1010.4816284179688 89
1695125559317 998.935791015625 90
1695125559575 959.1424560546875 91
1695125559831 1016.9081420898438 92
1695125560086 961.778564453125 93
1695125560343 996.9990234375 94
1695125560597 991.6248779296875 95
1695125560874 955.580322265625 96
1695125561145 993.7327880859375 97
1695125561418 978.9395141601562 98
1695125561674 997.589599609375 99
1695125561960 991.54345703125 100
1695125565621 974.2525634765625 101
1695125565900 940.0902099609375 102
1695125566198 912.419677734375 103
1695125566468 941.1627807617188 104
1695125566748 965.0490112304688 105
1695125567032 959.5018920898438 106
1695125567297 950.40966796875 107
1695125567571 950.9962158203125 108
1695125567831 965.0201416015625 109
1695125568085 948.6368408203125 110
1695125568344 901.188720703125 111
1695125568601 940.0130004882812 112
1695125568855 905.0562744140625 113
1695125569111 936.2721557617188 114
1695125569372 910.3348388671875 115
1695125569646 920.610595703125 116
1695125569917 926.6265869140625 117
1695125570203 948.327392578125 118
1695125570472 975.5723876953125 119
1695125570728 982.6542358398438 120
1695125571002 890.4632568359375 121
1695125571264 901.2686767578125 122
1695125571521 866.12744140625 123
1695125571775 937.4769287109375 124
1695125572037 915.9658203125 125
1695125572292 938.6524658203125 126
1695125572564 901.6117553710938 127
1695125572831 914.0480346679688 128
1695125573085 909.0047607421875 129
1695125573358 855.6361083984375 130
1695125573629 898.458251953125 131
1695125573896 881.229248046875 132
1695125574154 899.5972290039062 133
1695125574411 851.56689453125 134
1695125574671 834.933837890625 135
1695125574931 869.9581298828125 136
1695125575184 860.9306640625 137
1695125575449 808.9661865234375 138
1695125575712 858.1563110351562 139
1695125575977 846.428955078125 140
1695125576256 912.957275390625 141
1695125576533 818.4500732421875 142
1695125576818 891.5545654296875 143
1695125577099 821.4148559570312 144
1695125577384 839.1373291015625 145
1695125577660 823.03466796875 146
1695125577913 828.6349487304688 147
1695125578171 858.39794921875 148
1695125578430 836.6707763671875 149
1695125578704 826.389404296875 150
1695125578964 850.6583862304688 151
1695125579220 830.3370361328125 152
1695125579479 901.756103515625 153
1695125579739 785.14306640625 154
1695125579994 856.1703491210938 155
1695125580252 834.5308837890625 156
1695125580510 794.7842407226562 157
1695125580768 833.0435791015625 158
1695125581035 875.423583984375 159
1695125581323 859.5845947265625 160
1695125581586 790.4597778320312 161
1695125581844 774.5807495117188 162
1695125582111 807.459716796875 163
1695125582389 857.2489013671875 164
1695125582673 839.632568359375 165
1695125582951 847.2919921875 166
1695125583231 809.05908203125 167
1695125583520 779.1454467773438 168
1695125583776 785.1961059570312 169
1695125584032 774.3866577148438 170
1695125584292 808.4962158203125 171
1695125584572 794.141845703125 172
1695125584840 770.364501953125 173
1695125585102 761.0201416015625 174
1695125585359 792.2064208984375 175
1695125585616 856.7818603515625 176
1695125585872 743.67236328125 177
1695125586129 725.95068359375 178
1695125586386 776.541015625 179
1695125586648 779.6646728515625 180
1695125586905 751.4448852539062 181
1695125587163 750.2989501953125 182
1695125587421 761.6148681640625 183
1695125587678 776.1185913085938 184
1695125587939 718.5324096679688 185
1695125588198 711.2954711914062 186
1695125588457 810.624755859375 187
1695125588714 755.5040893554688 188
1695125588971 755.9702758789062 189
1695125589229 760.1043090820312 190
1695125589485 782.5703125 191
1695125589741 702.5200805664062 192
1695125590020 763.15625 193
1695125590299 757.2218017578125 194
1695125590578 774.5899047851562 195
1695125590837 808.1632080078125 196
1695125591093 787.202880859375 197
1695125591350 739.7755126953125 198
1695125591608 738.8082275390625 199
1695125591867 778.080078125 200
1695125595457 728.8658447265625 201
1695125595715 738.8125 202
1695125595971 762.8339233398438 203
1695125596225 748.7012939453125 204
1695125596478 738.2611694335938 205
1695125596733 896.6832275390625 206
1695125596991 703.9525146484375 207
1695125597244 739.6861572265625 208
1695125597499 774.08544921875 209
1695125597756 787.4622802734375 210
1695125598008 795.8076171875 211
1695125598261 706.02685546875 212
1695125598516 746.9124755859375 213
1695125598773 738.919677734375 214
1695125599028 739.5357666015625 215
1695125599281 761.53564453125 216
1695125599536 723.0552978515625 217
1695125599791 697.48681640625 218
1695125600046 712.1876220703125 219
1695125600305 712.6021728515625 220
1695125600558 754.2960205078125 221
1695125600813 718.29296875 222
1695125601072 758.2247924804688 223
1695125601348 746.896484375 224
1695125601606 718.4908447265625 225
1695125601881 684.3379516601562 226
1695125602155 741.5804443359375 227
1695125602415 758.5926513671875 228
1695125602697 697.7325439453125 229
1695125602982 706.409423828125 230
1695125603268 662.669189453125 231
1695125603534 692.424072265625 232
1695125603801 734.8515625 233
1695125604077 733.5782470703125 234
1695125604331 707.382080078125 235
1695125604586 714.8759765625 236
1695125604845 732.5802001953125 237
1695125605100 723.1029052734375 238
1695125605357 683.9415283203125 239
1695125605611 696.9349365234375 240
1695125605884 742.4114990234375 241
1695125606140 693.259765625 242
1695125606402 715.3094482421875 243
1695125606659 743.9583129882812 244
1695125606913 692.0319213867188 245
1695125607169 698.40478515625 246
1695125607441 657.2311401367188 247
1695125607701 790.1608276367188 248
1695125607959 703.947998046875 249
1695125608217 717.6424560546875 250
1695125608476 737.9248046875 251
1695125608741 711.924072265625 252
1695125609018 675.6294555664062 253
1695125609288 646.7561645507812 254
1695125609554 666.9942016601562 255
1695125609811 714.4561767578125 256
1695125610065 664.0422973632812 257
1695125610319 755.6597900390625 258
1695125610572 638.9125366210938 259
1695125610826 632.69873046875 260
1695125611080 673.8074340820312 261
1695125611335 689.1690063476562 262
1695125611589 666.8299560546875 263
1695125611842 639.3638916015625 264
1695125612096 689.61328125 265
1695125612350 639.4913940429688 266
1695125612608 670.9351196289062 267
1695125612873 702.765380859375 268
1695125613130 689.2857055664062 269
1695125613383 712.3475341796875 270
1695125613638 684.608154296875 271
1695125613894 649.611083984375 272
1695125614148 659.3860473632812 273
1695125614402 685.1492919921875 274
1695125614657 642.9529418945312 275
1695125614911 659.1749267578125 276
1695125615169 644.89599609375 277
1695125615422 636.5421752929688 278
1695125615674 639.2241821289062 279
1695125615930 627.39013671875 280
1695125616188 678.4420166015625 281
1695125616442 661.1384887695312 282
1695125616695 640.9525146484375 283
1695125616952 638.2142333984375 284
1695125617206 653.1832275390625 285
1695125617460 641.6707763671875 286
1695125617713 617.8218994140625 287
1695125617969 648.8810424804688 288
1695125618222 613.77783203125 289
1695125618477 636.862060546875 290
1695125618733 640.3436889648438 291
1695125618985 647.852294921875 292
1695125619239 665.29248046875 293
1695125619494 708.0096435546875 294
1695125619749 649.9793701171875 295
1695125620004 640.3512573242188 296
1695125620259 629.4783935546875 297
1695125620513 640.029296875 298
1695125620768 697.7283935546875 299
1695125621026 666.58984375 300
1695125624541 629.7335815429688 301
1695125624795 636.1370849609375 302
1695125625049 617.9509887695312 303
1695125625303 635.2774658203125 304
1695125625556 655.2457275390625 305
1695125625809 650.927978515625 306
1695125626064 627.2328491210938 307
1695125626320 645.7523803710938 308
1695125626574 641.3776245117188 309
1695125626829 628.4053955078125 310
1695125627084 650.5348510742188 311
1695125627339 622.7590942382812 312
1695125627592 640.7157592773438 313
1695125627849 588.078857421875 314
1695125628102 666.4035034179688 315
1695125628356 680.3864135742188 316
1695125628611 628.8533325195312 317
1695125628866 642.3120727539062 318
1695125629122 590.9322509765625 319
1695125629377 602.3787841796875 320
1695125629632 602.8404541015625 321
1695125629885 626.871337890625 322
1695125630140 656.5875854492188 323
1695125630393 645.2716064453125 324
1695125630648 622.7828369140625 325
1695125630904 618.9254760742188 326
1695125631162 662.30615234375 327
1695125631416 632.2218017578125 328
1695125631669 612.9674682617188 329
1695125631923 608.65771484375 330
1695125632177 627.1219482421875 331
1695125632435 645.3243408203125 332
1695125632688 602.0553588867188 333
1695125632955 647.01953125 334
1695125633209 666.6588745117188 335
1695125633465 619.7745361328125 336
1695125633720 587.46728515625 337
1695125633973 581.8797607421875 338
1695125634228 626.776123046875 339
1695125634483 619.7005615234375 340
1695125634737 621.4031372070312 341
1695125634992 592.4758911132812 342
1695125635247 652.3377685546875 343
1695125635502 622.23583984375 344
1695125635755 617.844482421875 345
1695125636012 632.3660278320312 346
1695125636264 600.7403564453125 347
1695125636519 675.2462158203125 348
1695125636774 627.7119140625 349
1695125637028 629.3419799804688 350
1695125637282 637.2963256835938 351
1695125637537 594.2352905273438 352
1695125637794 627.474853515625 353
1695125638049 664.562255859375 354
1695125638302 632.84912109375 355
1695125638556 619.7669067382812 356
1695125638810 580.744140625 357
1695125639063 600.413330078125 358
1695125639319 671.4920043945312 359
1695125639573 640.5577392578125 360
1695125639827 649.3017578125 361
1695125640082 614.9896240234375 362
1695125640337 605.539794921875 363
1695125640594 595.6972045898438 364
1695125640849 563.0731201171875 365
1695125641105 618.4512939453125 366
1695125641359 614.685302734375 367
1695125641615 586.6680908203125 368
1695125641874 596.6631469726562 369
1695125642129 577.4219970703125 370
1695125642383 570.578369140625 371
1695125642639 548.6229248046875 372
1695125642906 601.4920654296875 373
1695125643161 592.697509765625 374
1695125643415 593.8623657226562 375
1695125643669 634.8052978515625 376
1695125643923 649.2596435546875 377
1695125644181 591.785400390625 378
1695125644435 592.3265380859375 379
1695125644689 576.8875732421875 380
1695125644947 591.7109375 381
1695125645201 576.226806640625 382
1695125645455 634.4492797851562 383
1695125645708 574.5143432617188 384
1695125645963 583.31787109375 385
1695125646220 608.2423095703125 386
1695125646474 584.5827026367188 387
1695125646727 612.639404296875 388
1695125646981 596.4219970703125 389
1695125647238 593.8377685546875 390
1695125647492 609.8304443359375 391
1695125647745 578.697509765625 392
1695125647998 569.7456665039062 393
1695125648252 574.94287109375 394
1695125648506 650.94384765625 395
1695125648760 562.8171997070312 396
1695125649014 612.6416015625 397
1695125649268 567.3400268554688 398
1695125649522 551.1813354492188 399
1695125649777 570.0086669921875 400
1695125653330 564.4005737304688 401
1695125653587 573.8508911132812 402
1695125653841 552.596923828125 403
1695125654096 571.7569580078125 404
1695125654349 599.5714111328125 405
1695125654604 580.4599609375 406
1695125654857 612.0722045898438 407
1695125655111 579.708740234375 408
1695125655365 601.7796630859375 409
1695125655619 597.7200927734375 410
1695125655875 589.0072021484375 411
1695125656129 555.4302978515625 412
1695125656382 582.8167724609375 413
1695125656636 581.802734375 414
1695125656893 572.6386108398438 415
1695125657148 559.8097534179688 416
1695125657406 566.9182739257812 417
1695125657659 556.2392578125 418
1695125657913 592.9956665039062 419
1695125658167 588.4002685546875 420
1695125658423 574.828125 421
1695125658678 619.3442993164062 422
1695125658934 584.1580810546875 423
1695125659186 547.6002197265625 424
1695125659443 551.0526123046875 425
1695125659698 583.982666015625 426
1695125659952 564.860107421875 427
1695125660205 576.1162109375 428
1695125660458 579.867919921875 429
1695125660715 556.3922119140625 430
1695125660969 572.5708618164062 431
1695125661223 542.9174194335938 432
1695125661478 580.21630859375 433
1695125661732 559.2998046875 434
1695125661986 612.0514526367188 435
1695125662242 624.8983154296875 436
1695125662498 566.7362060546875 437
1695125662752 583.106201171875 438
1695125663016 616.37744140625 439
1695125663272 560.5861206054688 440
1695125663526 572.3031005859375 441
1695125663780 563.8385009765625 442
1695125664034 563.6701049804688 443
1695125664291 559.947998046875 444
1695125664546 598.4571533203125 445
1695125664801 570.111328125 446
1695125665056 578.8504028320312 447
1695125665311 564.8511962890625 448
1695125665567 551.2275390625 449
1695125665821 553.8456420898438 450
1695125666079 561.4154052734375 451
1695125666333 569.5208129882812 452
1695125666588 617.879638671875 453
1695125666843 532.849609375 454
1695125667096 596.5988159179688 455
1695125667351 569.244873046875 456
1695125667605 525.368408203125 457
1695125667859 564.3500366210938 458
1695125668113 558.39697265625 459
1695125668368 576.6785278320312 460
1695125668625 570.9881591796875 461
1695125668879 558.5241088867188 462
1695125669133 556.0240478515625 463
1695125669387 547.574462890625 464
1695125669641 540.7562255859375 465
1695125669896 535.9171142578125 466
1695125670150 521.311767578125 467
1695125670404 571.4512329101562 468
1695125670659 541.1968994140625 469
1695125670914 551.2892456054688 470
1695125671167 527.7852172851562 471
1695125671422 612.5614013671875 472
1695125671676 625.8804931640625 473
1695125671929 590.3974609375 474
1695125672182 600.5093994140625 475
1695125672439 553.8622436523438 476
1695125672699 541.5466918945312 477
1695125672962 535.633544921875 478
1695125673217 565.4824829101562 479
1695125673471 535.4608154296875 480
1695125673726 570.3912353515625 481
1695125673979 540.9779052734375 482
1695125674232 537.3671875 483
1695125674486 535.8383178710938 484
1695125674741 514.172119140625 485
1695125674994 520.278076171875 486
1695125675248 585.0448608398438 487
1695125675502 553.0689697265625 488
1695125675756 593.9556884765625 489
1695125676009 618.986328125 490
1695125676263 566.9703369140625 491
1695125676519 525.5476684570312 492
1695125676774 557.0697021484375 493
1695125677028 546.5439453125 494
1695125677283 505.3440246582031 495
1695125677537 562.8194580078125 496
1695125677792 599.7152709960938 497
1695125678045 575.375244140625 498
1695125678300 542.915283203125 499
1695125678556 519.7189331054688 500
1695125682010 551.6448364257812 501
1695125682265 559.991943359375 502
1695125682517 597.6383056640625 503
1695125682771 553.3028564453125 504
1695125683035 593.3709716796875 505
1695125683289 558.4190063476562 506
1695125683543 527.13134765625 507
1695125683798 560.3385009765625 508
1695125684052 561.3861694335938 509
1695125684306 522.2764892578125 510
1695125684559 517.3367309570312 511
1695125684814 566.3458251953125 512
1695125685069 532.7960815429688 513
1695125685323 542.1603393554688 514
1695125685577 604.7179565429688 515
1695125685831 577.6668701171875 516
1695125686086 549.26220703125 517
1695125686340 538.1474609375 518
1695125686592 551.281494140625 519
1695125686852 525.2899780273438 520
1695125687107 565.398681640625 521
1695125687361 541.15283203125 522
1695125687615 525.0950927734375 523
1695125687869 535.8139038085938 524
1695125688125 530.0984497070312 525
1695125688378 527.6895751953125 526
1695125688632 548.6661376953125 527
1695125688889 542.23046875 528
1695125689143 537.6278076171875 529
1695125689399 521.9454956054688 530
1695125689656 563.0860595703125 531
1695125689913 522.4583129882812 532
1695125690172 519.4871215820312 533
1695125690427 511.5187683105469 534
1695125690680 523.1636352539062 535
1695125690935 552.786865234375 536
1695125691189 498.07965087890625 537
1695125691445 525.9530029296875 538
1695125691701 555.2802124023438 539
1695125691954 583.62451171875 540
1695125692208 498.9874267578125 541
1695125692461 536.4235229492188 542
1695125692714 549.63720703125 543
1695125692978 544.6611938476562 544
1695125693232 549.5716552734375 545
1695125693486 543.8638916015625 546
1695125693742 539.107177734375 547
1695125693996 571.470947265625 548
1695125694256 585.3782958984375 549
1695125694511 569.0592651367188 550
1695125694769 589.457763671875 551
1695125695023 550.0355834960938 552
1695125695277 555.44580078125 553
1695125695531 558.978515625 554
1695125695786 487.6725769042969 555
1695125696039 496.4413757324219 556
1695125696293 528.4466552734375 557
1695125696547 540.1478271484375 558
1695125696801 561.6571044921875 559
1695125697056 537.540771484375 560
1695125697310 531.9559326171875 561
1695125697565 557.9442138671875 562
1695125697819 544.82666015625 563
1695125698073 536.0992431640625 564
1695125698328 528.474853515625 565
1695125698581 520.9396362304688 566
1695125698836 564.358154296875 567
1695125699090 531.814453125 568
1695125699344 523.52197265625 569
1695125699597 536.2244873046875 570
1695125699857 531.5140380859375 571
1695125700112 513.8795776367188 572
1695125700367 568.93017578125 573
1695125700621 525.012451171875 574
1695125700875 532.3490600585938 575
1695125701130 517.7020263671875 576
1695125701384 514.2620239257812 577
1695125701638 517.9286499023438 578
1695125701892 515.8635864257812 579
1695125702148 531.0016479492188 580
1695125702409 491.6778564453125 581
1695125702663 514.123046875 582
1695125702928 527.1702880859375 583
1695125703183 494.91583251953125 584
1695125703438 566.07177734375 585
1695125703693 527.81298828125 586
1695125703946 519.2537841796875 587
1695125704202 503.83416748046875 588
1695125704460 542.3555297851562 589
1695125704714 509.07257080078125 590
1695125704967 507.51824951171875 591
1695125705223 542.8817749023438 592
1695125705479 525.5755615234375 593
1695125705733 496.3269348144531 594
1695125705988 507.82110595703125 595
1695125706244 554.8566284179688 596
1695125706500 527.2102661132812 597
1695125706755 519.8035888671875 598
1695125707013 496.3956604003906 599
1695125707268 554.5478515625 600
1695125710733 526.9751586914062 601
1695125710988 508.5410461425781 602
1695125711246 518.0313720703125 603
1695125711503 530.0499267578125 604
1695125711757 486.2205810546875 605
1695125712011 504.8688049316406 606
1695125712267 531.588623046875 607
1695125712522 537.982666015625 608
1695125712776 548.2476806640625 609
1695125713050 508.7763671875 610
1695125713304 517.6939697265625 611
1695125713558 512.1976318359375 612
1695125713812 522.3037109375 613
1695125714066 535.5225219726562 614
1695125714321 546.5836181640625 615
1695125714575 550.2371826171875 616
1695125714829 499.73443603515625 617
1695125715086 501.05572509765625 618
1695125715340 528.382568359375 619
1695125715597 509.4667053222656 620
1695125715850 525.4869995117188 621
1695125716106 535.569580078125 622
1695125716360 512.244140625 623
1695125716613 513.1873779296875 624
1695125716870 522.9305419921875 625
1695125717124 556.6463623046875 626
1695125717382 510.9533996582031 627
1695125717637 544.341552734375 628
1695125717890 500.5223083496094 629
1695125718143 500.03790283203125 630
1695125718398 490.01287841796875 631
1695125718651 517.6005859375 632
1695125718905 566.3534545898438 633
1695125719161 501.84979248046875 634
1695125719418 484.02996826171875 635
1695125719672 517.012939453125 636
1695125719925 507.367431640625 637
1695125720181 504.97503662109375 638
1695125720436 490.389404296875 639
1695125720692 491.65594482421875 640
1695125720948 553.9852294921875 641
1695125721202 467.09088134765625 642
1695125721456 507.8657531738281 643
1695125721711 495.12847900390625 644
1695125721965 522.890869140625 645
1695125722219 539.4492797851562 646
1695125722475 472.4325256347656 647
1695125722729 549.0305786132812 648
1695125722993 491.4260559082031 649
1695125723247 483.6274108886719 650
1695125723503 493.93426513671875 651
1695125723757 520.621337890625 652
1695125724012 497.12060546875 653
1695125724267 494.3934326171875 654
1695125724522 545.4166870117188 655
1695125724776 495.2921142578125 656
1695125725030 520.720458984375 657
1695125725284 466.669921875 658
1695125725540 515.272216796875 659
1695125725794 518.47021484375 660
1695125726050 502.39276123046875 661
1695125726307 480.6114196777344 662
1695125726565 547.132080078125 663
1695125726821 499.5401306152344 664
1695125727075 495.1015625 665
1695125727332 499.4266052246094 666
1695125727586 475.9894104003906 667
1695125727839 508.6953430175781 668
1695125728093 501.1309814453125 669
1695125728347 510.0307922363281 670
1695125728601 507.27850341796875 671
1695125728857 478.5676574707031 672
1695125729111 521.9389038085938 673
1695125729368 468.0220947265625 674
1695125729624 506.56573486328125 675
1695125729877 509.3656311035156 676
1695125730133 512.9293212890625 677
1695125730389 548.2171630859375 678
1695125730643 511.09307861328125 679
1695125730897 512.3858032226562 680
1695125731151 504.6434326171875 681
1695125731404 468.8460693359375 682
1695125731658 522.3783569335938 683
1695125731909 476.0655517578125 684
1695125732163 483.3907470703125 685
1695125732421 493.06695556640625 686
1695125732677 529.1097412109375 687
1695125732944 536.1771850585938 688
1695125733199 470.2378234863281 689
1695125733453 494.681884765625 690
1695125733705 477.1690673828125 691
1695125733958 508.79302978515625 692
1695125734213 543.0143432617188 693
1695125734469 476.5340576171875 694
1695125734726 484.498779296875 695
1695125734981 477.7825622558594 696
1695125735235 549.13232421875 697
1695125735490 483.940185546875 698
1695125735744 565.9014892578125 699
1695125735999 511.9693298339844 700
1695125739445 492.9429931640625 701
1695125739699 489.8231201171875 702
1695125739955 543.7112426757812 703
1695125740212 483.2730712890625 704
1695125740468 523.315185546875 705
1695125740725 501.6270446777344 706
1695125740982 472.2424621582031 707
1695125741236 521.663818359375 708
1695125741491 458.9704895019531 709
1695125741751 475.10003662109375 710
1695125742003 505.7674865722656 711
1695125742260 500.2183837890625 712
1695125742513 488.59698486328125 713
1695125742768 553.6434326171875 714
1695125743032 517.5115356445312 715
1695125743287 478.77178955078125 716
1695125743540 515.982666015625 717
1695125743797 479.20843505859375 718
1695125744052 508.93035888671875 719
1695125744306 495.2989501953125 720
1695125744562 495.53179931640625 721
1695125744816 488.2118225097656 722
1695125745070 524.757568359375 723
1695125745324 513.5615844726562 724
1695125745577 463.52880859375 725
1695125745831 474.75732421875 726
1695125746084 495.78369140625 727
1695125746339 532.54248046875 728
1695125746592 517.8070678710938 729
1695125746846 474.4721984863281 730
1695125747100 557.0142822265625 731
1695125747354 497.9511413574219 732
1695125747609 507.16693115234375 733
1695125747866 483.816650390625 734
1695125748120 539.2176513671875 735
1695125748375 519.1651611328125 736
1695125748628 488.1730651855469 737
1695125748881 464.3771057128906 738
1695125749136 490.7289733886719 739
1695125749390 515.7833251953125 740
1695125749645 494.27484130859375 741
1695125749899 476.6083679199219 742
1695125750153 515.6583251953125 743
1695125750407 496.4263916015625 744
1695125750661 556.4364013671875 745
1695125750915 496.8750305175781 746
1695125751172 484.2708740234375 747
1695125751426 479.8077392578125 748
1695125751680 515.9364013671875 749
1695125751935 493.6136474609375 750
1695125752189 487.71209716796875 751
1695125752444 530.2967529296875 752
1695125752701 460.1765441894531 753
1695125752966 456.911865234375 754
1695125753221 522.5255126953125 755
1695125753475 499.5889587402344 756
1695125753728 503.2861022949219 757
1695125753982 478.820556640625 758
1695125754240 454.4579162597656 759
1695125754494 498.0208435058594 760
1695125754750 495.77447509765625 761
1695125755004 491.38507080078125 762
1695125755258 482.39984130859375 763
1695125755513 467.89422607421875 764
1695125755769 460.5640869140625 765
1695125756026 497.3444519042969 766
1695125756283 500.6973571777344 767
1695125756537 502.54705810546875 768
1695125756792 495.0231018066406 769
1695125757049 485.2644348144531 770
1695125757306 496.9552001953125 771
1695125757560 500.7751770019531 772
1695125757815 518.111328125 773
1695125758068 507.06982421875 774
1695125758321 512.1586303710938 775
1695125758578 497.96600341796875 776
1695125758832 492.69195556640625 777
1695125759086 476.0472412109375 778
1695125759338 514.28759765625 779
1695125759593 529.5609130859375 780
1695125759846 513.026611328125 781
1695125760101 498.2640686035156 782
1695125760357 511.833984375 783
1695125760610 497.299072265625 784
1695125760863 481.18292236328125 785
1695125761119 516.434326171875 786
1695125761377 496.9648742675781 787
1695125761632 505.7991027832031 788
1695125761886 474.2100830078125 789
1695125762139 493.7518310546875 790
1695125762394 462.8298034667969 791
1695125762646 507.4844055175781 792
1695125762909 498.8743896484375 793
1695125763164 466.0369873046875 794
1695125763420 461.4010009765625 795
1695125763681 477.40509033203125 796
1695125763934 486.1168518066406 797
1695125764188 497.57818603515625 798
1695125764442 525.275634765625 799
1695125764696 485.3687744140625 800
1695125768170 522.2308349609375 801
1695125768423 442.6284484863281 802
1695125768680 519.7447509765625 803
1695125768934 490.0928649902344 804
1695125769188 472.51373291015625 805
1695125769443 487.04998779296875 806
1695125769700 456.20745849609375 807
1695125769955 464.1344299316406 808
1695125770210 510.3497009277344 809
1695125770464 483.0529479980469 810
1695125770721 478.41119384765625 811
1695125770973 454.58123779296875 812
1695125771226 476.9101867675781 813
1695125771480 481.5198974609375 814
1695125771734 520.7806396484375 815
1695125771991 510.5224609375 816
1695125772245 445.8294982910156 817
1695125772499 477.8702697753906 818
1695125772756 504.17596435546875 819
1695125773022 515.3121337890625 820
1695125773279 447.22027587890625 821
1695125773533 476.20819091796875 822
1695125773786 486.05224609375 823
1695125774040 467.21728515625 824
1695125774294 502.5058898925781 825
1695125774552 502.13787841796875 826
1695125774805 530.3621826171875 827
1695125775061 482.6174011230469 828
1695125775315 468.114501953125 829
1695125775571 474.6983947753906 830
1695125775826 516.6146240234375 831
1695125776079 464.5050048828125 832
1695125776333 490.0369873046875 833
1695125776588 512.5441284179688 834
1695125776843 507.2923889160156 835
1695125777097 487.0632629394531 836
1695125777351 467.38983154296875 837
1695125777605 489.3441162109375 838
1695125777860 476.19439697265625 839
1695125778114 481.5428466796875 840
1695125778370 475.2928466796875 841
1695125778624 459.808349609375 842
1695125778880 478.0078125 843
1695125779135 512.51025390625 844
1695125779390 471.17852783203125 845
1695125779646 487.8765869140625 846
1695125779899 481.7675476074219 847
1695125780153 470.88507080078125 848
1695125780408 474.25311279296875 849
1695125780665 478.2923889160156 850
1695125780922 517.120849609375 851
1695125781176 454.3166809082031 852
1695125781429 473.151611328125 853
1695125781681 456.58978271484375 854
1695125781935 489.7091064453125 855
1695125782189 449.6568298339844 856
1695125782443 514.93359375 857
1695125782697 521.134033203125 858
1695125782961 464.1065673828125 859
1695125783217 461.7818298339844 860
1695125783470 471.6850891113281 861
1695125783725 491.4061279296875 862
1695125783979 530.4105224609375 863
1695125784235 486.29351806640625 864
1695125784488 463.2427062988281 865
1695125784740 516.35498046875 866
1695125784993 489.63043212890625 867
1695125785247 478.92205810546875 868
1695125785501 467.4300537109375 869
1695125785755 477.7261047363281 870
1695125786010 452.1101989746094 871
1695125786264 501.6348571777344 872
1695125786517 443.026123046875 873
1695125786771 454.0436706542969 874
1695125787025 456.32427978515625 875
1695125787278 488.9073181152344 876
1695125787534 509.36279296875 877
1695125787788 481.6790771484375 878
1695125788040 476.8627624511719 879
1695125788295 471.22412109375 880
1695125788550 483.410400390625 881
1695125788804 471.13092041015625 882
1695125789059 482.9671936035156 883
1695125789313 488.7004089355469 884
1695125789566 456.2832946777344 885
1695125789823 463.5418701171875 886
1695125790077 475.54547119140625 887
1695125790331 477.2447509765625 888
1695125790585 462.0303649902344 889
1695125790839 461.6766662597656 890
1695125791094 488.55291748046875 891
1695125791351 461.92059326171875 892
1695125791607 474.49932861328125 893
1695125791861 487.8499450683594 894
1695125792115 442.61883544921875 895
1695125792372 479.05999755859375 896
1695125792627 529.3553466796875 897
1695125792891 483.7469482421875 898
1695125793146 483.7423095703125 899
1695125793400 465.1780090332031 900
1695125796915 493.940185546875 901
1695125797172 465.10028076171875 902
1695125797434 492.39422607421875 903
1695125797698 431.52716064453125 904
1695125797958 455.454345703125 905
1695125798220 465.24530029296875 906
1695125798475 512.901611328125 907
1695125798729 495.4955139160156 908
1695125798982 477.43475341796875 909
1695125799236 495.077392578125 910
1695125799491 489.60430908203125 911
1695125799746 479.75531005859375 912
1695125800024 458.9046325683594 913
1695125800298 470.80670166015625 914
1695125800565 497.33270263671875 915
1695125800832 460.10333251953125 916
1695125801089 459.6946716308594 917
1695125801360 457.19061279296875 918
1695125801635 449.28564453125 919
1695125801910 475.5638427734375 920
1695125802194 464.5450744628906 921
1695125802474 460.1510314941406 922
1695125802756 493.3880310058594 923
1695125803036 488.2137451171875 924
1695125803298 463.9051208496094 925
1695125803555 461.693603515625 926
1695125803808 450.9910583496094 927
1695125804069 488.61456298828125 928
1695125804334 459.62713623046875 929
1695125804593 498.9463195800781 930
1695125804854 452.6888427734375 931
1695125805111 480.3566589355469 932
1695125805367 474.48095703125 933
1695125805623 447.1091613769531 934
1695125805880 479.70489501953125 935
1695125806134 452.9356689453125 936
1695125806401 474.7410583496094 937
1695125806671 458.82391357421875 938
1695125806926 470.2877197265625 939
1695125807182 509.8066711425781 940
1695125807435 459.27862548828125 941
1695125807697 486.1490478515625 942
1695125807973 489.47943115234375 943
1695125808232 454.4693603515625 944
1695125808494 471.06585693359375 945
1695125808749 486.5844421386719 946
1695125809002 458.85467529296875 947
1695125809256 504.71527099609375 948
1695125809509 518.19775390625 949
1695125809773 460.8345642089844 950
1695125810045 445.51806640625 951
1695125810319 470.38812255859375 952
1695125810584 488.403076171875 953
1695125810842 481.2926025390625 954
1695125811101 431.5359802246094 955
1695125811359 466.4722900390625 956
1695125811616 475.83905029296875 957
1695125811872 484.6134948730469 958
1695125812127 523.1937255859375 959
1695125812384 452.7242431640625 960
1695125812641 480.43316650390625 961
1695125812898 467.0020751953125 962
1695125813164 466.3187561035156 963
1695125813441 455.4862060546875 964
1695125813712 450.0276794433594 965
1695125813979 445.2073669433594 966
1695125814235 466.5584716796875 967
1695125814489 502.746337890625 968
1695125814744 449.2514343261719 969
1695125815000 505.59814453125 970
1695125815254 489.1438903808594 971
1695125815509 521.46728515625 972
1695125815762 509.5509948730469 973
1695125816017 453.3642883300781 974
1695125816274 500.01605224609375 975
1695125816528 466.8310546875 976
1695125816782 469.44342041015625 977
1695125817037 427.3026123046875 978
1695125817293 438.193115234375 979
1695125817547 456.8480224609375 980
1695125817811 428.90521240234375 981
1695125818064 494.2789306640625 982
1695125818333 457.5543212890625 983
1695125818592 464.6052551269531 984
1695125818869 440.63970947265625 985
1695125819139 464.75360107421875 986
1695125819404 466.1045227050781 987
1695125819665 495.7840270996094 988
1695125819937 466.323974609375 989
1695125820208 457.7879333496094 990
1695125820483 462.0062561035156 991
1695125820760 536.0762329101562 992
1695125821039 452.020263671875 993
1695125821317 454.0076599121094 994
1695125821605 458.244140625 995
1695125821876 465.2110290527344 996
1695125822133 473.83905029296875 997
1695125822390 478.2566833496094 998
1695125822663 488.19451904296875 999
1695125822922 449.52471923828125 1000
1695125826499 429.140625 1001
1695125826768 450.88848876953125 1002
1695125827025 466.5155334472656 1003
1695125827282 440.5857238769531 1004
1695125827540 468.12994384765625 1005
1695125827799 506.40234375 1006
1695125828056 508.64459228515625 1007
1695125828314 474.94732666015625 1008
1695125828573 473.17010498046875 1009
1695125828832 492.90777587890625 1010
1695125829089 479.3227233886719 1011
1695125829346 449.79132080078125 1012
1695125829603 436.3491516113281 1013
1695125829865 443.49713134765625 1014
1695125830125 481.30072021484375 1015
1695125830385 490.7291259765625 1016
1695125830640 440.11041259765625 1017
1695125830897 454.54815673828125 1018
1695125831154 449.13323974609375 1019
1695125831411 501.3644714355469 1020
1695125831667 454.94439697265625 1021
1695125831924 467.7725830078125 1022
1695125832182 440.0630798339844 1023
1695125832441 450.7054443359375 1024
1695125832699 476.4931945800781 1025
1695125832959 488.00311279296875 1026
1695125833217 461.551513671875 1027
1695125833478 474.18890380859375 1028
1695125833734 456.13043212890625 1029
1695125833990 466.96368408203125 1030
1695125834245 445.9413757324219 1031
1695125834507 429.78936767578125 1032
1695125834766 414.87060546875 1033
1695125835023 462.4197082519531 1034
1695125835278 459.8607482910156 1035
1695125835533 454.8977966308594 1036
1695125835788 475.70928955078125 1037
1695125836044 455.85455322265625 1038
1695125836299 425.24591064453125 1039
1695125836559 448.28857421875 1040
1695125836815 461.0839538574219 1041
1695125837072 465.58648681640625 1042
1695125837329 473.3392333984375 1043
1695125837584 493.52569580078125 1044
1695125837839 431.74810791015625 1045
1695125838102 481.4063720703125 1046
1695125838358 450.1365966796875 1047
1695125838615 456.16357421875 1048
1695125838870 448.181884765625 1049
1695125839126 434.2943115234375 1050
1695125839381 455.6620788574219 1051
1695125839639 458.664306640625 1052
1695125839894 460.24737548828125 1053
1695125840151 461.5777587890625 1054
1695125840408 441.8392639160156 1055
1695125840664 456.3367004394531 1056
1695125840920 445.17047119140625 1057
1695125841179 448.9990234375 1058
1695125841436 440.2822265625 1059
1695125841696 470.5912780761719 1060
1695125841952 472.13323974609375 1061
1695125842211 440.494384765625 1062
1695125842468 442.0565490722656 1063
1695125842725 460.948974609375 1064
1695125842983 443.9307861328125 1065
1695125843239 444.3138427734375 1066
1695125843495 448.8153381347656 1067
1695125843751 426.72528076171875 1068
1695125844006 429.887939453125 1069
1695125844264 473.427490234375 1070
1695125844525 437.8529357910156 1071
1695125844782 456.2723388671875 1072
1695125845038 473.12261962890625 1073
1695125845295 441.249267578125 1074
1695125845555 415.90899658203125 1075
1695125845812 461.9320373535156 1076
1695125846075 432.0751953125 1077
1695125846334 434.725830078125 1078
1695125846592 467.7538146972656 1079
1695125846854 437.3842468261719 1080
1695125847110 443.813720703125 1081
1695125847367 488.0660400390625 1082
1695125847622 475.5669860839844 1083
1695125847881 443.88385009765625 1084
1695125848138 438.6898193359375 1085
1695125848395 444.17510986328125 1086
1695125848651 450.65704345703125 1087
1695125848908 447.8120422363281 1088
1695125849165 451.24072265625 1089
1695125849424 484.6908264160156 1090
1695125849683 440.0652770996094 1091
1695125849940 438.49969482421875 1092
1695125850197 440.40185546875 1093
1695125850452 420.1319885253906 1094
1695125850711 436.913330078125 1095
1695125850967 451.3724670410156 1096
1695125851223 481.3934326171875 1097
1695125851481 493.10833740234375 1098
1695125851739 443.3209228515625 1099
1695125851996 424.73809814453125 1100
1695125855521 494.66839599609375 1101
1695125855794 418.01953125 1102
1695125856051 423.028564453125 1103
1695125856308 477.1068115234375 1104
1695125856564 463.6187744140625 1105
1695125856820 456.5899658203125 1106
1695125857077 438.3787841796875 1107
1695125857334 465.08892822265625 1108
1695125857591 467.088623046875 1109
1695125857849 457.47265625 1110
1695125858108 467.6894226074219 1111
1695125858366 456.2471618652344 1112
1695125858622 440.4447326660156 1113
1695125858879 460.07269287109375 1114
1695125859136 430.75274658203125 1115
1695125859391 469.5618896484375 1116
1695125859650 468.03851318359375 1117
1695125859907 467.6226501464844 1118
1695125860166 438.0655822753906 1119
1695125860424 465.3234558105469 1120
1695125860681 446.68634033203125 1121
1695125860940 475.7510070800781 1122
1695125861199 433.9176025390625 1123
1695125861455 439.8006896972656 1124
1695125861712 435.6092529296875 1125
1695125861968 467.65081787109375 1126
1695125862224 449.905029296875 1127
1695125862481 410.8987121582031 1128
1695125862737 521.4921264648438 1129
1695125862995 434.5770263671875 1130
1695125863251 444.13250732421875 1131
1695125863508 440.37646484375 1132
1695125863766 467.6357116699219 1133
1695125864024 450.6864013671875 1134
1695125864280 472.3100891113281 1135
1695125864537 462.22406005859375 1136
1695125864794 458.23516845703125 1137
1695125865050 443.3558349609375 1138
1695125865311 450.9000549316406 1139
1695125865568 469.6930236816406 1140
1695125865825 473.3807373046875 1141
1695125866082 435.87432861328125 1142
1695125866338 439.5914306640625 1143
1695125866595 440.72821044921875 1144
1695125866852 445.2342834472656 1145
1695125867108 480.3919982910156 1146
1695125867364 456.77728271484375 1147
1695125867622 447.39862060546875 1148
1695125867879 440.33660888671875 1149
1695125868134 400.086181640625 1150
1695125868391 451.34967041015625 1151
1695125868649 487.17340087890625 1152
1695125868904 449.2515563964844 1153
1695125869160 483.354736328125 1154
1695125869417 441.72650146484375 1155
1695125869675 407.3251953125 1156
1695125869932 444.5474548339844 1157
1695125870190 449.1214599609375 1158
1695125870446 426.62646484375 1159
1695125870703 457.7124938964844 1160
1695125870962 467.2452087402344 1161
1695125871218 438.58612060546875 1162
1695125871474 467.29144287109375 1163
1695125871731 456.49896240234375 1164
1695125871986 422.86993408203125 1165
1695125872243 439.38946533203125 1166
1695125872500 444.2121276855469 1167
1695125872759 431.0647888183594 1168
1695125873018 423.71978759765625 1169
1695125873276 459.921630859375 1170
1695125873534 436.5453186035156 1171
1695125873790 422.27655029296875 1172
1695125874046 426.05535888671875 1173
1695125874301 453.6498718261719 1174
1695125874559 427.978271484375 1175
1695125874815 442.315673828125 1176
1695125875074 418.79144287109375 1177
1695125875332 434.0455627441406 1178
1695125875590 444.14892578125 1179
1695125875851 440.56182861328125 1180
1695125876112 424.3191223144531 1181
1695125876368 463.4908752441406 1182
1695125876624 469.0111083984375 1183
1695125876880 404.601806640625 1184
1695125877137 458.2516784667969 1185
1695125877393 441.1648254394531 1186
1695125877649 460.055908203125 1187
1695125877906 418.7280578613281 1188
1695125878165 429.91290283203125 1189
1695125878421 449.7975158691406 1190
1695125878677 449.0312805175781 1191
1695125878934 451.7218933105469 1192
1695125879190 446.3475341796875 1193
1695125879447 462.5470886230469 1194
1695125879702 406.5843811035156 1195
1695125879957 470.11956787109375 1196
1695125880213 434.3199462890625 1197
1695125880472 424.7753601074219 1198
1695125880728 417.3034362792969 1199
1695125880985 440.0562744140625 1200
1695125884468 476.08905029296875 1201
1695125884726 450.4936828613281 1202
1695125884983 424.6790466308594 1203
1695125885238 441.7909240722656 1204
1695125885493 454.27978515625 1205
1695125885752 433.99114990234375 1206
1695125886009 434.5113220214844 1207
1695125886265 426.18450927734375 1208
1695125886522 443.17755126953125 1209
1695125886779 434.8327941894531 1210
1695125887034 471.67413330078125 1211
1695125887289 439.136962890625 1212
1695125887545 414.66925048828125 1213
1695125887799 438.7420349121094 1214
1695125888057 445.4669189453125 1215
1695125888313 495.125 1216
1695125888570 434.6505126953125 1217
1695125888826 460.42938232421875 1218
1695125889083 458.6356506347656 1219
1695125889344 462.69049072265625 1220
1695125889604 425.1646423339844 1221
1695125889860 431.0187072753906 1222
1695125890119 471.3297119140625 1223
1695125890374 448.7320861816406 1224
1695125890631 432.5572814941406 1225
1695125890888 447.9591064453125 1226
1695125891143 431.34442138671875 1227
1695125891401 427.8323974609375 1228
1695125891658 449.23138427734375 1229
1695125891913 442.5870361328125 1230
1695125892168 450.42620849609375 1231
1695125892423 455.66015625 1232
1695125892678 441.8201599121094 1233
1695125892934 496.5084533691406 1234
1695125893192 432.050537109375 1235
1695125893449 438.3662109375 1236
1695125893705 425.2419738769531 1237
1695125893965 411.0370178222656 1238
1695125894223 495.2117919921875 1239
1695125894484 466.4403991699219 1240
1695125894740 440.7337646484375 1241
1695125894996 455.51214599609375 1242
1695125895252 398.66375732421875 1243
1695125895507 442.72247314453125 1244
1695125895762 423.4922180175781 1245
1695125896017 448.027587890625 1246
1695125896277 464.0704345703125 1247
1695125896537 467.6978759765625 1248
1695125896793 433.1884765625 1249
1695125897049 441.41015625 1250
1695125897308 443.0644226074219 1251
1695125897564 455.82623291015625 1252
1695125897821 439.8995361328125 1253
1695125898078 442.598388671875 1254
1695125898334 453.3294372558594 1255
1695125898589 495.6152648925781 1256
1695125898846 468.36468505859375 1257
1695125899104 457.9295654296875 1258
1695125899364 460.3362731933594 1259
1695125899624 453.66473388671875 1260
1695125899878 438.2242431640625 1261
1695125900135 452.9119873046875 1262
1695125900394 457.06146240234375 1263
1695125900651 430.87286376953125 1264
1695125900907 427.7357177734375 1265
1695125901166 455.49285888671875 1266
1695125901424 422.7738342285156 1267
1695125901680 435.6234436035156 1268
1695125901943 441.9945373535156 1269
1695125902201 467.26776123046875 1270
1695125902458 431.7120361328125 1271
1695125902714 417.6488952636719 1272
1695125902971 447.5935974121094 1273
1695125903228 428.5665283203125 1274
1695125903483 438.5394287109375 1275
1695125903741 448.5374755859375 1276
1695125904003 417.3082275390625 1277
1695125904262 425.3009033203125 1278
1695125904519 429.6510009765625 1279
1695125904775 437.069091796875 1280
1695125905030 433.0975341796875 1281
1695125905290 405.4762878417969 1282
1695125905545 463.92919921875 1283
1695125905802 430.45989990234375 1284
1695125906057 457.59478759765625 1285
1695125906312 423.3155212402344 1286
1695125906570 439.03436279296875 1287
1695125906825 428.18829345703125 1288
1695125907083 418.118408203125 1289
1695125907340 464.27294921875 1290
1695125907597 455.495849609375 1291
1695125907856 436.19287109375 1292
1695125908113 431.82464599609375 1293
1695125908370 447.46429443359375 1294
1695125908627 413.78070068359375 1295
1695125908884 434.4730224609375 1296
1695125909141 463.44647216796875 1297
1695125909399 446.8519287109375 1298
1695125909655 419.93475341796875 1299
1695125909910 418.0408020019531 1300
1695125913482 400.3918762207031 1301
1695125913741 445.2249755859375 1302
1695125913999 409.3266906738281 1303
1695125914271 447.0047302246094 1304
1695125914528 458.1177673339844 1305
1695125914784 410.90631103515625 1306
1695125915040 427.98760986328125 1307
1695125915296 444.9414367675781 1308
1695125915553 414.7074279785156 1309
1695125915813 430.79888916015625 1310
1695125916073 429.20330810546875 1311
1695125916333 448.11968994140625 1312
1695125916593 419.8056945800781 1313
1695125916849 411.4345703125 1314
1695125917105 459.23193359375 1315
1695125917361 418.74102783203125 1316
1695125917617 426.0993347167969 1317
1695125917876 401.2247009277344 1318
1695125918133 420.1304931640625 1319
1695125918389 410.85260009765625 1320
1695125918644 416.312744140625 1321
1695125918901 464.71905517578125 1322
1695125919158 460.1148376464844 1323
1695125919414 400.5171813964844 1324
1695125919673 468.2464599609375 1325
1695125919930 418.244384765625 1326
1695125920186 447.2523193359375 1327
1695125920444 422.1300964355469 1328
1695125920702 437.42315673828125 1329
1695125920960 419.88427734375 1330
1695125921219 438.97906494140625 1331
1695125921476 450.93231201171875 1332
1695125921736 423.34930419921875 1333
1695125921993 427.26251220703125 1334
1695125922250 455.6539001464844 1335
1695125922509 437.55364990234375 1336
1695125922772 416.2239074707031 1337
1695125923027 401.9193115234375 1338
1695125923283 458.841552734375 1339
1695125923543 481.41168212890625 1340
1695125923803 438.594970703125 1341
1695125924059 447.5035400390625 1342
1695125924314 463.24871826171875 1343
1695125924569 414.3544006347656 1344
1695125924824 426.99658203125 1345
1695125925080 456.4668273925781 1346
1695125925338 441.474365234375 1347
1695125925594 465.85888671875 1348
1695125925852 431.35162353515625 1349
1695125926108 447.6475830078125 1350
1695125926368 450.56744384765625 1351
1695125926625 450.4197082519531 1352
1695125926881 438.2253112792969 1353
1695125927137 424.571044921875 1354
1695125927397 438.0203857421875 1355
1695125927653 426.31439208984375 1356
1695125927908 422.81072998046875 1357
1695125928165 457.4879455566406 1358
1695125928425 402.69464111328125 1359
1695125928684 457.80572509765625 1360
1695125928941 417.8157958984375 1361
1695125929198 417.1966552734375 1362
1695125929455 459.3580017089844 1363
1695125929714 444.66375732421875 1364
1695125929970 426.6168212890625 1365
1695125930227 437.8951110839844 1366
1695125930486 421.68878173828125 1367
1695125930742 422.65753173828125 1368
1695125931002 435.12286376953125 1369
1695125931258 414.0255432128906 1370
1695125931517 434.18988037109375 1371
1695125931776 436.9732971191406 1372
1695125932033 435.64031982421875 1373
1695125932289 411.4881286621094 1374
1695125932545 400.5322570800781 1375
1695125932800 408.00469970703125 1376
1695125933060 413.2982177734375 1377
1695125933318 446.974853515625 1378
1695125933576 396.4580078125 1379
1695125933832 441.6412658691406 1380
1695125934088 417.0404052734375 1381
1695125934345 451.3502502441406 1382
1695125934602 461.64483642578125 1383
1695125934860 420.67266845703125 1384
1695125935120 405.6336975097656 1385
1695125935375 446.3380126953125 1386
1695125935633 452.85809326171875 1387
1695125935889 432.2826232910156 1388
1695125936147 415.4439392089844 1389
1695125936403 438.38134765625 1390
1695125936660 410.3115234375 1391
1695125936915 457.8193359375 1392
1695125937171 440.244384765625 1393
1695125937430 428.6409606933594 1394
1695125937689 442.441162109375 1395
1695125937946 432.2253723144531 1396
1695125938202 409.5590515136719 1397
1695125938458 422.85455322265625 1398
1695125938720 401.0711364746094 1399
1695125938977 417.41650390625 1400
1695125942551 401.2037353515625 1401
1695125942813 425.207763671875 1402
1695125943076 442.26287841796875 1403
1695125943335 470.90771484375 1404
1695125943592 421.77947998046875 1405
1695125943847 467.2679443359375 1406
1695125944104 432.7979736328125 1407
1695125944361 424.98712158203125 1408
1695125944618 428.4776611328125 1409
1695125944874 423.28485107421875 1410
1695125945131 395.3143005371094 1411
1695125945386 430.74835205078125 1412
1695125945642 413.19525146484375 1413
1695125945897 527.116455078125 1414
1695125946153 414.9533996582031 1415
1695125946410 411.3059387207031 1416
1695125946666 429.4122314453125 1417
1695125946922 434.70782470703125 1418
1695125947180 435.6986389160156 1419
1695125947437 434.2356872558594 1420
1695125947694 410.06817626953125 1421
1695125947952 406.21173095703125 1422
1695125948208 441.8434753417969 1423
1695125948465 448.5126037597656 1424
1695125948723 406.81103515625 1425
1695125948980 442.2161865234375 1426
1695125949236 425.56549072265625 1427
1695125949493 419.43011474609375 1428
1695125949749 429.57904052734375 1429
1695125950005 421.86767578125 1430
1695125950262 426.13934326171875 1431
1695125950518 473.1502380371094 1432
1695125950780 433.4486083984375 1433
1695125951036 440.00390625 1434
1695125951293 404.68536376953125 1435
1695125951553 437.9996032714844 1436
1695125951813 450.3057861328125 1437
1695125952070 406.22210693359375 1438
1695125952328 406.9289245605469 1439
1695125952588 455.1429138183594 1440
1695125952844 382.48773193359375 1441
1695125953102 416.03582763671875 1442
1695125953360 455.5513000488281 1443
1695125953619 417.89862060546875 1444
1695125953877 412.06658935546875 1445
1695125954134 420.08709716796875 1446
1695125954392 440.2948303222656 1447
1695125954648 403.0058898925781 1448
1695125954906 428.6722717285156 1449
1695125955163 384.5260009765625 1450
1695125955419 455.74432373046875 1451
1695125955676 433.7987060546875 1452
1695125955934 447.8398132324219 1453
1695125956191 404.09735107421875 1454
1695125956451 427.05792236328125 1455
1695125956707 446.1727294921875 1456
1695125956964 402.45220947265625 1457
1695125957221 402.2705383300781 1458
1695125957482 438.55767822265625 1459
1695125957737 419.402587890625 1460
1695125957993 405.27008056640625 1461
1695125958251 436.99505615234375 1462
1695125958508 419.61907958984375 1463
1695125958765 457.63726806640625 1464
1695125959020 426.1435546875 1465
1695125959276 426.49200439453125 1466
1695125959535 418.8669128417969 1467
1695125959794 441.5365905761719 1468
1695125960051 451.4901123046875 1469
1695125960307 417.61956787109375 1470
1695125960565 424.5434265136719 1471
1695125960826 395.26568603515625 1472
1695125961085 434.6241149902344 1473
1695125961345 439.5190734863281 1474
1695125961601 393.98406982421875 1475
1695125961859 427.1201171875 1476
1695125962116 425.6700134277344 1477
1695125962371 444.3466796875 1478
1695125962627 445.94268798828125 1479
1695125962886 429.3992004394531 1480
1695125963142 482.356689453125 1481
1695125963399 465.3422546386719 1482
1695125963656 398.52984619140625 1483
1695125963914 480.5509948730469 1484
1695125964171 432.3428649902344 1485
1695125964428 462.43060302734375 1486
1695125964684 413.31903076171875 1487
1695125964941 409.3001708984375 1488
1695125965197 412.04888916015625 1489
1695125965456 436.996826171875 1490
1695125965715 466.3013916015625 1491
1695125965972 433.2236633300781 1492
1695125966230 432.942138671875 1493
1695125966485 429.23260498046875 1494
1695125966741 427.05657958984375 1495
1695125966996 405.8944396972656 1496
1695125967251 428.3865051269531 1497
1695125967507 416.05609130859375 1498
1695125967764 430.3585510253906 1499
1695125968020 429.59881591796875 1500
1695125971506 431.9180908203125 1501
1695125971764 444.85333251953125 1502
1695125972020 448.6401062011719 1503
1695125972279 434.46978759765625 1504
1695125972543 459.4521179199219 1505
1695125972801 427.7398681640625 1506
1695125973057 394.5940246582031 1507
1695125973314 396.150390625 1508
1695125973570 417.1011962890625 1509
1695125973830 424.50469970703125 1510
1695125974086 394.0287170410156 1511
1695125974342 439.9899597167969 1512
1695125974600 405.195068359375 1513
1695125974858 486.0835266113281 1514
1695125975116 426.1708984375 1515
1695125975373 406.732177734375 1516
1695125975628 438.392578125 1517
1695125975884 422.70489501953125 1518
1695125976150 453.0548095703125 1519
1695125976433 449.4444580078125 1520
1695125976710 435.7708740234375 1521
1695125976982 400.261962890625 1522
1695125977238 399.6927185058594 1523
1695125977497 405.97735595703125 1524
1695125977755 450.07855224609375 1525
1695125978011 486.9798583984375 1526
1695125978267 501.253662109375 1527
1695125978524 406.478271484375 1528
1695125978782 412.080322265625 1529
1695125979040 449.48162841796875 1530
1695125979297 496.36041259765625 1531
1695125979553 419.9043884277344 1532
1695125979810 415.97235107421875 1533
1695125980065 469.13720703125 1534
1695125980320 408.8464050292969 1535
1695125980574 404.76727294921875 1536
1695125980830 420.2020263671875 1537
1695125981086 435.28863525390625 1538
1695125981343 413.3546447753906 1539
1695125981605 402.0549621582031 1540
1695125981866 423.67108154296875 1541
1695125982126 420.31988525390625 1542
1695125982383 426.5833740234375 1543
1695125982640 467.3057861328125 1544
1695125982894 431.4358825683594 1545
1695125983150 427.8269958496094 1546
1695125983405 422.9581298828125 1547
1695125983663 451.2815246582031 1548
1695125983919 404.37298583984375 1549
1695125984175 393.6671447753906 1550
1695125984432 410.03271484375 1551
1695125984688 418.918212890625 1552
1695125984943 415.501708984375 1553
1695125985200 422.1013488769531 1554
1695125985457 428.79705810546875 1555
1695125985714 444.399169921875 1556
1695125985970 412.0907897949219 1557
1695125986228 437.77459716796875 1558
1695125986484 412.3135986328125 1559
1695125986741 472.28265380859375 1560
1695125986995 451.9160461425781 1561
1695125987250 439.4580993652344 1562
1695125987505 439.595703125 1563
1695125987763 434.6505126953125 1564
1695125988020 445.16497802734375 1565
1695125988280 434.6551513671875 1566
1695125988537 451.6600036621094 1567
1695125988827 398.27978515625 1568
1695125989105 422.809326171875 1569
1695125989385 399.9378967285156 1570
1695125989644 479.9341125488281 1571
1695125989904 408.0210876464844 1572
1695125990173 431.98345947265625 1573
1695125990448 441.2373962402344 1574
1695125990724 427.1141357421875 1575
1695125991001 416.86871337890625 1576
1695125991284 410.86798095703125 1577
1695125991565 406.2073059082031 1578
1695125991853 408.58984375 1579
1695125992134 415.6336669921875 1580
1695125992423 428.6659851074219 1581
1695125992702 421.97418212890625 1582
1695125992961 438.10748291015625 1583
1695125993239 439.462646484375 1584
1695125993501 405.6534729003906 1585
1695125993757 409.9447326660156 1586
1695125994019 408.95831298828125 1587
1695125994280 393.8493957519531 1588
1695125994539 418.3126220703125 1589
1695125994802 416.9836730957031 1590
1695125995086 417.2032165527344 1591
1695125995343 428.2295227050781 1592
1695125995601 391.8988037109375 1593
1695125995856 416.5272216796875 1594
1695125996110 438.6081237792969 1595
1695125996367 434.98626708984375 1596
1695125996622 490.15740966796875 1597
1695125996895 417.93603515625 1598
1695125997173 439.91693115234375 1599
1695125997458 416.88214111328125 1600
1695126001165 411.8507080078125 1601
1695126001454 431.38720703125 1602
1695126001720 414.0631103515625 1603
1695126001995 422.57305908203125 1604
1695126002269 416.05291748046875 1605
1695126002545 486.2272033691406 1606
1695126002824 438.58697509765625 1607
1695126003102 447.1859436035156 1608
1695126003389 454.00335693359375 1609
1695126003659 408.0655517578125 1610
1695126003916 401.78094482421875 1611
1695126004178 397.3796081542969 1612
1695126004432 441.50823974609375 1613
1695126004702 409.2523498535156 1614
1695126004964 411.92034912109375 1615
1695126005223 409.42767333984375 1616
1695126005481 409.87322998046875 1617
1695126005736 447.1108093261719 1618
1695126005993 446.07073974609375 1619
1695126006252 408.531494140625 1620
1695126006512 438.8988342285156 1621
1695126006774 382.186767578125 1622
1695126007030 385.8234558105469 1623
1695126007285 410.316162109375 1624
1695126007543 442.2292785644531 1625
1695126007799 446.52276611328125 1626
1695126008055 409.08807373046875 1627
1695126008312 382.78875732421875 1628
1695126008566 407.3480529785156 1629
1695126008826 415.1183776855469 1630
1695126009083 401.15533447265625 1631
1695126009339 448.2938537597656 1632
1695126009604 400.6003112792969 1633
1695126009863 409.03662109375 1634
1695126010117 403.531982421875 1635
1695126010372 399.5357360839844 1636
1695126010626 394.4488525390625 1637
1695126010880 413.7015380859375 1638
1695126011135 386.93231201171875 1639
1695126011392 400.3259582519531 1640
1695126011647 404.47027587890625 1641
1695126011903 427.59417724609375 1642
1695126012155 392.381591796875 1643
1695126012409 431.26483154296875 1644
1695126012662 445.36944580078125 1645
1695126012916 411.4917297363281 1646
1695126013186 421.863525390625 1647
1695126013440 411.82635498046875 1648
1695126013694 390.69830322265625 1649
1695126013948 397.9032287597656 1650
1695126014206 412.0771484375 1651
1695126014462 480.53515625 1652
1695126014717 407.4938659667969 1653
1695126014972 383.1979675292969 1654
1695126015232 450.0635986328125 1655
1695126015511 456.49444580078125 1656
1695126015783 427.9263916015625 1657
1695126016059 411.1693420410156 1658
1695126016335 422.0146484375 1659
1695126016603 408.1849060058594 1660
1695126016859 401.3678894042969 1661
1695126017130 442.82623291015625 1662
1695126017395 403.51971435546875 1663
1695126017671 435.7037353515625 1664
1695126017931 407.53924560546875 1665
1695126018187 425.4768981933594 1666
1695126018441 432.55682373046875 1667
1695126018695 398.972412109375 1668
1695126018984 412.968505859375 1669
1695126019244 405.5007629394531 1670
1695126019507 403.71435546875 1671
1695126019764 435.7797546386719 1672
1695126020020 403.1667175292969 1673
1695126020276 469.3937072753906 1674
1695126020542 418.8734436035156 1675
1695126020821 464.1983642578125 1676
1695126021088 419.06683349609375 1677
1695126021355 409.20526123046875 1678
1695126021610 397.95965576171875 1679
1695126021873 416.68548583984375 1680
1695126022152 405.31005859375 1681
1695126022416 384.37811279296875 1682
1695126022685 403.04205322265625 1683
1695126022951 405.1533508300781 1684
1695126023235 413.0744323730469 1685
1695126023493 425.3200988769531 1686
1695126023748 436.25042724609375 1687
1695126024004 421.11822509765625 1688
1695126024259 418.665771484375 1689
1695126024514 401.53936767578125 1690
1695126024771 410.80792236328125 1691
1695126025026 427.7834777832031 1692
1695126025279 432.59930419921875 1693
1695126025534 431.430419921875 1694
1695126025788 427.5055847167969 1695
1695126026042 421.0116271972656 1696
1695126026296 447.4329833984375 1697
1695126026550 422.6466979980469 1698
1695126026804 415.6416320800781 1699
1695126027064 404.3143310546875 1700
1695126030730 389.64605712890625 1701
1695126031008 422.5101623535156 1702
1695126031285 457.084228515625 1703
1695126031558 445.4891357421875 1704
1695126031824 420.0521545410156 1705
1695126032082 409.7426452636719 1706
1695126032337 420.02618408203125 1707
1695126032594 415.96319580078125 1708
1695126032853 423.3269348144531 1709
1695126033128 435.60968017578125 1710
1695126033384 439.5682678222656 1711
1695126033639 447.6788635253906 1712
1695126033895 408.92791748046875 1713
1695126034157 408.5892639160156 1714
1695126034432 420.45556640625 1715
1695126034695 404.46929931640625 1716
1695126034952 404.44482421875 1717
1695126035212 419.4393615722656 1718
1695126035489 417.5043029785156 1719
1695126035765 441.7509460449219 1720
1695126036041 389.36505126953125 1721
1695126036330 398.50848388671875 1722
1695126036613 425.0429992675781 1723
1695126036899 445.13812255859375 1724
1695126037164 403.57501220703125 1725
1695126037433 377.1573486328125 1726
1695126037714 424.03399658203125 1727
1695126037986 421.4059753417969 1728
1695126038249 432.069091796875 1729
1695126038528 444.66156005859375 1730
1695126038807 386.45257568359375 1731
1695126039087 407.51214599609375 1732
1695126039352 411.14239501953125 1733
1695126039610 397.9454650878906 1734
1695126039865 398.7000427246094 1735
1695126040129 414.5473937988281 1736
1695126040387 438.1910095214844 1737
1695126040642 422.07427978515625 1738
1695126040901 416.7938537597656 1739
1695126041163 439.74072265625 1740
1695126041419 412.64923095703125 1741
1695126041674 430.5710754394531 1742
1695126041930 406.0990295410156 1743
1695126042185 461.53936767578125 1744
1695126042452 411.1827087402344 1745
1695126042735 399.8069152832031 1746
1695126043016 417.7381591796875 1747
1695126043291 403.34173583984375 1748
1695126043552 386.0084533691406 1749
1695126043809 401.1512756347656 1750
1695126044078 401.408447265625 1751
1695126044341 446.5575256347656 1752
1695126044604 418.9465637207031 1753
1695126044871 381.5591125488281 1754
1695126045154 462.92138671875 1755
1695126045437 419.219970703125 1756
1695126045715 417.00439453125 1757
1695126045972 415.27642822265625 1758
1695126046229 403.6909484863281 1759
1695126046486 406.5478210449219 1760
1695126046743 412.2259521484375 1761
1695126047001 392.3425598144531 1762
1695126047257 419.8486633300781 1763
1695126047513 407.48529052734375 1764
