1694934824418 2123.3291015625 0
1694934828022 2252.439453125 1
1694934828198 2229.525634765625 2
1694934828368 2214.926025390625 3
1694934828537 2190.279052734375 4
1694934828720 2109.11572265625 5
1694934828911 2135.54052734375 6
1694934829091 2231.49755859375 7
1694934829257 2140.215576171875 8
1694934829428 2046.3675537109375 9
1694934829594 2096.02099609375 10
1694934829759 2048.4462890625 11
1694934829925 2011.580322265625 12
1694934830090 1980.7462158203125 13
1694934830255 1956.068359375 14
1694934830419 1910.9228515625 15
1694934830584 1854.982421875 16
1694934830761 1954.3275146484375 17
1694934830943 1808.2144775390625 18
1694934831126 1857.0887451171875 19
1694934831312 1779.91943359375 20
1694934831491 1858.18505859375 21
1694934831671 1872.695068359375 22
1694934831855 1877.9923095703125 23
1694934832027 1778.076171875 24
1694934832200 1829.1563720703125 25
1694934832375 1854.09130859375 26
1694934832549 1834.70849609375 27
1694934832723 1727.73583984375 28
1694934832900 1752.538330078125 29
1694934833084 1732.96875 30
1694934833270 1762.6612548828125 31
1694934833454 1682.775634765625 32
1694934833640 1732.509521484375 33
1694934833814 1754.4892578125 34
1694934833989 1755.854736328125 35
1694934834162 1690.0599365234375 36
1694934834336 1675.55126953125 37
1694934834509 1614.52099609375 38
1694934834684 1636.54736328125 39
1694934834859 1625.846435546875 40
1694934835036 1631.5487060546875 41
1694934835212 1548.390625 42
1694934835385 1636.635498046875 43
1694934835557 1532.0146484375 44
1694934835735 1544.393310546875 45
1694934835908 1503.395751953125 46
1694934836085 1536.2935791015625 47
1694934836257 1589.4124755859375 48
1694934836430 1409.09033203125 49
1694934836607 1464.745361328125 50
1694934836779 1431.44287109375 51
1694934836952 1440.275146484375 52
1694934837127 1454.491943359375 53
1694934837302 1436.2889404296875 54
1694934837482 1477.4014892578125 55
1694934837657 1494.2783203125 56
1694934837830 1494.983154296875 57
1694934838003 1427.707275390625 58
1694934838182 1516.783203125 59
1694934838361 1432.02587890625 60
1694934838540 1406.681396484375 61
1694934838717 1401.906005859375 62
1694934838892 1515.81591796875 63
1694934839067 1400.58447265625 64
1694934839245 1453.929931640625 65
1694934839421 1361.278564453125 66
1694934839597 1426.1351318359375 67
1694934839769 1295.287109375 68
1694934839945 1341.249267578125 69
1694934840118 1264.6005859375 70
1694934840294 1315.59228515625 71
1694934840467 1429.31787109375 72
1694934840642 1337.4268798828125 73
1694934840815 1334.78564453125 74
1694934840995 1313.6522216796875 75
1694934841167 1347.5311279296875 76
1694934841341 1288.863525390625 77
1694934841526 1312.30419921875 78
1694934841713 1338.623291015625 79
1694934841895 1298.2088623046875 80
1694934842075 1397.01513671875 81
1694934842250 1364.61962890625 82
1694934842423 1300.056640625 83
1694934842601 1280.999267578125 84
1694934842777 1364.869140625 85
1694934842955 1331.055419921875 86
1694934843132 1225.4920654296875 87
1694934843310 1209.37548828125 88
1694934843482 1224.1656494140625 89
1694934843659 1213.2607421875 90
1694934843834 1234.376953125 91
1694934844010 1306.448486328125 92
1694934844186 1255.339111328125 93
1694934844365 1244.91748046875 94
1694934844542 1281.957763671875 95
1694934844715 1298.2158203125 96
1694934844892 1195.350341796875 97
1694934845065 1136.931640625 98
1694934845247 1173.380126953125 99
1694934845426 1270.95166015625 100
1694934849672 1211.0933837890625 101
1694934849866 1246.631103515625 102
1694934850055 1196.3193359375 103
1694934850230 1262.6824951171875 104
1694934850411 1267.198974609375 105
1694934850590 1131.34912109375 106
1694934850764 1148.75830078125 107
1694934850949 1288.038818359375 108
1694934851160 1187.438720703125 109
1694934851356 1134.9095458984375 110
1694934851556 1212.6666259765625 111
1694934851756 1264.60791015625 112
1694934851943 1213.2777099609375 113
1694934852122 1168.4793701171875 114
1694934852298 1127.611572265625 115
1694934852471 1203.2308349609375 116
1694934852646 1198.126953125 117
1694934852821 1231.0914306640625 118
1694934852995 1105.1064453125 119
1694934853167 1151.8079833984375 120
1694934853342 1123.62060546875 121
1694934853515 1115.723388671875 122
1694934853689 1221.673583984375 123
1694934853871 1095.0225830078125 124
1694934854053 1128.005126953125 125
1694934854226 1143.1082763671875 126
1694934854401 1113.814208984375 127
1694934854576 1245.3485107421875 128
1694934854752 1121.890380859375 129
1694934854940 1113.4566650390625 130
1694934855116 1105.9521484375 131
1694934855291 1162.764404296875 132
1694934855476 1228.0142822265625 133
1694934855664 1090.5765380859375 134
1694934855848 1217.51611328125 135
1694934856033 1072.908203125 136
1694934856211 1099.301025390625 137
1694934856394 1174.82763671875 138
1694934856584 1209.343017578125 139
1694934856773 1203.861572265625 140
1694934856944 1073.4678955078125 141
1694934857127 1165.1634521484375 142
1694934857301 1088.0928955078125 143
1694934857475 1131.731201171875 144
1694934857649 1091.586181640625 145
1694934857825 1038.9951171875 146
1694934858001 1167.1611328125 147
1694934858172 1103.9638671875 148
1694934858346 1104.4697265625 149
1694934858529 1065.9803466796875 150
1694934858700 1190.111083984375 151
1694934858871 1105.421142578125 152
1694934859044 1101.82666015625 153
1694934859217 1066.4853515625 154
1694934859391 1052.0386962890625 155
1694934859564 1116.70068359375 156
1694934859738 1065.7535400390625 157
1694934859920 1121.32861328125 158
1694934860094 1065.001953125 159
1694934860266 1054.28076171875 160
1694934860440 1032.1849365234375 161
1694934860614 1062.57373046875 162
1694934860794 1060.45703125 163
1694934860981 1141.720947265625 164
1694934861168 1087.801513671875 165
1694934861355 1002.361572265625 166
1694934861544 1116.4296875 167
1694934861720 1075.19384765625 168
1694934861899 1065.116943359375 169
1694934862073 1044.2843017578125 170
1694934862246 1097.2471923828125 171
1694934862419 1063.5518798828125 172
1694934862592 1115.93701171875 173
1694934862765 959.89892578125 174
1694934862956 1008.6134033203125 175
1694934863147 1030.306884765625 176
1694934863335 949.262939453125 177
1694934863522 1044.542236328125 178
1694934863698 1065.51220703125 179
1694934863870 1052.1513671875 180
1694934864046 992.9662475585938 181
1694934864220 1011.87109375 182
1694934864393 1015.5760498046875 183
1694934864567 1011.9049072265625 184
1694934864740 1023.3438720703125 185
1694934864913 957.776123046875 186
1694934865086 1023.126220703125 187
1694934865259 1084.877685546875 188
1694934865433 1089.543212890625 189
1694934865605 1034.12353515625 190
1694934865778 995.5260009765625 191
1694934865949 996.2412109375 192
1694934866123 1025.036376953125 193
1694934866296 1081.5235595703125 194
1694934866470 1011.7124633789062 195
1694934866642 1063.84375 196
1694934866817 985.845703125 197
1694934866990 1007.094970703125 198
1694934867163 966.9425048828125 199
1694934867336 975.6552124023438 200
1694934870924 1080.4915771484375 201
1694934871097 946.309814453125 202
1694934871271 996.91650390625 203
1694934871446 947.4923095703125 204
1694934871619 1039.632568359375 205
1694934871803 1008.8447265625 206
1694934871976 990.6487426757812 207
1694934872148 934.7418212890625 208
1694934872321 958.7496337890625 209
1694934872508 1035.7738037109375 210
1694934872687 1017.8666381835938 211
1694934872867 918.8743286132812 212
1694934873056 994.8797607421875 213
1694934873246 1008.833984375 214
1694934873433 916.7423095703125 215
1694934873615 1139.816162109375 216
1694934873802 999.0355224609375 217
1694934873991 1045.3519287109375 218
1694934874183 976.9154663085938 219
1694934874375 991.5865478515625 220
1694934874565 958.7316284179688 221
1694934874753 984.4954223632812 222
1694934874926 922.3720703125 223
1694934875098 964.37451171875 224
1694934875268 961.5806274414062 225
1694934875439 942.77392578125 226
1694934875612 932.2150268554688 227
1694934875783 1037.1744384765625 228
1694934875973 988.1846313476562 229
1694934876164 951.3551025390625 230
1694934876353 927.5491333007812 231
1694934876550 864.0045166015625 232
1694934876741 916.9174194335938 233
1694934876935 912.3851318359375 234
1694934877116 950.4618530273438 235
1694934877288 992.8287353515625 236
1694934877459 927.672119140625 237
1694934877637 1018.832275390625 238
1694934877827 1057.2171630859375 239
1694934878002 984.032470703125 240
1694934878173 923.4527587890625 241
1694934878345 972.1864013671875 242
1694934878519 913.145263671875 243
1694934878690 873.5604248046875 244
1694934878876 954.607177734375 245
1694934879049 894.7786254882812 246
1694934879219 927.557861328125 247
1694934879392 912.91796875 248
1694934879565 982.4654541015625 249
1694934879739 997.546630859375 250
1694934879912 1027.91552734375 251
1694934880086 1029.438232421875 252
1694934880259 894.7437133789062 253
1694934880433 1009.3343505859375 254
1694934880608 971.763916015625 255
1694934880781 891.6786499023438 256
1694934880954 951.2738037109375 257
1694934881137 938.7916870117188 258
1694934881310 863.8385009765625 259
1694934881483 871.494384765625 260
1694934881656 860.7283325195312 261
1694934881828 924.4599609375 262
1694934882012 933.7645874023438 263
1694934882197 929.0060424804688 264
1694934882383 941.7440185546875 265
1694934882570 943.076416015625 266
1694934882756 887.4541015625 267
1694934882929 962.4549560546875 268
1694934883103 860.250732421875 269
1694934883277 1034.1529541015625 270
1694934883449 956.3552856445312 271
1694934883624 858.3787841796875 272
1694934883798 869.177978515625 273
1694934883971 942.8675537109375 274
1694934884145 939.373779296875 275
1694934884319 916.8308715820312 276
1694934884492 914.3582763671875 277
1694934884666 851.834716796875 278
1694934884846 926.767822265625 279
1694934885019 906.9235229492188 280
1694934885193 865.985107421875 281
1694934885366 933.39599609375 282
1694934885539 856.5150146484375 283
