1694171915369 0.9781607985496521 0
1694171917085 0.7947409152984619 1
1694171918743 0.7963817119598389 2
1694171920400 0.4919818043708801 3
1694171922053 0.3309005796909332 4
1694171923708 0.3286694586277008 5
1694171925353 0.339192658662796 6
1694171927018 0.2707359492778778 7
1694171928678 0.2852254807949066 8
1694171930322 0.2445019781589508 9
1694171931975 0.22456002235412598 10
1694171933631 0.2517481744289398 11
1694171935276 0.22836491465568542 12
1694171936943 0.24433332681655884 13
1694171938595 0.2248128056526184 14
1694171940405 0.2520182728767395 15
1694171942125 0.2410956770181656 16
1694171943866 0.22262302041053772 17
1694171945512 0.20735754072666168 18
1694171947158 0.1792374551296234 19
1694171948985 0.20912502706050873 20
1694171950710 0.2197374403476715 21
1694171952599 0.22307157516479492 22
1694171954305 0.1943502277135849 23
1694171956178 0.1541074961423874 24
1694171958181 0.19652165472507477 25
1694171960204 0.17364244163036346 26
1694171961878 0.19938111305236816 27
1694171963609 0.17243485152721405 28
1694171965282 0.17692309617996216 29
1694171967022 0.14529545605182648 30
1694171968743 0.22102342545986176 31
1694171970560 0.1804095357656479 32
1694171972454 0.20071037113666534 33
1694171974122 0.16861358284950256 34
1694171975792 0.15781523287296295 35
1694171977477 0.16316691040992737 36
1694171979150 0.16647781431674957 37
1694171980808 0.1570187658071518 38
1694171982701 0.14586740732192993 39
1694171984360 0.14977602660655975 40
1694171986019 0.13455915451049805 41
1694171987686 0.1365753561258316 42
1694171989350 0.1656634658575058 43
1694171991011 0.14105428755283356 44
1694171992922 0.15272554755210876 45
1694171994584 0.12221283465623856 46
1694171996241 0.17285838723182678 47
1694171998049 0.13742627203464508 48
1694171999725 0.11303975433111191 49
1694172001486 0.14807218313217163 50
1694172003192 0.14566776156425476 51
1694172004857 0.16405898332595825 52
1694172006514 0.13804621994495392 53
1694172008197 0.19851267337799072 54
1694172009849 0.13549678027629852 55
1694172011681 0.11589060723781586 56
1694172013456 0.1516096293926239 57
1694172015148 0.14228969812393188 58
1694172016819 0.11724530160427094 59
1694172018485 0.13868401944637299 60
1694172020164 0.14049340784549713 61
1694172021824 0.13251349329948425 62
1694172023484 0.13103848695755005 63
1694172025168 0.13581831753253937 64
1694172026836 0.13444176316261292 65
1694172028495 0.1201155036687851 66
1694172030188 0.15111401677131653 67
1694172031855 0.13463853299617767 68
1694172033514 0.11494480818510056 69
1694172035187 0.11006221920251846 70
1694172036848 0.14122159779071808 71
1694172038506 0.11415904760360718 72
1694172040175 0.1211593896150589 73
1694172041841 0.13051025569438934 74
1694172043506 0.12916651368141174 75
1694172045179 0.116001658141613 76
1694172046848 0.13163989782333374 77
1694172048506 0.0980357974767685 78
1694172050205 0.1082373708486557 79
1694172051869 0.11737844347953796 80
1694172053519 0.14181984961032867 81
1694172055186 0.11542294174432755 82
1694172056880 0.12041711062192917 83
1694172058544 0.12187683582305908 84
1694172060212 0.11099068075418472 85
1694172061874 0.13169501721858978 86
1694172063532 0.10612688213586807 87
1694172065199 0.12352370470762253 88
1694172066876 0.13445772230625153 89
1694172068625 0.0962664932012558 90
1694172070308 0.11553715169429779 91
1694172071949 0.12922196090221405 92
1694172073600 0.12564367055892944 93
1694172075265 0.1150280311703682 94
1694172076910 0.10636524111032486 95
1694172078552 0.09118834137916565 96
1694172080392 0.09979943186044693 97
1694172082259 0.07701811194419861 98
1694172083963 0.10757186263799667 99
1694172085792 0.1133141964673996 100
1694172087562 0.12130109965801239 101
1694172089295 0.1020459234714508 102
1694172091135 0.0834711417555809 103
1694172093138 0.093175508081913 104
1694172094857 0.09249179810285568 105
1694172096603 0.10566218942403793 106
1694172098434 0.10447371006011963 107
1694172100172 0.08244232088327408 108
1694172101957 0.099925197660923 109
1694172103738 0.08295003324747086 110
1694172105417 0.08381979167461395 111
1694172107087 0.09223761409521103 112
1694172108749 0.0869508758187294 113
1694172110431 0.10243991762399673 114
1694172112104 0.09634292870759964 115
1694172113801 0.08193062245845795 116
1694172115465 0.13028785586357117 117
1694172117131 0.10987596958875656 118
1694172118793 0.1045515388250351 119
1694172120453 0.13789939880371094 120
1694172122377 0.09255774319171906 121
1694172124057 0.10749686509370804 122
1694172125724 0.08248993009328842 123
1694172127383 0.12783300876617432 124
1694172129034 0.07557617127895355 125
1694172130690 0.10448028147220612 126
1694172132582 0.12372196465730667 127
1694172134247 0.08060213923454285 128
1694172135912 0.060933273285627365 129
1694172137578 0.0975901260972023 130
1694172139256 0.08611875027418137 131
1694172140919 0.08847453445196152 132
1694172142830 0.08390345424413681 133
1694172144490 0.0798778384923935 134
1694172146162 0.09360804408788681 135
1694172147826 0.08542963117361069 136
1694172149483 0.10570339858531952 137
1694172151141 0.10344886034727097 138
1694172153043 0.08924153447151184 139
1694172154706 0.07633810490369797 140
1694172156367 0.06361287087202072 141
1694172158024 0.10066034644842148 142
1694172159673 0.0909276232123375 143
1694172161333 0.09137189388275146 144
1694172163105 0.07940094918012619 145
1694172164779 0.12622179090976715 146
1694172166441 0.07376524060964584 147
1694172168099 0.07787283509969711 148
1694172169759 0.09114419668912888 149
1694172171640 0.07606220990419388 150
1694172173525 0.06574497371912003 151
1694172175462 0.07495833188295364 152
1694172177304 0.11081493645906448 153
1694172179107 0.08152349293231964 154
1694172180820 0.08349492400884628 155
1694172182733 0.0833754763007164 156
1694172184517 0.07379576563835144 157
1694172186421 0.11967504769563675 158
1694172188116 0.07509958744049072 159
1694172189797 0.10824402421712875 160
1694172191468 0.10626544803380966 161
1694172193135 0.11228569597005844 162
1694172194805 0.09123054146766663 163
1694172196483 0.08586128056049347 164
1694172198144 0.09155537933111191 165
1694172199803 0.09375892579555511 166
1694172201455 0.09972548484802246 167
1694172203140 0.11182700842618942 168
1694172204800 0.08817235380411148 169
1694172206473 0.09321902692317963 170
1694172208140 0.0872943177819252 171
1694172209937 0.09612511843442917 172
1694172211635 0.08485425263643265 173
1694172213306 0.07002606242895126 174
1694172214954 0.07125429809093475 175
1694172216625 0.06368326395750046 176
1694172218279 0.08091572672128677 177
1694172220021 0.06826324015855789 178
1694172221694 0.0620991513133049 179
1694172223361 0.060638923197984695 180
1694172225099 0.0727241039276123 181
1694172226768 0.10212476551532745 182
1694172228431 0.05705377832055092 183
1694172230099 0.07012501358985901 184
1694172231759 0.06144363433122635 185
1694172233414 0.10047682374715805 186
1694172235093 0.08457162231206894 187
1694172236760 0.07987111061811447 188
1694172238421 0.1016797423362732 189
1694172240094 0.09697925299406052 190
1694172241766 0.08190895617008209 191
1694172243541 0.08125630766153336 192
1694172245202 0.06736855953931808 193
1694172246852 0.0958966538310051 194
1694172248509 0.06701043248176575 195
1694172250165 0.07495713979005814 196
1694172251833 0.08547282963991165 197
1694172253487 0.08293206989765167 198
1694172255296 0.08891589939594269 199
1694172256959 0.06135993450880051 200
1694172258621 0.06549885123968124 201
1694172260285 0.07188092172145844 202
1694172261951 0.05102038383483887 203
1694172263610 0.08787772059440613 204
1694172265265 0.07248328626155853 205
1694172266923 0.10225003212690353 206
1694172268572 0.07448407262563705 207
1694172270274 0.059949297457933426 208
1694172271949 0.08318015933036804 209
1694172273672 0.10504262149333954 210
1694172275398 0.07692183554172516 211
1694172277068 0.06214353069663048 212
1694172278725 0.06886545568704605 213
1694172280385 0.07184994965791702 214
1694172282054 0.09178827702999115 215
1694172283716 0.07344183325767517 216
1694172285380 0.11768754571676254 217
1694172287044 0.1153484657406807 218
1694172288712 0.07385317236185074 219
1694172290360 0.0854756310582161 220
1694172292031 0.0685059055685997 221
1694172293692 0.08613449335098267 222
1694172295348 0.06874603778123856 223
1694172297115 0.059707190841436386 224
1694172298783 0.07366716116666794 225
1694172300438 0.07476231455802917 226
1694172302101 0.05458017811179161 227
1694172303814 0.0683237612247467 228
1694172305493 0.07352697849273682 229
1694172307175 0.06677291542291641 230
1694172308857 0.07502429932355881 231
1694172310510 0.07077396661043167 232
1694172312182 0.06478323042392731 233
1694172313851 0.06703644245862961 234
1694172315504 0.06031297892332077 235
1694172317179 0.07476206123828888 236
1694172318843 0.06299138814210892 237
1694172320504 0.05149875208735466 238
1694172322167 0.0693901851773262 239
1694172323832 0.09102184325456619 240
1694172325512 0.07165294885635376 241
1694172327185 0.08050155639648438 242
1694172328969 0.06943829357624054 243
1694172330647 0.09230954945087433 244
1694172332369 0.07369322329759598 245
1694172334355 0.07877888530492783 246
1694172336420 0.0631108507514 247
1694172338255 0.04243620112538338 248
1694172340058 0.0728839784860611 249
1694172341733 0.055530574172735214 250
1694172343399 0.06496939808130264 251
1694172345072 0.04096238315105438 252
1694172346731 0.06793239712715149 253
1694172348386 0.05737079679965973 254
1694172350041 0.07803110778331757 255
1694172351685 0.07630179822444916 256
1694172353339 0.05193842202425003 257
