1694171915371 1.6765042543411255 0
1694171917086 1.5211132764816284 1
1694171918744 1.388099193572998 2
1694171920401 1.2952277660369873 3
1694171922054 1.249464511871338 4
1694171923709 1.226070523262024 5
1694171925354 1.2246042490005493 6
1694171927019 1.1878427267074585 7
1694171928679 1.1549134254455566 8
1694171930323 1.1466327905654907 9
1694171931976 1.147049069404602 10
1694171933632 1.1696062088012695 11
1694171935277 1.173376202583313 12
1694171936945 1.1628186702728271 13
1694171938597 1.1607542037963867 14
1694171940406 1.1628302335739136 15
1694171942126 1.1584017276763916 16
1694171943868 1.1504473686218262 17
1694171945513 1.1546944379806519 18
1694171947159 1.1438570022583008 19
1694171948987 1.1446185111999512 20
1694171950711 1.139917254447937 21
1694171952600 1.130581259727478 22
1694171954307 1.125411868095398 23
1694171956179 1.1177328824996948 24
1694171958183 1.120063066482544 25
1694171960206 1.1097460985183716 26
1694171961880 1.1024181842803955 27
1694171963610 1.0992544889450073 28
1694171965283 1.0991120338439941 29
1694171967023 1.0956876277923584 30
1694171968744 1.0870875120162964 31
1694171970561 1.0846104621887207 32
1694171972455 1.0688070058822632 33
1694171974123 1.0783369541168213 34
1694171975793 1.086820363998413 35
1694171977478 1.0815156698226929 36
1694171979151 1.0665287971496582 37
1694171980809 1.0685614347457886 38
1694171982702 1.0529972314834595 39
1694171984362 1.0499811172485352 40
1694171986020 1.048828363418579 41
1694171987687 1.050776720046997 42
1694171989351 1.051220178604126 43
1694171991012 1.044394850730896 44
1694171992924 1.0511386394500732 45
1694171994585 1.051107406616211 46
1694171996242 1.0628472566604614 47
1694171998050 1.0572137832641602 48
1694171999726 1.0615631341934204 49
1694172001487 1.051322102546692 50
1694172003193 1.0473177433013916 51
1694172004858 1.0304605960845947 52
1694172006515 1.0330719947814941 53
1694172008198 1.0271413326263428 54
1694172009850 1.0330103635787964 55
1694172011682 1.0398454666137695 56
1694172013457 1.0437017679214478 57
1694172015150 1.0322028398513794 58
1694172016821 1.0292268991470337 59
1694172018487 1.0243425369262695 60
1694172020165 1.029242992401123 61
1694172021825 1.0242486000061035 62
1694172023485 1.0287643671035767 63
1694172025169 1.0270664691925049 64
1694172026838 1.0152332782745361 65
1694172028496 1.0298407077789307 66
1694172030189 1.0177781581878662 67
1694172031857 1.0149779319763184 68
1694172033515 1.0212122201919556 69
1694172035188 1.0368454456329346 70
1694172036849 1.042266845703125 71
1694172038507 1.0399367809295654 72
1694172040177 1.0369672775268555 73
1694172041842 1.0373151302337646 74
1694172043507 1.0367796421051025 75
1694172045181 1.0258349180221558 76
1694172046849 1.0241941213607788 77
1694172048507 1.0232805013656616 78
1694172050206 1.0201250314712524 79
1694172051870 1.0256675481796265 80
1694172053521 1.0246634483337402 81
1694172055188 1.0135358572006226 82
1694172056881 1.006988286972046 83
1694172058545 1.009232521057129 84
1694172060213 0.9975036978721619 85
1694172061875 1.0036461353302002 86
1694172063533 1.000344157218933 87
1694172065200 1.0108531713485718 88
1694172066877 1.0002806186676025 89
1694172068627 0.9940363764762878 90
1694172070309 0.9954749345779419 91
1694172071950 0.9913503527641296 92
1694172073601 0.9908342957496643 93
1694172075267 0.9737266302108765 94
1694172076911 0.9843074679374695 95
1694172078553 0.9897445440292358 96
1694172080393 1.000101089477539 97
1694172082261 0.9967951774597168 98
1694172083965 0.9939286112785339 99
1694172085793 0.9883551001548767 100
1694172087563 0.994172990322113 101
1694172089296 0.9860792756080627 102
1694172091137 0.9840944409370422 103
1694172093139 0.9717711806297302 104
1694172094858 0.977354884147644 105
1694172096604 0.978358805179596 106
1694172098435 0.9946104288101196 107
1694172100173 0.9826986789703369 108
1694172101958 0.9910794496536255 109
1694172103740 0.9793378710746765 110
1694172105418 0.981965184211731 111
1694172107088 0.9773025512695312 112
1694172108751 0.9653278589248657 113
1694172110432 0.9684799909591675 114
1694172112105 0.9641003608703613 115
1694172113802 0.9571969509124756 116
1694172115466 0.9831021428108215 117
1694172117132 0.9779534935951233 118
1694172118795 0.9891490936279297 119
1694172120455 0.9869217872619629 120
1694172122378 0.9663339257240295 121
1694172124058 0.9482374787330627 122
1694172125726 0.9580845832824707 123
1694172127384 0.9580754041671753 124
1694172129035 0.9577044248580933 125
1694172130691 0.9416815042495728 126
1694172132584 0.9447481632232666 127
1694172134248 0.9476265907287598 128
1694172135914 0.9469426274299622 129
1694172137579 0.9635505080223083 130
1694172139258 0.9585683941841125 131
1694172140920 0.9489912986755371 132
1694172142831 0.9443245530128479 133
1694172144491 0.9437379240989685 134
1694172146163 0.945190966129303 135
1694172147827 0.9384613037109375 136
1694172149484 0.9374310374259949 137
1694172151142 0.9335520267486572 138
1694172153044 0.9402087926864624 139
1694172154708 0.9419714212417603 140
1694172156369 0.9323875308036804 141
1694172158026 0.9305815100669861 142
1694172159674 0.9273601174354553 143
1694172161334 0.9488136172294617 144
1694172163106 0.9372429251670837 145
1694172164780 0.9167162179946899 146
1694172166443 0.936357319355011 147
1694172168100 0.9260302186012268 148
1694172169760 0.9398970603942871 149
1694172171641 0.945612370967865 150
1694172173526 0.94963139295578 151
1694172175463 0.9585768580436707 152
1694172177305 0.9310754537582397 153
1694172179109 0.9284506440162659 154
1694172180821 0.9156081080436707 155
1694172182735 0.9128931164741516 156
1694172184519 0.9175934791564941 157
1694172186422 0.925037682056427 158
1694172188117 0.8957678079605103 159
1694172189799 0.8867917656898499 160
1694172191469 0.887889564037323 161
1694172193136 0.8955265879631042 162
1694172194806 0.9139611124992371 163
1694172196484 0.9056995511054993 164
1694172198145 0.8941728472709656 165
1694172199805 0.889838457107544 166
1694172201456 0.8983332514762878 167
1694172203142 0.9167101979255676 168
1694172204801 0.9178469777107239 169
1694172206474 0.9134254455566406 170
1694172208141 0.8972804546356201 171
1694172209938 0.9056789875030518 172
1694172211636 0.9056857824325562 173
1694172213307 0.9173344969749451 174
1694172214955 0.9375941157341003 175
1694172216626 0.9357761740684509 176
1694172218280 0.9308485388755798 177
1694172220022 0.9145894050598145 178
1694172221696 0.9133785963058472 179
1694172223362 0.9108156561851501 180
1694172225100 0.9237242937088013 181
1694172226769 0.9036515951156616 182
1694172228432 0.9029732942581177 183
1694172230101 0.9078550934791565 184
1694172231761 0.9057908058166504 185
1694172233415 0.9088273644447327 186
1694172235094 0.9018878936767578 187
1694172236761 0.9010681509971619 188
1694172238422 0.9002131819725037 189
1694172240095 0.9128236174583435 190
1694172241767 0.8992267847061157 191
1694172243542 0.8863353133201599 192
1694172245204 0.9013518691062927 193
1694172246854 0.9254329800605774 194
1694172248511 0.9150553345680237 195
1694172250167 0.9010076522827148 196
1694172251834 0.8981719613075256 197
1694172253488 0.8934335708618164 198
1694172255298 0.9046475291252136 199
1694172256960 0.895228922367096 200
1694172258623 0.8898534774780273 201
1694172260286 0.8888948559761047 202
1694172261952 0.8957711458206177 203
1694172263611 0.8989278674125671 204
1694172265266 0.9147188663482666 205
1694172266924 0.905192494392395 206
1694172268573 0.870826780796051 207
1694172270275 0.8588720560073853 208
1694172271950 0.858834445476532 209
1694172273673 0.8645257949829102 210
1694172275400 0.8688352108001709 211
1694172277070 0.8719360828399658 212
1694172278726 0.8794570565223694 213
1694172280386 0.8811544179916382 214
1694172282055 0.8703003525733948 215
1694172283717 0.8872327208518982 216
1694172285381 0.8970339298248291 217
1694172287045 0.890590250492096 218
1694172288713 0.8482977747917175 219
1694172290361 0.8450968861579895 220
1694172292032 0.8687540888786316 221
1694172293693 0.8771247267723083 222
1694172295350 0.8762611746788025 223
1694172297116 0.8545551300048828 224
1694172298784 0.8382762670516968 225
1694172300440 0.8231177926063538 226
1694172302103 0.832767128944397 227
1694172303815 0.8508363366127014 228
1694172305495 0.8638333082199097 229
1694172307176 0.8548937439918518 230
1694172308858 0.8309672474861145 231
1694172310512 0.8110710978507996 232
1694172312183 0.8030871748924255 233
1694172313853 0.8008554577827454 234
1694172315506 0.8284721374511719 235
1694172317180 0.8215108513832092 236
1694172318844 0.8221465945243835 237
1694172320505 0.8280124664306641 238
1694172322169 0.8792513608932495 239
1694172323834 0.8589905500411987 240
1694172325513 0.8356083631515503 241
1694172327186 0.8371663689613342 242
1694172328970 0.8801864981651306 243
1694172330649 0.9105132818222046 244
1694172332371 0.8875666856765747 245
1694172334357 0.8522712588310242 246
1694172336421 0.8199853301048279 247
1694172338257 0.8064396381378174 248
1694172340059 0.7972925305366516 249
1694172341734 0.7991330623626709 250
1694172343400 0.78762286901474 251
1694172345073 0.781055748462677 252
1694172346732 0.7985901236534119 253
1694172348387 0.8014318943023682 254
1694172350042 0.7940985560417175 255
1694172351686 0.7890288829803467 256
1694172353340 0.7806341052055359 257
