1694171915373 2.654664993286133 0
1694171917087 2.315854072570801 1
1694171918745 2.184480905532837 2
1694171920408 1.7872095108032227 3
1694171922056 1.5803650617599487 4
1694171923710 1.5547399520874023 5
1694171925355 1.563796877861023 6
1694171927020 1.4585787057876587 7
1694171928680 1.4401389360427856 8
1694171930324 1.3911347389221191 9
1694171931977 1.371609091758728 10
1694171933633 1.4213544130325317 11
1694171935278 1.4017411470413208 12
1694171936946 1.4071519374847412 13
1694171938598 1.3855669498443604 14
1694171940407 1.4148485660552979 15
1694171942128 1.399497389793396 16
1694171943869 1.3730703592300415 17
1694171945514 1.3620519638061523 18
1694171947161 1.3230944871902466 19
1694171948988 1.353743553161621 20
1694171950712 1.3596546649932861 21
1694171952602 1.353652834892273 22
1694171954308 1.319762110710144 23
1694171956181 1.2718403339385986 24
1694171958184 1.3165847063064575 25
1694171960207 1.2833884954452515 26
1694171961881 1.3017992973327637 27
1694171963611 1.2716892957687378 28
1694171965284 1.2760350704193115 29
1694171967024 1.2409831285476685 30
1694171968745 1.3081109523773193 31
1694171970562 1.2650200128555298 32
1694171972456 1.269517421722412 33
1694171974125 1.2469505071640015 34
1694171975794 1.2446355819702148 35
1694171977485 1.2446825504302979 36
1694171979152 1.2330065965652466 37
1694171980810 1.2255802154541016 38
1694171982703 1.1988646984100342 39
1694171984363 1.1997570991516113 40
1694171986021 1.1833875179290771 41
1694171987688 1.1873520612716675 42
1694171989352 1.216883659362793 43
1694171991013 1.1854491233825684 44
1694171992925 1.2038642168045044 45
1694171994586 1.1733202934265137 46
1694171996244 1.2357056140899658 47
1694171998051 1.194640040397644 48
1694171999727 1.1746028661727905 49
1694172001488 1.1993942260742188 50
1694172003194 1.1929855346679688 51
1694172004859 1.1945195198059082 52
1694172006521 1.1711182594299316 53
1694172008199 1.2256540060043335 54
1694172009851 1.1685070991516113 55
1694172011683 1.1557360887527466 56
1694172013459 1.195311427116394 57
1694172015151 1.174492597579956 58
1694172016822 1.1464722156524658 59
1694172018488 1.1630265712738037 60
1694172020166 1.169736385345459 61
1694172021827 1.1567621231079102 62
1694172023486 1.1598029136657715 63
1694172025170 1.1628848314285278 64
1694172026839 1.1496750116348267 65
1694172028497 1.149956226348877 66
1694172030190 1.1688921451568604 67
1694172031858 1.1496164798736572 68
1694172033516 1.1361570358276367 69
1694172035189 1.1469076871871948 70
1694172036850 1.1834884881973267 71
1694172038508 1.1540958881378174 72
1694172040178 1.158126711845398 73
1694172041843 1.1678253412246704 74
1694172043508 1.165946125984192 75
1694172045182 1.1418365240097046 76
1694172046850 1.1558339595794678 77
1694172048508 1.1213163137435913 78
1694172050207 1.1283624172210693 79
1694172051876 1.1430460214614868 80
1694172053522 1.1664832830429077 81
1694172055189 1.128958821296692 82
1694172056887 1.1274054050445557 83
1694172058546 1.131109356880188 84
1694172060214 1.1084944009780884 85
1694172061876 1.1353411674499512 86
1694172063534 1.106471061706543 87
1694172065201 1.134376883506775 88
1694172066883 1.1347383260726929 89
1694172068628 1.09030282497406 90
1694172070310 1.1110121011734009 91
1694172071951 1.1205723285675049 92
1694172073602 1.1164779663085938 93
1694172075268 1.088754653930664 94
1694172076912 1.0906727313995361 95
1694172078554 1.080932855606079 96
1694172080394 1.099900484085083 97
1694172082262 1.0738133192062378 98
1694172083966 1.1015005111694336 99
1694172085794 1.1016693115234375 100
1694172087564 1.1154741048812866 101
1694172089297 1.088125228881836 102
1694172091138 1.0675655603408813 103
1694172093140 1.0649466514587402 104
1694172094859 1.0698466300964355 105
1694172096605 1.084020972251892 106
1694172098436 1.0990841388702393 107
1694172100174 1.065140962600708 108
1694172101959 1.0910046100616455 109
1694172103741 1.0622879266738892 110
1694172105419 1.0657849311828613 111
1694172107089 1.0695401430130005 112
1694172108752 1.052278757095337 113
1694172110433 1.0709198713302612 114
1694172112106 1.0604432821273804 115
1694172113803 1.0391275882720947 116
1694172115468 1.1133899688720703 117
1694172117133 1.0878294706344604 118
1694172118796 1.093700647354126 119
1694172120456 1.1248211860656738 120
1694172122379 1.0588916540145874 121
1694172124059 1.055734395980835 122
1694172125727 1.040574550628662 123
1694172127385 1.0859084129333496 124
1694172129036 1.033280611038208 125
1694172130693 1.0461617708206177 126
1694172132585 1.0684701204299927 127
1694172134249 1.028228759765625 128
1694172135915 1.007875919342041 129
1694172137580 1.0611406564712524 130
1694172139259 1.0446871519088745 131
1694172140922 1.0374658107757568 132
1694172142832 1.0282280445098877 133
1694172144492 1.0236157178878784 134
1694172146164 1.0387990474700928 135
1694172147828 1.0238909721374512 136
1694172149485 1.0431344509124756 137
1694172151143 1.0370008945465088 138
1694172153045 1.0294502973556519 139
1694172154709 1.018309473991394 140
1694172156370 0.9960004091262817 141
1694172158027 1.0312418937683105 142
1694172159676 1.0182877779006958 143
1694172161335 1.0401854515075684 144
1694172163107 1.0166438817977905 145
1694172164781 1.042937994003296 146
1694172166444 1.010122537612915 147
1694172168101 1.0039030313491821 148
1694172169761 1.0310412645339966 149
1694172171642 1.021674633026123 150
1694172173528 1.015376329421997 151
1694172175464 1.0335352420806885 152
1694172177306 1.0418903827667236 153
1694172179110 1.0099741220474243 154
1694172180822 0.9991030097007751 155
1694172182736 0.9962685704231262 156
1694172184520 0.991389274597168 157
1694172186423 1.044712781906128 158
1694172188118 0.970867395401001 159
1694172189800 0.9950357675552368 160
1694172191470 0.9941549897193909 161
1694172193138 1.007812261581421 162
1694172194807 1.005191683769226 163
1694172196485 0.9915608167648315 164
1694172198146 0.9857282042503357 165
1694172199806 0.9835973978042603 166
1694172201457 0.9980587363243103 167
1694172203143 1.0285371541976929 168
1694172204802 1.0060193538665771 169
1694172206475 1.0066444873809814 170
1694172208142 0.9845747947692871 171
1694172209939 1.0018041133880615 172
1694172211637 0.9905400276184082 173
1694172213308 0.9873605370521545 174
1694172214956 1.0088484287261963 175
1694172216627 0.999459445476532 176
1694172218281 1.0117642879486084 177
1694172220023 0.9828526377677917 178
1694172221697 0.9754777550697327 179
1694172223363 0.9714545607566833 180
1694172225101 0.9964483976364136 181
1694172226770 1.0057764053344727 182
1694172228433 0.9600270986557007 183
1694172230102 0.9779801368713379 184
1694172231762 0.9672344326972961 185
1694172233416 1.009304165840149 186
1694172235095 0.986459493637085 187
1694172236762 0.9809392690658569 188
1694172238423 1.0018929243087769 189
1694172240096 1.0098028182983398 190
1694172241768 0.9811357259750366 191
1694172243543 0.9675916433334351 192
1694172245205 0.9687204360961914 193
1694172246855 1.021329641342163 194
1694172248512 0.9820657968521118 195
1694172250168 0.9759647846221924 196
1694172251835 0.9836447834968567 197
1694172253489 0.9763656258583069 198
1694172255299 0.9935634136199951 199
1694172256966 0.956588864326477 200
1694172258624 0.9553523063659668 201
1694172260287 0.9607757925987244 202
1694172261953 0.9467915296554565 203
1694172263617 0.9868055582046509 204
1694172265267 0.9872021675109863 205
1694172266925 1.0074424743652344 206
1694172268574 0.9453108310699463 207
1694172270276 0.9188213348388672 208
1694172271951 0.9420145750045776 209
1694172273674 0.9695684313774109 210
1694172275401 0.9457570314407349 211
1694172277071 0.9340795874595642 212
1694172278727 0.9483225345611572 213
1694172280387 0.9530043601989746 214
1694172282056 0.9620886445045471 215
1694172283718 0.960674524307251 216
1694172285382 1.0147215127944946 217
1694172287052 1.0059387683868408 218
1694172288715 0.9221509695053101 219
1694172290363 0.930572509765625 220
1694172292033 0.9372599720954895 221
1694172293694 0.963259220123291 222
1694172295351 0.9450072050094604 223
1694172297117 0.9142622947692871 224
1694172298786 0.9119434356689453 225
1694172300441 0.8978800773620605 226
1694172302104 0.8873472809791565 227
1694172303816 0.9191601276397705 228
1694172305496 0.9373602867126465 229
1694172307177 0.92166668176651 230
1694172308859 0.9059915542602539 231
1694172310513 0.8818450570106506 232
1694172312184 0.8678703904151917 233
1694172313854 0.8678919076919556 234
1694172315507 0.8887851238250732 235
1694172317181 0.8962728977203369 236
1694172318845 0.8851379752159119 237
1694172320506 0.8795112371444702 238
1694172322170 0.9486415386199951 239
1694172323835 0.9500123858451843 240
1694172325514 0.907261312007904 241
1694172327187 0.9176679253578186 242
1694172328971 0.94962477684021 243
1694172330650 1.0028228759765625 244
1694172332372 0.9612599015235901 245
1694172334358 0.9310501217842102 246
1694172336423 0.8830961585044861 247
1694172338258 0.8488758206367493 248
1694172340060 0.8701764941215515 249
1694172341735 0.854663610458374 250
1694172343401 0.8525922894477844 251
1694172345074 0.8220181465148926 252
1694172346733 0.8665225505828857 253
1694172348388 0.8588026762008667 254
1694172350044 0.8721296787261963 255
1694172351687 0.865330696105957 256
1694172353341 0.8325725197792053 257
