1695149474456 1808.86376953125 0
1695149478503 1515.5238037109375 1
1695149478966 2401.160400390625 2
1695149479425 1946.8680419921875 3
1695149479891 1464.37109375 4
1695149480350 1930.9530029296875 5
1695149480811 1470.6578369140625 6
1695149481269 1908.5299072265625 7
1695149481727 1400.6419677734375 8
1695149482230 3001.560302734375 9
1695149482748 2045.5537109375 10
1695149483224 1757.9444580078125 11
1695149483730 2864.55859375 12
1695149484245 1406.473388671875 13
1695149484763 1698.427001953125 14
1695149485232 1413.4920654296875 15
1695149485704 1835.0479736328125 16
