1694170780527 0.9781607985496521 0
1694170782360 0.7959439754486084 1
1694170784313 0.7909032106399536 2
1694170786214 0.49597784876823425 3
1694170787990 0.33224061131477356 4
1694170789775 0.34612351655960083 5
1694170791697 0.3407159149646759 6
1694170793703 0.2735483944416046 7
1694170795718 0.28024736046791077 8
1694170797532 0.2519262731075287 9
1694170799456 0.22719338536262512 10
1694170801330 0.25861144065856934 11
1694170803257 0.23186081647872925 12
1694170805059 0.24810825288295746 13
1694170806918 0.22726298868656158 14
1694170808728 0.25370505452156067 15
1694170810545 0.24306100606918335 16
1694170812353 0.22368112206459045 17
1694170814178 0.21235531568527222 18
1694170816004 0.18455788493156433 19
1694170817842 0.20755860209465027 20
1694170819850 0.22296921908855438 21
1694170821702 0.22697480022907257 22
1694170823489 0.20513585209846497 23
1694170825266 0.14756372570991516 24
1694170827030 0.20566792786121368 25
1694170828816 0.1662919819355011 26
1694170830614 0.19221395254135132 27
1694170832374 0.16392432153224945 28
1694170834148 0.18461394309997559 29
1694170835919 0.1501603126525879 30
1694170837690 0.2227584719657898 31
1694170839741 0.1769489347934723 32
1694170841532 0.20010307431221008 33
1694170843317 0.17684519290924072 34
1694170845100 0.16181597113609314 35
1694170846879 0.16060768067836761 36
1694170848649 0.15252305567264557 37
1694170850457 0.16567261517047882 38
1694170852233 0.15265703201293945 39
1694170853997 0.14806902408599854 40
1694170855769 0.13668909668922424 41
1694170857543 0.136928528547287 42
1694170859488 0.16157081723213196 43
1694170861267 0.14615952968597412 44
1694170863044 0.14862960577011108 45
1694170864813 0.12271063029766083 46
1694170866588 0.17643064260482788 47
1694170868366 0.12255516648292542 48
1694170870164 0.11004848778247833 49
1694170871943 0.15369443595409393 50
1694170873738 0.16168738901615143 51
1694170875513 0.18172778189182281 52
1694170877298 0.14012283086776733 53
1694170879258 0.19247041642665863 54
1694170881047 0.1490238606929779 55
1694170882845 0.11353651434183121 56
1694170884633 0.146139994263649 57
1694170886412 0.15619443356990814 58
1694170888185 0.12939804792404175 59
1694170890041 0.13063263893127441 60
1694170891824 0.14118263125419617 61
1694170893602 0.13510927557945251 62
1694170895381 0.1333211064338684 63
1694170897169 0.1360909789800644 64
1694170899057 0.1324356496334076 65
1694170900848 0.11488328874111176 66
1694170902629 0.13688971102237701 67
1694170904396 0.1367304027080536 68
1694170906162 0.1183333694934845 69
1694170907926 0.12136180698871613 70
1694170909876 0.1365756243467331 71
1694170911652 0.09843683987855911 72
1694170913439 0.14900052547454834 73
1694170915219 0.13009366393089294 74
1694170916996 0.16203419864177704 75
1694170918787 0.12981992959976196 76
1694170920617 0.14559617638587952 77
1694170922408 0.10552600771188736 78
1694170924218 0.13549932837486267 79
1694170926003 0.13512040674686432 80
1694170927784 0.1299033910036087 81
1694170929736 0.1109844371676445 82
1694170931513 0.13334785401821136 83
1694170933300 0.14196351170539856 84
1694170935093 0.10602255165576935 85
1694170936861 0.1336497664451599 86
1694170938623 0.12058628350496292 87
1694170940440 0.12803246080875397 88
1694170942222 0.12317106127738953 89
1694170944089 0.09669621288776398 90
1694170945870 0.1295071393251419 91
1694170947654 0.14490482211112976 92
1694170949599 0.11667276918888092 93
1694170951388 0.10544256865978241 94
1694170953189 0.09710975736379623 95
1694170955013 0.08906802535057068 96
1694170956806 0.11983504146337509 97
1694170958595 0.08973295986652374 98
1694170960446 0.1102108284831047 99
1694170962257 0.1046433225274086 100
1694170964072 0.11190563440322876 101
1694170965870 0.10983432829380035 102
1694170967648 0.0902850478887558 103
1694170969546 0.10128583014011383 104
1694170971338 0.09375328570604324 105
1694170973129 0.10298676043748856 106
1694170974912 0.10165224224328995 107
1694170976714 0.10013467073440552 108
1694170978502 0.10743565857410431 109
1694170980299 0.10509729385375977 110
1694170982104 0.09231314808130264 111
1694170983900 0.1148575097322464 112
1694170985696 0.09180861711502075 113
1694170987486 0.10452493280172348 114
1694170989282 0.11042523384094238 115
1694170991077 0.10691815614700317 116
1694170992865 0.12958595156669617 117
1694170994643 0.13614889979362488 118
1694170996438 0.11869198083877563 119
1694170998217 0.16055120527744293 120
1694171000025 0.09048503637313843 121
1694171001899 0.10811693966388702 122
1694171003699 0.08705995976924896 123
1694171005515 0.11790129542350769 124
1694171007312 0.08099843561649323 125
1694171009287 0.12353836745023727 126
1694171011080 0.1193205863237381 127
1694171012963 0.08367526531219482 128
1694171014825 0.0682116225361824 129
1694171016708 0.11205265671014786 130
1694171018589 0.08137715607881546 131
1694171020510 0.10488377511501312 132
1694171022294 0.09622003883123398 133
1694171024078 0.09101807326078415 134
1694171025870 0.09738016873598099 135
1694171027649 0.08399496972560883 136
1694171029616 0.10481176525354385 137
1694171031472 0.12490732222795486 138
1694171033321 0.11691176146268845 139
1694171035101 0.0682656392455101 140
1694171037015 0.07787389308214188 141
1694171038830 0.10005414485931396 142
1694171040620 0.08872652798891068 143
1694171042436 0.09283091127872467 144
1694171044306 0.09352075308561325 145
1694171046114 0.1275593638420105 146
1694171047948 0.09779350459575653 147
1694171049768 0.08555668592453003 148
1694171051565 0.09372556954622269 149
1694171053393 0.10852105915546417 150
1694171055233 0.10220294445753098 151
1694171057087 0.10346858203411102 152
1694171058936 0.12624487280845642 153
1694171060799 0.08763862401247025 154
1694171062759 0.0799681544303894 155
1694171064555 0.09778545051813126 156
1694171066344 0.09697169810533524 157
1694171068228 0.1116972416639328 158
1694171070025 0.08934154361486435 159
