1694170780529 1.6765042543411255 0
1694170782361 1.5313740968704224 1
1694170784314 1.3986051082611084 2
1694170786215 1.3084795475006104 3
1694170787991 1.2771321535110474 4
1694170789776 1.250329852104187 5
1694170791698 1.2427245378494263 6
1694170793704 1.2109178304672241 7
1694170795719 1.1896926164627075 8
1694170797533 1.1887682676315308 9
1694170799457 1.1928596496582031 10
1694170801331 1.2390285730361938 11
1694170803258 1.2591137886047363 12
1694170805060 1.2692458629608154 13
1694170806919 1.3050907850265503 14
1694170808730 1.3472946882247925 15
1694170810546 1.3650559186935425 16
1694170812354 1.4270638227462769 17
1694170814179 1.5144598484039307 18
1694170816005 1.505073070526123 19
1694170817844 1.6352652311325073 20
1694170819851 1.6751638650894165 21
1694170821703 1.781291127204895 22
1694170823490 1.8847873210906982 23
1694170825268 1.9240708351135254 24
1694170827031 1.9939121007919312 25
1694170828817 1.9991835355758667 26
1694170830615 2.1252572536468506 27
1694170832375 2.2989323139190674 28
1694170834149 2.438133955001831 29
1694170835920 2.467216968536377 30
1694170837691 2.595350980758667 31
1694170839742 2.6419849395751953 32
1694170841533 2.79819917678833 33
1694170843318 2.8264217376708984 34
1694170845101 2.853593349456787 35
1694170846880 2.93959379196167 36
1694170848650 3.0965018272399902 37
1694170850458 3.0607457160949707 38
1694170852234 3.2398247718811035 39
1694170853998 3.222895383834839 40
1694170855770 3.1216702461242676 41
1694170857544 3.0919926166534424 42
1694170859489 3.0682225227355957 43
1694170861268 3.323535680770874 44
1694170863045 3.236459493637085 45
1694170864814 3.203129768371582 46
1694170866590 3.3160932064056396 47
1694170868367 3.475961923599243 48
1694170870165 3.4327728748321533 49
1694170871944 3.5210795402526855 50
1694170873739 3.4746506214141846 51
1694170875515 3.5321922302246094 52
1694170877300 3.445809841156006 53
1694170879260 3.624070644378662 54
1694170881048 3.6668097972869873 55
1694170882846 3.6693050861358643 56
1694170884634 3.682873487472534 57
1694170886413 3.7286136150360107 58
1694170888186 3.6530838012695312 59
1694170890043 3.5270891189575195 60
1694170891825 3.617542266845703 61
1694170893603 3.68603253364563 62
1694170895382 3.7330925464630127 63
1694170897170 3.6659438610076904 64
1694170899058 3.6650991439819336 65
1694170900849 3.749694585800171 66
1694170902630 3.7019271850585938 67
1694170904397 3.870429754257202 68
1694170906163 3.7871687412261963 69
1694170907927 3.5698158740997314 70
1694170909877 3.5139598846435547 71
1694170911653 3.5629239082336426 72
1694170913440 3.5709314346313477 73
1694170915221 3.633105993270874 74
1694170916997 3.768216133117676 75
1694170918789 3.8317933082580566 76
1694170920618 3.7383105754852295 77
1694170922409 3.700303792953491 78
1694170924219 3.585456371307373 79
1694170926004 3.562821388244629 80
1694170927786 3.4960341453552246 81
1694170929737 3.477956771850586 82
1694170931514 3.249706983566284 83
1694170933302 3.236018657684326 84
1694170935095 3.273097038269043 85
1694170936862 3.261664867401123 86
1694170938624 3.2057814598083496 87
1694170940441 3.050717353820801 88
1694170942223 2.9238553047180176 89
1694170944091 2.8330299854278564 90
1694170945871 2.9011752605438232 91
1694170947655 2.7568278312683105 92
1694170949600 2.72245454788208 93
1694170951389 2.722907543182373 94
1694170953190 2.687770128250122 95
1694170955014 2.6389412879943848 96
1694170956807 2.611764430999756 97
1694170958596 2.661961793899536 98
1694170960447 2.7036476135253906 99
1694170962258 2.77767014503479 100
1694170964073 2.8522884845733643 101
1694170965872 3.007434606552124 102
1694170967649 2.910315990447998 103
1694170969548 2.890982151031494 104
1694170971339 3.0222692489624023 105
1694170973130 3.236931085586548 106
1694170974914 3.3501319885253906 107
1694170976715 3.238355875015259 108
1694170978503 3.4696247577667236 109
1694170980301 3.663355588912964 110
1694170982105 3.5895583629608154 111
1694170983902 3.387026071548462 112
1694170985697 3.47229266166687 113
1694170987487 3.5793912410736084 114
1694170989283 3.585195541381836 115
1694170991078 3.5801026821136475 116
1694170992866 3.49273681640625 117
1694170994645 3.4740002155303955 118
1694170996439 3.428206443786621 119
1694170998218 3.345876455307007 120
1694171000026 3.4823484420776367 121
1694171001901 3.5721325874328613 122
1694171003700 3.572960376739502 123
1694171005516 3.591487169265747 124
1694171007314 3.6522185802459717 125
1694171009288 3.7749483585357666 126
1694171011081 3.691688060760498 127
1694171012965 3.77843976020813 128
1694171014826 3.75594162940979 129
1694171016709 3.8320367336273193 130
1694171018590 3.89174222946167 131
1694171020511 4.008078098297119 132
1694171022295 4.00956392288208 133
1694171024079 4.06138801574707 134
1694171025871 4.1391754150390625 135
1694171027650 4.134324073791504 136
1694171029618 4.113607406616211 137
1694171031473 4.010856628417969 138
1694171033322 3.97922420501709 139
1694171035102 4.101658821105957 140
1694171037017 4.092418670654297 141
1694171038831 3.9621798992156982 142
1694171040621 3.9232425689697266 143
1694171042437 3.837815999984741 144
1694171044308 3.84475040435791 145
1694171046115 3.9059925079345703 146
1694171047949 3.735740900039673 147
1694171049769 3.7766523361206055 148
1694171051567 3.7488932609558105 149
1694171053394 3.7010228633880615 150
1694171055234 3.6084935665130615 151
1694171057088 3.6207666397094727 152
1694171058938 3.6073408126831055 153
1694171060800 3.4151611328125 154
1694171062760 3.40753173828125 155
1694171064557 3.2802813053131104 156
1694171066346 3.1145801544189453 157
1694171068230 3.0832505226135254 158
1694171070026 3.0468320846557617 159
