1694170780530 2.654664993286133 0
1694170782362 2.3273181915283203 1
1694170784315 2.1895084381103516 2
1694170786216 1.804457426071167 3
1694170787992 1.6093727350234985 4
1694170789777 1.5964534282684326 5
1694170791700 1.5834404230117798 6
1694170793705 1.4844661951065063 7
1694170795720 1.469939947128296 8
1694170797535 1.4406945705413818 9
1694170799458 1.4200530052185059 10
1694170801332 1.4976400136947632 11
1694170803260 1.4909746646881104 12
1694170805061 1.517354130744934 13
1694170806921 1.5323537588119507 14
1694170808731 1.6009997129440308 15
1694170810547 1.608116865158081 16
1694170812355 1.650744915008545 17
1694170814180 1.7268152236938477 18
1694170816006 1.6896309852600098 19
1694170817845 1.84282386302948 20
1694170819852 1.8981330394744873 21
1694170821704 2.008265972137451 22
1694170823491 2.089923143386841 23
1694170825269 2.071634531021118 24
1694170827032 2.199579954147339 25
1694170828818 2.165475606918335 26
1694170830617 2.3174712657928467 27
1694170832376 2.4628565311431885 28
1694170834150 2.6227478981018066 29
1694170835921 2.617377281188965 30
1694170837692 2.8181095123291016 31
1694170839743 2.8189339637756348 32
1694170841534 2.9983022212982178 33
1694170843319 3.0032668113708496 34
1694170845102 3.015409231185913 35
1694170846882 3.100201368331909 36
1694170848652 3.2490248680114746 37
1694170850459 3.2264182567596436 38
1694170852235 3.392481803894043 39
1694170853999 3.370964527130127 40
1694170855771 3.258359432220459 41
1694170857545 3.2289211750030518 42
1694170859490 3.2297933101654053 43
1694170861269 3.4696950912475586 44
1694170863046 3.385089159011841 45
1694170864815 3.325840473175049 46
1694170866591 3.4925239086151123 47
1694170868368 3.5985171794891357 48
1694170870167 3.5428214073181152 49
1694170871945 3.674773931503296 50
1694170873741 3.636337995529175 51
1694170875521 3.7139201164245605 52
1694170877301 3.585932731628418 53
1694170879261 3.8165409564971924 54
1694170881055 3.815833568572998 55
1694170882847 3.782841682434082 56
1694170884635 3.8290135860443115 57
1694170886420 3.88480806350708 58
1694170888187 3.7824819087982178 59
1694170890044 3.657721757888794 60
1694170891826 3.7587249279022217 61
1694170893604 3.8211417198181152 62
1694170895383 3.8664135932922363 63
1694170897171 3.802034854888916 64
1694170899059 3.797534704208374 65
1694170900850 3.8645777702331543 66
1694170902631 3.8388168811798096 67
1694170904399 4.007160186767578 68
1694170906164 3.9055020809173584 69
1694170907929 3.6911776065826416 70
1694170909878 3.6505355834960938 71
1694170911654 3.661360740661621 72
1694170913441 3.7199320793151855 73
1694170915222 3.7631995677948 74
1694170916998 3.930250406265259 75
1694170918790 3.961613178253174 76
1694170920625 3.883906841278076 77
1694170922410 3.8058297634124756 78
1694170924220 3.7209556102752686 79
1694170926005 3.697941780090332 80
1694170927787 3.6259374618530273 81
1694170929738 3.5889410972595215 82
1694170931515 3.383054733276367 83
1694170933303 3.3779821395874023 84
1694170935096 3.379119634628296 85
1694170936863 3.3953146934509277 86
1694170938625 3.3263678550720215 87
1694170940442 3.1787497997283936 88
1694170942224 3.0470263957977295 89
1694170944092 2.9297261238098145 90
1694170945872 3.030682325363159 91
1694170947656 2.9017326831817627 92
1694170949601 2.8391273021698 93
1694170951390 2.828350067138672 94
1694170953191 2.7848799228668213 95
1694170955015 2.7280092239379883 96
1694170956809 2.7315995693206787 97
1694170958597 2.751694679260254 98
1694170960448 2.8138585090637207 99
1694170962259 2.8823134899139404 100
1694170964074 2.9641940593719482 101
1694170965873 3.1172690391540527 102
1694170967650 3.000601053237915 103
1694170969549 2.9922680854797363 104
1694170971341 3.1160225868225098 105
1694170973132 3.3399178981781006 106
1694170974916 3.451784133911133 107
1694170976717 3.3384904861450195 108
1694170978504 3.5770604610443115 109
1694170980302 3.7684528827667236 110
1694170982106 3.6818714141845703 111
1694170983903 3.5018835067749023 112
1694170985698 3.564101219177246 113
1694170987488 3.6839160919189453 114
1694170989284 3.6956207752227783 115
1694170991080 3.687020778656006 116
1694170992867 3.6223227977752686 117
1694170994646 3.6101491451263428 118
1694170996440 3.546898365020752 119
1694170998219 3.506427764892578 120
1694171000027 3.57283353805542 121
1694171001902 3.6802494525909424 122
1694171003701 3.660020351409912 123
1694171005517 3.709388494491577 124
1694171007315 3.7332170009613037 125
1694171009289 3.898486614227295 126
1694171011082 3.8110086917877197 127
1694171012966 3.862114906311035 128
1694171014827 3.824153184890747 129
1694171016710 3.944089412689209 130
1694171018591 3.9731194972991943 131
1694171020512 4.112961769104004 132
1694171022296 4.105783939361572 133
1694171024080 4.152406215667725 134
1694171025872 4.236555576324463 135
1694171027657 4.218318939208984 136
1694171029619 4.218419075012207 137
1694171031474 4.135764122009277 138
1694171033323 4.096136093139648 139
1694171035103 4.169924259185791 140
1694171037018 4.170292377471924 141
1694171038832 4.062233924865723 142
1694171040622 4.011969089508057 143
1694171042438 3.9306468963623047 144
1694171044309 3.9382710456848145 145
1694171046116 4.0335516929626465 146
1694171047951 3.8335344791412354 147
1694171049770 3.8622090816497803 148
1694171051568 3.842618942260742 149
1694171053396 3.8095438480377197 150
1694171055235 3.7106964588165283 151
1694171057089 3.7242352962493896 152
1694171058939 3.7335855960845947 153
1694171060802 3.5027997493743896 154
1694171062761 3.487499952316284 155
1694171064558 3.3780667781829834 156
1694171066347 3.2115519046783447 157
1694171068231 3.1949477195739746 158
1694171070032 3.136173725128174 159
