1695143466703 1990.9686279296875 0
1695143470563 1859.89990234375 1
1695143471039 1654.1221923828125 2
1695143471575 1538.7552490234375 3
1695143472100 1501.298583984375 4
1695143472633 1412.35986328125 5
1695143473159 1310.75439453125 6
1695143473669 1280.885498046875 7
1695143474175 1215.2208251953125 8
1695143474716 1152.869384765625 9
1695143475314 1166.337646484375 10
1695143475868 1073.9775390625 11
1695143476421 1087.0050048828125 12
1695143476945 1028.933837890625 13
1695143477457 1005.871826171875 14
1695143477989 1011.099609375 15
1695143478532 981.584716796875 16
1695143479081 995.542236328125 17
1695143479635 999.5906372070312 18
1695143480183 878.458984375 19
1695143480738 934.35302734375 20
1695143481289 912.319580078125 21
1695143481803 885.194580078125 22
1695143482322 874.2454833984375 23
1695143482869 875.3090209960938 24
1695143483379 847.6051025390625 25
1695143483887 878.6773681640625 26
1695143484395 875.392333984375 27
1695143484903 833.017822265625 28
1695143485410 841.0963134765625 29
1695143485919 789.9793701171875 30
1695143486427 828.0053100585938 31
1695143486938 814.86962890625 32
1695143487445 790.3775024414062 33
1695143487953 801.578369140625 34
1695143488465 780.45361328125 35
1695143488974 769.5523681640625 36
1695143489484 786.199462890625 37
1695143489991 758.0174560546875 38
1695143490499 801.3470458984375 39
1695143491014 759.7110595703125 40
1695143491522 719.1358642578125 41
1695143492030 719.7484130859375 42
1695143492539 746.9813842773438 43
1695143493049 728.390625 44
1695143493559 711.7793579101562 45
1695143494066 711.8023681640625 46
1695143494573 699.775146484375 47
1695143495085 727.3985595703125 48
1695143495592 678.4586181640625 49
1695143496102 686.0255737304688 50
1695143496612 678.7877197265625 51
1695143497120 684.0211181640625 52
1695143497629 666.5548706054688 53
1695143498137 676.052001953125 54
1695143498645 657.70361328125 55
1695143499151 650.512451171875 56
1695143499661 672.0955810546875 57
1695143500171 665.2789306640625 58
1695143500686 649.49267578125 59
1695143501204 662.5313720703125 60
1695143501710 686.9353637695312 61
1695143502218 631.3775634765625 62
1695143502728 626.7911987304688 63
1695143503240 651.864990234375 64
1695143503748 627.0479736328125 65
1695143504259 623.8587646484375 66
1695143504772 632.443359375 67
1695143505281 612.5161743164062 68
1695143505791 622.845458984375 69
1695143506299 606.5272216796875 70
1695143506823 585.3330078125 71
1695143507380 611.4616088867188 72
1695143507937 587.0784912109375 73
1695143508504 632.3184814453125 74
1695143509059 594.0262451171875 75
1695143509586 604.4031372070312 76
1695143510100 609.2322387695312 77
1695143510612 569.9745483398438 78
1695143511152 570.1009521484375 79
1695143511661 596.7623291015625 80
1695143512174 571.7124633789062 81
1695143512683 566.17236328125 82
1695143513195 554.466552734375 83
1695143513705 561.055908203125 84
1695143514215 559.817138671875 85
1695143514725 576.6241455078125 86
1695143515238 566.5805053710938 87
1695143515752 584.81396484375 88
1695143516266 580.7915649414062 89
1695143516776 558.2202758789062 90
1695143517289 560.503173828125 91
1695143517797 540.8998413085938 92
1695143518306 517.2345581054688 93
1695143518823 538.3592529296875 94
1695143519336 517.17041015625 95
1695143519846 545.097900390625 96
1695143520359 546.3273315429688 97
1695143520872 520.70263671875 98
1695143521382 520.024169921875 99
1695143521891 534.292724609375 100
1695143525677 527.0250854492188 101
1695143526186 506.88043212890625 102
1695143526703 529.9585571289062 103
1695143527232 516.1300048828125 104
1695143527791 492.80841064453125 105
1695143528354 500.5727844238281 106
1695143528927 509.8533630371094 107
1695143529517 501.0482177734375 108
1695143530043 513.5384521484375 109
1695143530570 516.925048828125 110
1695143531110 502.9065856933594 111
1695143531620 504.1641845703125 112
1695143532131 505.9607238769531 113
1695143532639 508.906005859375 114
1695143533151 498.2436828613281 115
1695143533661 501.262451171875 116
1695143534171 500.679931640625 117
1695143534681 500.9525451660156 118
1695143535199 501.1695861816406 119
1695143535711 506.64495849609375 120
1695143536237 484.6033020019531 121
1695143536766 463.31317138671875 122
1695143537280 474.150146484375 123
1695143537791 493.8926696777344 124
1695143538403 490.73236083984375 125
1695143538912 484.01812744140625 126
1695143539426 463.7795715332031 127
1695143539936 473.46270751953125 128
1695143540449 486.5495300292969 129
1695143540964 494.8736572265625 130
1695143541477 477.85546875 131
1695143541990 493.439697265625 132
1695143542503 477.52984619140625 133
1695143543012 480.34271240234375 134
1695143543534 485.08282470703125 135
1695143544057 497.590087890625 136
1695143544618 467.2969055175781 137
1695143545133 458.6785888671875 138
1695143545650 470.32708740234375 139
1695143546212 442.11029052734375 140
1695143546755 454.2560729980469 141
1695143547276 442.19482421875 142
1695143547788 460.354248046875 143
1695143548383 453.1033935546875 144
1695143548893 452.8185729980469 145
1695143549407 459.8514709472656 146
1695143549917 455.33721923828125 147
1695143550426 478.94921875 148
1695143550936 460.5718688964844 149
1695143551451 458.74053955078125 150
1695143551962 463.4742736816406 151
1695143552471 451.9385986328125 152
1695143552980 456.1142578125 153
1695143553490 480.43463134765625 154
1695143554001 456.14166259765625 155
1695143554511 456.14215087890625 156
1695143555021 436.73553466796875 157
1695143555531 463.561279296875 158
1695143556041 479.10821533203125 159
1695143556551 466.69061279296875 160
1695143557061 463.9302978515625 161
1695143557571 470.17218017578125 162
1695143558145 454.25079345703125 163
1695143558663 442.721435546875 164
1695143559176 450.1334228515625 165
1695143559686 447.98077392578125 166
1695143560196 438.9927062988281 167
1695143560706 464.43408203125 168
1695143561218 433.94696044921875 169
1695143561726 452.5936279296875 170
1695143562236 435.3880310058594 171
1695143562745 430.25634765625 172
1695143563255 454.7915954589844 173
1695143563764 444.54180908203125 174
1695143564273 469.4919128417969 175
1695143564782 426.2155456542969 176
1695143565291 442.348388671875 177
1695143565800 439.3583068847656 178
1695143566310 423.680908203125 179
1695143566819 425.9363708496094 180
1695143567335 426.2135009765625 181
1695143567848 422.6939697265625 182
1695143568440 468.28515625 183
1695143568950 420.59307861328125 184
1695143569466 422.95135498046875 185
1695143569981 409.394287109375 186
1695143570495 424.625732421875 187
1695143571009 406.7637634277344 188
1695143571519 439.1721496582031 189
1695143572030 417.6474609375 190
1695143572539 418.2787780761719 191
1695143573048 410.987060546875 192
1695143573562 403.78509521484375 193
1695143574075 395.029052734375 194
1695143574583 423.67022705078125 195
1695143575091 419.37103271484375 196
1695143575604 411.91070556640625 197
1695143576115 425.275390625 198
1695143576626 400.50506591796875 199
1695143577136 429.91375732421875 200
1695143581098 408.86114501953125 201
1695143581610 404.9163513183594 202
1695143582125 413.40765380859375 203
1695143582636 394.8140869140625 204
1695143583146 415.35107421875 205
1695143583657 422.95697021484375 206
1695143584169 395.1720886230469 207
1695143584678 392.12420654296875 208
1695143585189 392.91015625 209
1695143585704 381.8275146484375 210
1695143586218 415.22119140625 211
1695143586736 411.7281188964844 212
1695143587251 404.987060546875 213
1695143587760 395.7379150390625 214
1695143588353 410.7672119140625 215
1695143588863 410.07684326171875 216
1695143589373 400.56634521484375 217
1695143589885 409.77587890625 218
1695143590396 410.1586608886719 219
1695143590907 403.2124328613281 220
1695143591418 392.2420654296875 221
1695143591932 400.4560241699219 222
1695143592444 383.7386169433594 223
1695143592956 388.1216125488281 224
1695143593468 391.6600341796875 225
1695143593983 396.7172546386719 226
1695143594495 382.8653564453125 227
1695143595011 382.614501953125 228
1695143595521 377.5399169921875 229
1695143596030 392.9027099609375 230
1695143596539 381.28375244140625 231
1695143597048 427.015625 232
1695143597561 392.440185546875 233
1695143598142 403.53900146484375 234
1695143598656 404.8695068359375 235
1695143599170 387.6004333496094 236
1695143599683 391.07568359375 237
1695143600193 381.42205810546875 238
1695143600707 387.1925048828125 239
1695143601216 387.3977355957031 240
1695143601726 378.33245849609375 241
1695143602236 382.94384765625 242
1695143602746 359.4940490722656 243
1695143603258 362.6845703125 244
1695143603771 371.24237060546875 245
1695143604285 366.41168212890625 246
1695143604796 368.09307861328125 247
1695143605307 389.12127685546875 248
1695143605823 385.895263671875 249
1695143606333 362.79156494140625 250
1695143606845 378.9540100097656 251
1695143607358 367.83026123046875 252
1695143607872 370.381103515625 253
1695143608468 370.48272705078125 254
1695143608978 372.5251159667969 255
1695143609493 365.901611328125 256
1695143610004 374.20892333984375 257
1695143610525 375.8050537109375 258
1695143611035 386.29144287109375 259
1695143611546 354.37249755859375 260
1695143612056 382.43450927734375 261
1695143612567 376.22833251953125 262
1695143613077 373.11151123046875 263
1695143613588 382.3059387207031 264
1695143614098 376.8064880371094 265
1695143614608 368.86407470703125 266
1695143615118 352.6644592285156 267
1695143615634 341.0416259765625 268
1695143616148 363.2303771972656 269
1695143616658 363.82861328125 270
1695143617171 373.3228454589844 271
1695143617685 388.95892333984375 272
1695143618279 371.5345458984375 273
1695143618792 371.2503662109375 274
1695143619303 369.60284423828125 275
1695143619819 368.4294738769531 276
1695143620331 371.5243225097656 277
1695143620845 397.5205078125 278
1695143621354 344.11126708984375 279
1695143621864 350.55718994140625 280
1695143622379 359.2646484375 281
1695143622894 361.9845886230469 282
1695143623403 361.55511474609375 283
1695143623912 382.10858154296875 284
1695143624422 355.81939697265625 285
1695143624930 366.97686767578125 286
1695143625439 357.854736328125 287
1695143625949 363.1641540527344 288
1695143626460 349.9449462890625 289
1695143626970 358.6860046386719 290
1695143627479 375.2209167480469 291
1695143627990 357.65679931640625 292
1695143628576 359.1631164550781 293
1695143629088 377.5490417480469 294
1695143629601 367.95294189453125 295
1695143630112 353.21441650390625 296
1695143630624 362.9104919433594 297
1695143631135 355.408935546875 298
1695143631645 343.0256042480469 299
1695143632155 349.36053466796875 300
1695143636000 362.7689208984375 301
1695143636511 355.622802734375 302
1695143637025 353.8328552246094 303
1695143637541 341.2347412109375 304
1695143638117 360.87957763671875 305
1695143638638 354.4818115234375 306
1695143639149 347.23583984375 307
1695143639660 353.14862060546875 308
1695143640171 350.0884094238281 309
1695143640683 356.3011474609375 310
1695143641193 343.2349548339844 311
1695143641702 335.81597900390625 312
1695143642212 333.2868347167969 313
1695143642721 375.9878845214844 314
1695143643235 357.6358337402344 315
1695143643748 343.35400390625 316
1695143644263 333.3589172363281 317
1695143644772 350.86688232421875 318
1695143645281 340.28564453125 319
1695143645790 350.7904968261719 320
1695143646302 365.79638671875 321
1695143646813 364.0360107421875 322
1695143647324 370.268310546875 323
1695143647834 356.76873779296875 324
1695143648439 366.7969055175781 325
1695143648964 359.93023681640625 326
1695143649484 352.66082763671875 327
1695143649996 342.7442626953125 328
1695143650510 355.8443908691406 329
1695143651023 342.0898132324219 330
1695143651535 339.3893127441406 331
1695143652047 350.47381591796875 332
1695143652591 339.6852111816406 333
1695143653147 348.3613586425781 334
1695143653697 345.73760986328125 335
1695143654248 342.4726867675781 336
1695143654811 356.90386962890625 337
1695143655390 356.0658874511719 338
1695143655967 349.70361328125 339
1695143656486 333.668212890625 340
1695143657002 367.86676025390625 341
1695143657544 321.96533203125 342
1695143658061 351.0955810546875 343
1695143658590 346.932861328125 344
1695143659119 343.6300048828125 345
1695143659655 341.89532470703125 346
1695143660188 358.7333679199219 347
1695143660708 337.1636657714844 348
1695143661247 333.74737548828125 349
1695143661780 321.3009033203125 350
1695143662312 335.184814453125 351
1695143662838 326.87237548828125 352
1695143663385 333.4691162109375 353
1695143663911 352.2605895996094 354
1695143664432 342.50482177734375 355
1695143664959 350.198974609375 356
1695143665511 328.02886962890625 357
1695143666021 329.5967102050781 358
1695143666540 343.39459228515625 359
1695143667065 340.00048828125 360
1695143667584 349.97161865234375 361
1695143668097 352.1766357421875 362
1695143668617 334.732421875 363
1695143669138 324.58990478515625 364
1695143669663 361.43017578125 365
1695143670178 359.8309326171875 366
1695143670689 335.73992919921875 367
1695143671203 323.6541748046875 368
1695143671713 332.896484375 369
1695143672223 352.0750427246094 370
1695143672733 316.4244689941406 371
1695143673243 333.2330322265625 372
1695143673753 327.9601745605469 373
1695143674261 350.9573974609375 374
1695143674771 321.167236328125 375
1695143675280 333.948486328125 376
1695143675789 333.59661865234375 377
1695143676299 331.94757080078125 378
1695143676809 344.39892578125 379
1695143677317 344.4141540527344 380
1695143677828 328.05419921875 381
1695143678340 336.6238098144531 382
1695143678850 348.02789306640625 383
1695143679362 345.8874816894531 384
1695143679875 328.6031494140625 385
1695143680385 329.13262939453125 386
1695143680895 318.29827880859375 387
1695143681405 335.78253173828125 388
1695143681915 346.2430114746094 389
1695143682424 334.61016845703125 390
1695143682937 323.92730712890625 391
1695143683448 331.8019714355469 392
1695143683959 323.19232177734375 393
1695143684470 341.78363037109375 394
1695143684981 331.770263671875 395
1695143685493 329.2963562011719 396
1695143686008 322.78839111328125 397
1695143686521 330.122314453125 398
1695143687035 331.67889404296875 399
1695143687546 363.52703857421875 400
1695143691306 319.95574951171875 401
1695143691817 332.41217041015625 402
1695143692330 312.75775146484375 403
1695143692840 317.79669189453125 404
1695143693350 312.29547119140625 405
1695143693859 327.4735107421875 406
1695143694369 321.8645935058594 407
1695143694877 337.7357482910156 408
1695143695387 347.46527099609375 409
1695143695902 306.27447509765625 410
1695143696417 341.59759521484375 411
1695143696964 334.6805725097656 412
1695143697504 316.7899169921875 413
1695143698052 325.7619323730469 414
1695143698704 324.6055908203125 415
1695143699219 325.0023193359375 416
1695143699741 331.5812683105469 417
1695143700262 330.39776611328125 418
1695143700781 336.30865478515625 419
1695143701301 314.85821533203125 420
1695143701813 323.34375 421
1695143702325 313.36798095703125 422
1695143702839 327.4248046875 423
1695143703351 326.4581604003906 424
1695143703860 332.6776123046875 425
1695143704369 316.079345703125 426
1695143704879 317.7958068847656 427
1695143705388 324.3465881347656 428
1695143705898 344.16839599609375 429
1695143706407 316.57000732421875 430
1695143706917 313.75750732421875 431
1695143707425 309.59796142578125 432
1695143707935 321.9731140136719 433
1695143708535 352.20074462890625 434
1695143709052 323.9217834472656 435
1695143709568 320.6997985839844 436
1695143710080 321.56427001953125 437
1695143710590 308.0145568847656 438
1695143711098 323.6243896484375 439
1695143711612 307.67950439453125 440
1695143712123 319.7938537597656 441
1695143712634 328.02447509765625 442
1695143713144 342.7454528808594 443
1695143713658 312.0022888183594 444
1695143714169 339.52099609375 445
1695143714677 323.0611267089844 446
1695143715187 353.169921875 447
1695143715697 329.3941955566406 448
1695143716206 334.6099548339844 449
1695143716715 306.7161865234375 450
1695143717225 329.8416442871094 451
1695143717738 333.16461181640625 452
1695143718332 342.28106689453125 453
1695143718846 311.9253234863281 454
1695143719356 325.59197998046875 455
1695143719865 314.9028625488281 456
1695143720374 346.87091064453125 457
1695143720884 330.5440673828125 458
1695143721398 307.9870300292969 459
1695143721909 337.3160400390625 460
1695143722423 332.5333557128906 461
1695143722933 335.078857421875 462
1695143723446 321.0477294921875 463
1695143723955 344.93524169921875 464
1695143724464 327.59820556640625 465
1695143724973 326.55364990234375 466
1695143725484 330.593505859375 467
1695143725991 335.45745849609375 468
1695143726501 321.73736572265625 469
1695143727009 306.547607421875 470
1695143727519 313.81866455078125 471
1695143728065 324.3636474609375 472
1695143728613 319.09686279296875 473
1695143729125 322.7323303222656 474
1695143729636 319.5656433105469 475
1695143730146 342.3442687988281 476
1695143730656 321.8385314941406 477
1695143731166 336.79412841796875 478
1695143731675 316.88287353515625 479
1695143732185 317.1031188964844 480
1695143732694 298.5546569824219 481
1695143733203 337.6607666015625 482
1695143733713 316.0783996582031 483
1695143734223 313.2179870605469 484
1695143734731 310.65838623046875 485
1695143735240 319.78961181640625 486
1695143735751 298.54840087890625 487
1695143736264 296.96099853515625 488
1695143736775 299.2636413574219 489
1695143737286 310.296875 490
1695143737797 317.6943359375 491
1695143738391 321.53253173828125 492
1695143738905 307.44024658203125 493
1695143739417 328.31744384765625 494
1695143739927 324.53387451171875 495
1695143740440 316.2880859375 496
1695143740951 305.9156494140625 497
1695143741460 307.7493896484375 498
1695143741969 311.85552978515625 499
1695143742482 305.4128723144531 500
1695143746238 312.4894714355469 501
1695143746755 307.3574523925781 502
1695143747265 308.19781494140625 503
1695143747778 321.9397888183594 504
1695143748378 295.03668212890625 505
1695143748887 320.07464599609375 506
1695143749396 312.35162353515625 507
1695143749906 314.0187072753906 508
1695143750415 303.60565185546875 509
1695143750930 300.73052978515625 510
1695143751455 319.68145751953125 511
1695143751985 298.70062255859375 512
1695143752505 304.3238220214844 513
1695143753027 318.22857666015625 514
1695143753554 309.2200927734375 515
1695143754067 299.757568359375 516
1695143754578 307.54193115234375 517
1695143755088 323.03033447265625 518
1695143755599 320.71380615234375 519
1695143756143 321.49566650390625 520
1695143756679 308.50946044921875 521
1695143757189 311.453125 522
1695143757703 318.85614013671875 523
1695143758297 315.081787109375 524
1695143758811 326.88360595703125 525
1695143759321 307.659912109375 526
1695143759836 290.0160217285156 527
1695143760351 343.5311584472656 528
1695143760860 320.289306640625 529
1695143761368 301.7611389160156 530
1695143761876 310.8352355957031 531
1695143762385 335.93145751953125 532
1695143762897 353.7152099609375 533
1695143763406 326.91522216796875 534
1695143763920 312.0261535644531 535
1695143764433 305.600830078125 536
1695143764943 309.877197265625 537
1695143765452 301.9770812988281 538
1695143765966 311.6574401855469 539
1695143766474 311.0401306152344 540
1695143766987 313.6903076171875 541
1695143767498 336.96221923828125 542
1695143768043 307.178466796875 543
1695143768591 300.6094970703125 544
1695143769102 300.27655029296875 545
1695143769612 305.24761962890625 546
1695143770120 296.648193359375 547
1695143770630 302.00408935546875 548
1695143771139 294.368408203125 549
1695143771650 317.054443359375 550
1695143772159 296.1990966796875 551
1695143772672 312.0379638671875 552
1695143773186 308.0346984863281 553
1695143773699 294.797607421875 554
1695143774209 286.5889892578125 555
1695143774723 284.9996032714844 556
1695143775235 300.17584228515625 557
1695143775745 295.09600830078125 558
1695143776259 301.8677062988281 559
1695143776769 316.5284423828125 560
1695143777282 295.71990966796875 561
1695143777790 308.91400146484375 562
1695143778380 289.9922180175781 563
1695143778890 305.7566833496094 564
1695143779398 298.76153564453125 565
1695143779909 319.1856689453125 566
1695143780422 309.65826416015625 567
1695143780934 293.49761962890625 568
1695143781447 294.18408203125 569
1695143781961 321.6109313964844 570
1695143782472 297.25274658203125 571
1695143782983 289.2814025878906 572
1695143783493 303.40911865234375 573
1695143784006 301.1988525390625 574
1695143784516 290.54632568359375 575
1695143785027 305.13818359375 576
1695143785601 315.862548828125 577
1695143786166 303.4155578613281 578
1695143786678 301.6604309082031 579
1695143787192 298.68719482421875 580
1695143787704 325.7373962402344 581
1695143788300 320.46661376953125 582
1695143788815 289.5773620605469 583
1695143789328 317.2196044921875 584
1695143789844 315.62841796875 585
1695143790370 312.8711242675781 586
1695143790945 320.0269470214844 587
1695143791489 341.1852111816406 588
1695143791998 313.7966003417969 589
1695143792509 317.1236572265625 590
1695143793017 296.30621337890625 591
1695143793532 306.62249755859375 592
1695143794047 318.79852294921875 593
1695143794573 311.8564758300781 594
1695143795094 317.2586669921875 595
1695143795608 304.21844482421875 596
1695143796119 304.9096374511719 597
1695143796630 297.92236328125 598
1695143797143 305.5551452636719 599
1695143797654 313.6559143066406 600
1695143801571 297.3854064941406 601
1695143802083 279.76776123046875 602
1695143802607 282.99310302734375 603
1695143803166 301.6917419433594 604
1695143803691 294.9935302734375 605
1695143804264 304.4781494140625 606
1695143804811 287.5438232421875 607
1695143805400 301.559326171875 608
1695143805939 294.8260192871094 609
1695143806451 304.15252685546875 610
1695143806964 278.68035888671875 611
1695143807475 274.5286560058594 612
1695143807988 315.5522766113281 613
1695143808499 297.7076416015625 614
1695143809018 297.0567626953125 615
1695143809535 314.65057373046875 616
1695143810088 287.1558837890625 617
1695143810600 296.5007019042969 618
1695143811147 285.8651123046875 619
1695143811713 281.8266906738281 620
1695143812246 318.39862060546875 621
1695143812776 318.456787109375 622
1695143813334 291.19635009765625 623
1695143813863 305.20416259765625 624
