1695194781619 0.6968545317649841 0
1695194782006 0.42528235912323 1
1695194782386 0.28331780433654785 2
1695194782765 0.183998703956604 3
1695194783142 0.18286778032779694 4
1695194783512 0.22116447985172272 5
1695194783882 0.23955342173576355 6
1695194784250 0.23970162868499756 7
1695194784622 0.23351475596427917 8
1695194784992 0.15466906130313873 9
1695194785358 0.2144748866558075 10
1695194785726 0.17373961210250854 11
1695194786095 0.20866501331329346 12
1695194786468 0.213792622089386 13
1695194786836 0.22688467800617218 14
1695194787202 0.10083179175853729 15
1695194787571 0.1648336797952652 16
1695194787940 0.19514240324497223 17
1695194788309 0.1951710283756256 18
1695194788676 0.17257671058177948 19
1695194789048 0.1234586089849472 20
1695194789417 0.12574271857738495 21
1695194789786 0.1047913134098053 22
1695194790152 0.12214533239603043 23
1695194790521 0.11082342267036438 24
1695194790889 0.10598944127559662 25
1695194791255 0.08011801540851593 26
1695194791625 0.18639414012432098 27
1695194791993 0.07064325362443924 28
1695194792362 0.11806072294712067 29
1695194792730 0.10970500856637955 30
1695194793098 0.13818585872650146 31
1695194793471 0.11664009839296341 32
1695194793840 0.2052861899137497 33
1695194794213 0.11751879751682281 34
1695194794590 0.1465759575366974 35
1695194794958 0.06703796982765198 36
1695194795325 0.13589675724506378 37
1695194795694 0.10949080437421799 38
1695194796061 0.13744162023067474 39
1695194796432 0.07034503668546677 40
1695194796804 0.09275278449058533 41
1695194797169 0.09781521558761597 42
1695194797545 0.12311061471700668 43
1695194797912 0.1446944624185562 44
1695194798280 0.18915721774101257 45
1695194798646 0.06757872551679611 46
1695194799018 0.07097102701663971 47
1695194799386 0.04202749952673912 48
1695194799752 0.0638665184378624 49
1695194800119 0.06678907573223114 50
1695194800489 0.14348047971725464 51
1695194800854 0.09704793244600296 52
1695194801222 0.08089610189199448 53
1695194801592 0.15415653586387634 54
1695194801959 0.06506367027759552 55
1695194802329 0.0999361127614975 56
1695194802697 0.08857208490371704 57
1695194803069 0.0819038450717926 58
1695194803437 0.09411554783582687 59
1695194803805 0.1372447907924652 60
1695194804174 0.05153936520218849 61
1695194804539 0.05627572163939476 62
1695194804917 0.04840593412518501 63
1695194805285 0.08036807924509048 64
1695194805652 0.10085666179656982 65
1695194806023 0.11523450165987015 66
1695194806395 0.13005083799362183 67
1695194806762 0.09050256758928299 68
1695194807133 0.07416316121816635 69
1695194807504 0.10339949280023575 70
1695194807874 0.09751515090465546 71
1695194808242 0.0582759864628315 72
1695194808616 0.09220922738313675 73
1695194808986 0.06161513179540634 74
1695194809352 0.09014187753200531 75
1695194809718 0.09504041075706482 76
1695194810088 0.13067002594470978 77
1695194810454 0.08126361668109894 78
1695194810825 0.07727308571338654 79
1695194811191 0.08315306156873703 80
1695194811560 0.10564891993999481 81
1695194811932 0.08744131773710251 82
1695194812301 0.1103423535823822 83
1695194812672 0.10085280239582062 84
1695194813042 0.07478990405797958 85
1695194813412 0.1570553332567215 86
1695194813782 0.07263857871294022 87
1695194814150 0.07639455050230026 88
1695194814536 0.13868549466133118 89
1695194814907 0.05499931424856186 90
1695194815274 0.058173421770334244 91
1695194815643 0.08488625288009644 92
1695194816012 0.07356139272451401 93
1695194816378 0.11331500858068466 94
1695194816753 0.09187046438455582 95
1695194817125 0.10331152379512787 96
1695194817494 0.09794065356254578 97
1695194817869 0.1253090351819992 98
1695194818235 0.10678118467330933 99
1695194818607 0.060852304100990295 100
1695194818979 0.10813190788030624 101
1695194819352 0.09932079911231995 102
1695194819721 0.06827554851770401 103
1695194820090 0.06333691626787186 104
1695194820461 0.09083551913499832 105
1695194820827 0.10248672217130661 106
1695194821201 0.09699613600969315 107
1695194821569 0.0777064859867096 108
1695194821937 0.03972188010811806 109
1695194822305 0.09265895932912827 110
1695194822674 0.06450426578521729 111
1695194823042 0.08573854714632034 112
1695194823413 0.02655533142387867 113
1695194823780 0.13416732847690582 114
1695194824147 0.07621002197265625 115
1695194824519 0.04583030939102173 116
1695194824886 0.07407355308532715 117
1695194825266 0.055479131639003754 118
1695194825635 0.07007603347301483 119
1695194826003 0.13474003970623016 120
1695194826376 0.03873438015580177 121
1695194826743 0.07095187157392502 122
1695194827111 0.05068495124578476 123
1695194827484 0.04190807044506073 124
1695194827850 0.06126789376139641 125
1695194828219 0.0661705881357193 126
1695194828588 0.11362707614898682 127
1695194828956 0.08234214782714844 128
1695194829326 0.050844594836235046 129
1695194829691 0.0833163931965828 130
1695194830065 0.05043337121605873 131
1695194830435 0.057628240436315536 132
1695194830809 0.05313727632164955 133
1695194831178 0.04186491295695305 134
1695194831547 0.09544137120246887 135
1695194831914 0.03530535846948624 136
1695194832283 0.04977918043732643 137
1695194832652 0.0674637034535408 138
1695194833025 0.07218658179044724 139
1695194833396 0.028663206845521927 140
1695194833783 0.0801897794008255 141
1695194834162 0.13574784994125366 142
1695194834536 0.0983852967619896 143
1695194834910 0.08028572052717209 144
1695194835284 0.06250905990600586 145
1695194835655 0.06928886473178864 146
1695194836036 0.08874064683914185 147
1695194836412 0.05899176746606827 148
1695194836784 0.1163974180817604 149
1695194837167 0.046369634568691254 150
1695194837543 0.07563229650259018 151
1695194837916 0.059911876916885376 152
1695194838298 0.0858067125082016 153
1695194838670 0.08363773673772812 154
1695194839053 0.04962126538157463 155
1695194839428 0.09397291392087936 156
1695194839810 0.08858998864889145 157
1695194840183 0.07266582548618317 158
1695194840561 0.06432176381349564 159
1695194840936 0.05296498164534569 160
1695194841308 0.10161994397640228 161
1695194841683 0.029970917850732803 162
1695194842062 0.05572599545121193 163
1695194842440 0.09738384187221527 164
1695194842813 0.05936387926340103 165
1695194843192 0.10608246922492981 166
1695194843563 0.08178224414587021 167
1695194843937 0.0885063111782074 168
1695194844302 0.06917568296194077 169
1695194844666 0.060280390083789825 170
1695194845044 0.07856930047273636 171
1695194845418 0.0791909471154213 172
1695194845784 0.12589558959007263 173
1695194846150 0.058073658496141434 174
1695194846518 0.12247057259082794 175
1695194846887 0.06965791434049606 176
1695194847259 0.077037513256073 177
1695194847624 0.10877707600593567 178
1695194847993 0.03979748860001564 179
1695194848359 0.04667557775974274 180
1695194848725 0.07911382615566254 181
1695194849098 0.08816293627023697 182
1695194849467 0.0496971569955349 183
1695194849836 0.06922120600938797 184
1695194850202 0.06008591130375862 185
1695194850569 0.04058162122964859 186
1695194850939 0.0693347156047821 187
1695194851304 0.07017970085144043 188
1695194851671 0.0561901330947876 189
1695194852040 0.05188315361738205 190
1695194852407 0.033508457243442535 191
1695194852774 0.05064650624990463 192
1695194853140 0.050790540874004364 193
1695194853515 0.12017522752285004 194
1695194853883 0.041536856442689896 195
1695194854249 0.017152493819594383 196
1695194854620 0.03468941152095795 197
1695194854986 0.07177942246198654 198
1695194855352 0.1358819305896759 199
1695194855718 0.03869500383734703 200
1695194856085 0.07582095265388489 201
1695194856458 0.07842382043600082 202
1695194856830 0.019531965255737305 203
1695194857194 0.10793081670999527 204
1695194857562 0.04854359105229378 205
1695194857927 0.09459967166185379 206
1695194858291 0.07327189296483994 207
1695194858654 0.049362827092409134 208
1695194859027 0.057152919471263885 209
1695194859396 0.06804071366786957 210
1695194859760 0.08065624535083771 211
1695194860127 0.03805132582783699 212
1695194860500 0.035586852580308914 213
1695194860866 0.056308574974536896 214
1695194861233 0.11206043511629105 215
1695194861599 0.048515722155570984 216
1695194861968 0.12041477859020233 217
1695194862337 0.05169789865612984 218
1695194862703 0.04376157745718956 219
1695194863075 0.06037867069244385 220
1695194863443 0.06679525971412659 221
1695194863807 0.049562275409698486 222
1695194864172 0.035971011966466904 223
1695194864542 0.05915343016386032 224
1695194864919 0.10471510887145996 225
1695194865288 0.14131738245487213 226
1695194865657 0.04231533035635948 227
1695194866030 0.04927665740251541 228
1695194866399 0.027555260807275772 229
1695194866765 0.07933308184146881 230
1695194867136 0.04876209795475006 231
1695194867507 0.06656009703874588 232
1695194867875 0.12236776202917099 233
1695194868241 0.10327602922916412 234
1695194868608 0.056932222098112106 235
1695194868978 0.10914337635040283 236
1695194869343 0.049077291041612625 237
1695194869709 0.06340485066175461 238
1695194870082 0.09329863637685776 239
1695194870451 0.11988590657711029 240
1695194870820 0.08752043545246124 241
1695194871185 0.05186889320611954 242
1695194871552 0.055304091423749924 243
1695194871922 0.08745019137859344 244
1695194872290 0.09250453859567642 245
1695194872661 0.07277297228574753 246
1695194873035 0.05343515798449516 247
1695194873400 0.08743678778409958 248
1695194873768 0.11449897289276123 249
1695194874132 0.09088751673698425 250
1695194874499 0.08731871098279953 251
1695194874865 0.07961858063936234 252
1695194875230 0.09872304648160934 253
1695194875597 0.074999138712883 254
1695194875963 0.07695833593606949 255
1695194876328 0.05520275980234146 256
1695194876695 0.05698304995894432 257
1695194877061 0.05871955305337906 258
1695194877432 0.0691385418176651 259
1695194877798 0.05792035907506943 260
1695194878164 0.07850561290979385 261
1695194878532 0.033741310238838196 262
1695194878899 0.03953593224287033 263
1695194879266 0.043227531015872955 264
1695194879631 0.043765127658843994 265
1695194880000 0.06514095515012741 266
1695194880367 0.01782909967005253 267
1695194880730 0.054077934473752975 268
1695194881096 0.08552312105894089 269
1695194881467 0.06659659743309021 270
1695194881830 0.07683104276657104 271
1695194882204 0.021977147087454796 272
1695194882572 0.042830172926187515 273
1695194882939 0.07167364656925201 274
1695194883309 0.03824632614850998 275
1695194883673 0.13876362144947052 276
1695194884047 0.033013876527547836 277
1695194884414 0.03608090057969093 278
1695194884778 0.06750871241092682 279
1695194885149 0.01444600522518158 280
1695194885516 0.03845444321632385 281
1695194885885 0.09347756952047348 282
1695194886250 0.07157108932733536 283
1695194886617 0.09725360572338104 284
1695194886988 0.08389324694871902 285
1695194887352 0.11011969298124313 286
1695194887715 0.1090165451169014 287
1695194888084 0.05815766751766205 288
1695194888452 0.052033714950084686 289
1695194888819 0.08173523098230362 290
1695194889185 0.051654864102602005 291
1695194889552 0.05877695977687836 292
1695194889921 0.07763996720314026 293
1695194890290 0.044974878430366516 294
1695194890655 0.037259541451931 295
1695194891025 0.05819176882505417 296
1695194891391 0.039688464254140854 297
1695194891759 0.08135127276182175 298
1695194892134 0.026456007733941078 299
1695194892501 0.03406469151377678 300
1695194892866 0.0541016086935997 301
1695194893231 0.08451630175113678 302
1695194893602 0.07064971327781677 303
1695194893967 0.06849870085716248 304
1695194894332 0.08542457967996597 305
1695194894698 0.08437184989452362 306
1695194895066 0.05555674061179161 307
1695194895435 0.08656526356935501 308
1695194895801 0.06419409066438675 309
1695194896165 0.02017737738788128 310
1695194896535 0.03635038062930107 311
1695194896902 0.04151363670825958 312
1695194897270 0.0556832030415535 313
1695194897634 0.06571061164140701 314
1695194898003 0.03557343780994415 315
1695194898369 0.06589390337467194 316
1695194898730 0.06649656593799591 317
1695194899098 0.05350740626454353 318
1695194899466 0.03775423765182495 319
1695194899833 0.01868228241801262 320
1695194900202 0.06493071466684341 321
1695194900571 0.06287838518619537 322
1695194900940 0.012247361242771149 323
1695194901309 0.01887144334614277 324
1695194901677 0.04006591811776161 325
1695194902044 0.06384392082691193 326
1695194902415 0.03708942234516144 327
1695194902779 0.0718621239066124 328
1695194903144 0.04508563503623009 329
1695194903518 0.04828448221087456 330
1695194903887 0.04714671149849892 331
1695194904263 0.11360827833414078 332
1695194904631 0.024126961827278137 333
1695194905003 0.04604719206690788 334
1695194905373 0.03168801963329315 335
1695194905743 0.0502166822552681 336
1695194906116 0.013801982626318932 337
1695194906486 0.0571679025888443 338
1695194906856 0.07601243257522583 339
1695194907225 0.04203132539987564 340
1695194907594 0.049434367567300797 341
1695194907964 0.10955192148685455 342
1695194908329 0.1150931864976883 343
1695194908698 0.09412935376167297 344
1695194909069 0.034696321934461594 345
1695194909438 0.1078951358795166 346
1695194909806 0.057118505239486694 347
1695194910172 0.06240852177143097 348
1695194910540 0.042304616421461105 349
1695194910919 0.043972961604595184 350
1695194911286 0.05092139542102814 351
1695194911664 0.0635804757475853 352
1695194912034 0.048213109374046326 353
1695194912484 0.06995470076799393 354
1695194912856 0.08375188708305359 355
1695194913223 0.06580445170402527 356
1695194913594 0.04483259469270706 357
1695194913970 0.05395175516605377 358
1695194914348 0.06781098991632462 359
1695194914721 0.05687156319618225 360
1695194915098 0.07341708242893219 361
1695194915471 0.08349180966615677 362
1695194915847 0.056742895394563675 363
1695194916216 0.07723754644393921 364
1695194916584 0.05831979215145111 365
1695194916954 0.09928511828184128 366
1695194917322 0.06883542984724045 367
1695194917700 0.04126010462641716 368
1695194918077 0.04262026399374008 369
1695194918449 0.03712085261940956 370
1695194918821 0.09819375723600388 371
1695194919187 0.08350466936826706 372
1695194919561 0.09736981242895126 373
1695194919935 0.06489142775535583 374
1695194920305 0.07056247442960739 375
1695194920677 0.058523718267679214 376
1695194921048 0.07507970184087753 377
1695194921419 0.03618895262479782 378
1695194921790 0.02963423542678356 379
1695194922160 0.05989872291684151 380
1695194922531 0.05846009775996208 381
1695194922901 0.03519219160079956 382
1695194923268 0.03604704141616821 383
1695194923639 0.04182538390159607 384
1695194924007 0.07372575253248215 385
1695194924373 0.03051580861210823 386
1695194924741 0.08484314382076263 387
1695194925112 0.04149246588349342 388
1695194925482 0.0293942391872406 389
1695194925851 0.09093703329563141 390
1695194926218 0.04336585849523544 391
1695194926592 0.04608459025621414 392
1695194926959 0.022396815940737724 393
1695194927329 0.07800839841365814 394
1695194927700 0.07959427684545517 395
1695194928084 0.06235465407371521 396
1695194928453 0.04202628508210182 397
1695194928824 0.03705446794629097 398
1695194929195 0.0342932790517807 399
1695194929571 0.022868748754262924 400
1695194929937 0.03627458214759827 401
1695194930304 0.03100893460214138 402
1695194930680 0.046285420656204224 403
1695194931056 0.11500582098960876 404
1695194931433 0.04097086191177368 405
1695194931803 0.057799916714429855 406
1695194932168 0.057797253131866455 407
1695194932537 0.06862401962280273 408
1695194932907 0.03686746582388878 409
1695194933273 0.039456527680158615 410
1695194933638 0.03461625054478645 411
1695194934006 0.07451975345611572 412
1695194934372 0.05683334544301033 413
1695194934737 0.09541594237089157 414
1695194935103 0.04623618349432945 415
1695194935473 0.02930128201842308 416
1695194935839 0.04360572248697281 417
1695194936202 0.03957022726535797 418
1695194936568 0.07558074593544006 419
1695194936934 0.06793690472841263 420
1695194937301 0.041549667716026306 421
1695194937666 0.05573096126317978 422
1695194938040 0.06737128645181656 423
1695194938406 0.06124741584062576 424
1695194938767 0.012694109231233597 425
1695194939133 0.024727409705519676 426
1695194939499 0.05113641545176506 427
1695194939865 0.070349782705307 428
1695194940231 0.09933476895093918 429
1695194940601 0.0259433314204216 430
1695194940969 0.060816388577222824 431
1695194941333 0.05496790632605553 432
1695194941698 0.062407251447439194 433
1695194942066 0.02881220169365406 434
1695194942434 0.048317667096853256 435
1695194942803 0.06927437335252762 436
1695194943169 0.028805704787373543 437
1695194943535 0.042215704917907715 438
1695194943908 0.050298914313316345 439
1695194944271 0.023303784430027008 440
1695194944640 0.05993175134062767 441
1695194945009 0.04834989458322525 442
1695194945375 0.06967318803071976 443
1695194945745 0.07094674557447433 444
1695194946113 0.04694807901978493 445
1695194946481 0.02002209983766079 446
1695194946848 0.06511107832193375 447
1695194947213 0.03540162742137909 448
1695194947581 0.02637137472629547 449
1695194947953 0.07338018715381622 450
1695194948321 0.07842326164245605 451
1695194948695 0.05897226184606552 452
1695194949065 0.08231478929519653 453
1695194949438 0.09569567441940308 454
1695194949803 0.04424114525318146 455
1695194950170 0.05098770558834076 456
1695194950543 0.0465986393392086 457
1695194950911 0.04503772407770157 458
1695194951281 0.05312953144311905 459
1695194951643 0.0596022829413414 460
1695194952012 0.056891001760959625 461
1695194952377 0.03568514436483383 462
1695194952751 0.06775341182947159 463
1695194953135 0.0836462751030922 464
1695194953508 0.020292755216360092 465
1695194953874 0.031335316598415375 466
1695194954241 0.04703255742788315 467
1695194954609 0.06337118148803711 468
1695194954975 0.029731495305895805 469
1695194955345 0.095146045088768 470
1695194955712 0.03733259066939354 471
1695194956081 0.04468703642487526 472
1695194956448 0.03323008120059967 473
1695194956811 0.05418655276298523 474
1695194957182 0.052621740847826004 475
1695194957549 0.09571900963783264 476
1695194957920 0.06248295679688454 477
1695194958288 0.037474747747182846 478
1695194958651 0.014925382100045681 479
1695194959019 0.046211425215005875 480
1695194959385 0.05949034169316292 481
1695194959750 0.05836683139204979 482
1695194960117 0.09188129007816315 483
1695194960483 0.08361712098121643 484
1695194960849 0.07479622215032578 485
1695194961214 0.01826680265367031 486
1695194961588 0.05877317860722542 487
1695194961955 0.05563143640756607 488
1695194962322 0.09116728603839874 489
1695194962686 0.044585730880498886 490
1695194963051 0.057109806686639786 491
1695194963416 0.02217046730220318 492
1695194963781 0.03833039104938507 493
1695194964155 0.07080516219139099 494
1695194964519 0.0596894845366478 495
1695194964886 0.03998791053891182 496
1695194965250 0.05657822638750076 497
1695194965615 0.019527321681380272 498
1695194965980 0.02192055806517601 499
1695194966344 0.04901132732629776 500
1695194966711 0.12833788990974426 501
1695194967088 0.041582342237234116 502
1695194967460 0.04546230286359787 503
1695194967825 0.05302901193499565 504
1695194968189 0.07664816081523895 505
1695194968559 0.03006344474852085 506
1695194968932 0.03251849487423897 507
1695194969294 0.06716951727867126 508
1695194969660 0.09549913555383682 509
1695194970027 0.03770504146814346 510
1695194970398 0.09539322555065155 511
1695194970764 0.04472236707806587 512
1695194971128 0.05859922617673874 513
1695194971504 0.05019497126340866 514
1695194971868 0.03246191889047623 515
1695194972239 0.02070147916674614 516
1695194972606 0.03683973848819733 517
1695194972974 0.02408406138420105 518
1695194973340 0.0749644786119461 519
1695194973704 0.020999906584620476 520
1695194974070 0.0609438493847847 521
1695194974437 0.07010799646377563 522
1695194974800 0.02901948243379593 523
1695194975165 0.04044431075453758 524
1695194975532 0.054895732551813126 525
1695194975895 0.09562449902296066 526
1695194976259 0.04055915027856827 527
1695194976625 0.019711898639798164 528
1695194976991 0.042888253927230835 529
1695194977357 0.11792438477277756 530
1695194977720 0.06923618912696838 531
1695194978095 0.031121287494897842 532
1695194978462 0.04567200690507889 533
1695194978828 0.05593724921345711 534
1695194979189 0.04355798289179802 535
1695194979566 0.03951871022582054 536
1695194979932 0.096368707716465 537
1695194980295 0.11603204905986786 538
1695194980657 0.03808122128248215 539
1695194981024 0.047040339559316635 540
1695194981386 0.061712101101875305 541
1695194981756 0.016703763976693153 542
1695194982122 0.03374269977211952 543
1695194982490 0.042313944548368454 544
1695194982851 0.029576376080513 545
1695194983215 0.035483453422784805 546
1695194983581 0.04820555821061134 547
1695194983949 0.01294830720871687 548
1695194984314 0.047804564237594604 549
1695194984677 0.07195764034986496 550
1695194985050 0.018375467509031296 551
1695194985426 0.06071264669299126 552
1695194985788 0.08323914557695389 553
1695194986155 0.02823052927851677 554
1695194986523 0.042783938348293304 555
1695194986890 0.06350486725568771 556
1695194987267 0.053103335201740265 557
1695194987633 0.08092945069074631 558
1695194988003 0.00939501915127039 559
1695194988370 0.015112108550965786 560
1695194988739 0.10278655588626862 561
1695194989104 0.050901975482702255 562
1695194989474 0.06592285633087158 563
1695194989839 0.04276052489876747 564
1695194990203 0.0282012727111578 565
1695194990568 0.06197930872440338 566
1695194990933 0.07114928215742111 567
1695194991299 0.0900220051407814 568
1695194991662 0.029893111437559128 569
1695194992025 0.057495176792144775 570
1695194992389 0.10190853476524353 571
1695194992751 0.06494735181331635 572
1695194993133 0.05131222680211067 573
1695194993500 0.04300942271947861 574
1695194993865 0.03094056062400341 575
1695194994227 0.04458732157945633 576
1695194994594 0.054133400321006775 577
1695194994965 0.052284471690654755 578
1695194995327 0.03623679652810097 579
1695194995692 0.024266259744763374 580
1695194996059 0.031864896416664124 581
1695194996423 0.0403822585940361 582
1695194996787 0.03280564397573471 583
1695194997152 0.02868831716477871 584
1695194997516 0.026376403868198395 585
1695194997881 0.021084530279040337 586
1695194998242 0.05088038370013237 587
1695194998608 0.03519235923886299 588
1695194998974 0.0413430891931057 589
1695194999335 0.00935947522521019 590
1695194999698 0.03422841429710388 591
1695195000061 0.02521827258169651 592
1695195000426 0.033422939479351044 593
1695195000792 0.03855029121041298 594
1695195001156 0.04618576169013977 595
1695195001525 0.0478675477206707 596
1695195001887 0.022160688415169716 597
1695195002255 0.03226364403963089 598
1695195002623 0.02498355135321617 599
1695195002990 0.05637795105576515 600
1695195003357 0.03863738104701042 601
1695195003722 0.023183120414614677 602
1695195004100 0.05237806588411331 603
1695195004471 0.04626087471842766 604
1695195004833 0.03888722509145737 605
1695195005197 0.0676008015871048 606
1695195005563 0.014180992729961872 607
1695195005930 0.08231844007968903 608
1695195006294 0.04275766387581825 609
1695195006664 0.05341670289635658 610
1695195007046 0.03765491023659706 611
1695195007408 0.02207660675048828 612
1695195007775 0.06636709719896317 613
1695195008138 0.06081379950046539 614
1695195008501 0.03648623451590538 615
1695195008867 0.06244978308677673 616
1695195009230 0.05070856213569641 617
1695195009595 0.09072452783584595 618
1695195009961 0.05729503557085991 619
1695195010325 0.018565576523542404 620
1695195010693 0.04571487009525299 621
1695195011072 0.058035120368003845 622
1695195011441 0.07442095875740051 623
1695195011808 0.03510940819978714 624
1695195012173 0.023116854950785637 625
1695195012540 0.02799958363175392 626
1695195012909 0.0718604028224945 627
1695195013274 0.04866427928209305 628
1695195013641 0.06425414234399796 629
1695195014007 0.029296675696969032 630
1695195014370 0.03295553848147392 631
1695195014736 0.029213080182671547 632
1695195015103 0.04151539131999016 633
1695195015471 0.08280305564403534 634
1695195015835 0.04092857241630554 635
1695195016198 0.04368293285369873 636
1695195016565 0.04024248570203781 637
1695195016931 0.03395596519112587 638
1695195017294 0.032649535685777664 639
1695195017658 0.046606943011283875 640
1695195018023 0.03639037162065506 641
1695195018389 0.01885508932173252 642
1695195018751 0.04251241683959961 643
1695195019114 0.03519287332892418 644
1695195019486 0.059535495936870575 645
1695195019849 0.0344153456389904 646
1695195020214 0.01846984587609768 647
1695195020584 0.06236964091658592 648
1695195020950 0.023610923439264297 649
1695195021317 0.032693345099687576 650
1695195021684 0.022486981004476547 651
1695195022052 0.046147968620061874 652
1695195022417 0.031030088663101196 653
1695195022780 0.06326477229595184 654
1695195023145 0.10226932913064957 655
1695195023507 0.055615730583667755 656
1695195023872 0.018651207908988 657
1695195024233 0.07339055836200714 658
1695195024597 0.054589856415987015 659
1695195024967 0.05265950784087181 660
1695195025328 0.021540487185120583 661
1695195025694 0.03562585636973381 662
1695195026060 0.1002892330288887 663
1695195026425 0.06454973667860031 664
1695195026793 0.06215904280543327 665
1695195027158 0.02873656153678894 666
1695195027527 0.06830264627933502 667
1695195027892 0.07368560135364532 668
1695195028253 0.04483789578080177 669
1695195028620 0.045280296355485916 670
1695195028984 0.062168437987565994 671
1695195029347 0.04475712031126022 672
1695195029715 0.025513438507914543 673
1695195030081 0.07415250688791275 674
1695195030448 0.01360188890248537 675
1695195030811 0.05405479669570923 676
1695195031174 0.03797641396522522 677
1695195031543 0.0343906506896019 678
1695195031907 0.037166427820920944 679
1695195032271 0.019191212952136993 680
1695195032635 0.08148118108510971 681
1695195032999 0.037733521312475204 682
1695195033365 0.07263845950365067 683
1695195033726 0.07471483200788498 684
1695195034092 0.03587864711880684 685
1695195034455 0.050494443625211716 686
1695195034815 0.03428672254085541 687
1695195035181 0.02520579844713211 688
1695195035546 0.025784147903323174 689
1695195035910 0.02979012206196785 690
1695195036276 0.07670501619577408 691
1695195036638 0.05861017480492592 692
1695195037002 0.04358038678765297 693
1695195037365 0.035344675183296204 694
1695195037726 0.022928670048713684 695
1695195038101 0.07449755817651749 696
1695195038468 0.044315095990896225 697
1695195038833 0.03773337975144386 698
1695195039193 0.010690400376915932 699
1695195039557 0.07955526560544968 700
1695195039924 0.051331453025341034 701
1695195040285 0.08708526939153671 702
1695195040650 0.03908395767211914 703
1695195041013 0.020919306203722954 704
1695195041385 0.07950650155544281 705
1695195041751 0.019054941833019257 706
1695195042116 0.028215674683451653 707
1695195042480 0.04694719240069389 708
1695195042841 0.02293754555284977 709
1695195043205 0.013614368624985218 710
1695195043575 0.07893890142440796 711
1695195043939 0.04631219431757927 712
1695195044300 0.10470341891050339 713
1695195044663 0.04488224908709526 714
1695195045027 0.03912457823753357 715
1695195045394 0.03292795643210411 716
1695195045754 0.030292758718132973 717
1695195046118 0.04368881508708 718
1695195046486 0.03692769259214401 719
1695195046850 0.03903700038790703 720
1695195047212 0.04326479136943817 721
1695195047577 0.05804890766739845 722
1695195047939 0.04995965585112572 723
1695195048303 0.03814826160669327 724
1695195048666 0.06473249942064285 725
1695195049032 0.02069421112537384 726
1695195049394 0.013409175910055637 727
1695195049756 0.026805834844708443 728
1695195050122 0.023865733295679092 729
1695195050485 0.029827823862433434 730
1695195050851 0.01775961183011532 731
1695195051225 0.03780334070324898 732
1695195051593 0.06525324285030365 733
1695195051959 0.08392881602048874 734
1695195052321 0.052713651210069656 735
1695195052682 0.01361064426600933 736
1695195053049 0.058134082704782486 737
1695195053414 0.018627481535077095 738
1695195053778 0.03388160839676857 739
1695195054143 0.014661178924143314 740
1695195054509 0.05582429841160774 741
1695195054870 0.03772258758544922 742
1695195055232 0.07213077694177628 743
1695195055595 0.06578538566827774 744
1695195055960 0.048947278410196304 745
1695195056318 0.03913307562470436 746
1695195056681 0.03328594192862511 747
1695195057050 0.052079301327466965 748
1695195057414 0.048848073929548264 749
1695195057774 0.02098817564547062 750
1695195058138 0.026076888665556908 751
1695195058503 0.04256526753306389 752
1695195058863 0.026644030585885048 753
1695195059227 0.025012126192450523 754
1695195059590 0.028948577120900154 755
1695195059952 0.07034964859485626 756
1695195060317 0.0610332116484642 757
1695195060677 0.04215819388628006 758
1695195061041 0.04844571650028229 759
1695195061402 0.029399331659078598 760
1695195061761 0.02524176985025406 761
1695195062126 0.07339118421077728 762
1695195062494 0.01427475456148386 763
1695195062878 0.025163710117340088 764
1695195063250 0.029418228194117546 765
1695195063615 0.019006775692105293 766
1695195063984 0.13664095103740692 767
1695195064351 0.02174406871199608 768
1695195064713 0.0174083411693573 769
1695195065079 0.028952525928616524 770
1695195065445 0.06286302953958511 771
1695195065811 0.027820678427815437 772
1695195066173 0.04195304214954376 773
1695195066535 0.03541525825858116 774
1695195066899 0.01962157152593136 775
1695195067259 0.021057913079857826 776
1695195067626 0.04406364634633064 777
1695195067988 0.03326483070850372 778
1695195068349 0.029908670112490654 779
1695195068712 0.02131710946559906 780
1695195069074 0.03344573453068733 781
1695195069454 0.027047036215662956 782
1695195069817 0.050566110759973526 783
1695195070181 0.022650407627224922 784
1695195070548 0.035889558494091034 785
1695195070912 0.007211359683424234 786
1695195071285 0.005148842930793762 787
1695195071646 0.017163364216685295 788
1695195072013 0.010459400713443756 789
1695195072375 0.06895989179611206 790
1695195072737 0.0662773847579956 791
1695195073108 0.01939726248383522 792
1695195073472 0.017217818647623062 793
1695195073831 0.06719489395618439 794
1695195074194 0.07363857328891754 795
1695195074557 0.051893219351768494 796
1695195074924 0.02301207184791565 797
1695195075288 0.05166807770729065 798
1695195075649 0.030530834570527077 799
1695195076012 0.06646640598773956 800
1695195076371 0.010813357308506966 801
1695195076733 0.019214745610952377 802
1695195077099 0.0409853532910347 803
1695195077463 0.04708491265773773 804
1695195077827 0.033693380653858185 805
1695195078190 0.060246214270591736 806
1695195078554 0.022017356008291245 807
1695195078923 0.021691685542464256 808
1695195079287 0.038168903440237045 809
1695195079656 0.02987954579293728 810
1695195080021 0.0377512201666832 811
1695195080383 0.016406314447522163 812
1695195080752 0.02837396040558815 813
1695195081115 0.03103708103299141 814
1695195081488 0.018284663558006287 815
1695195081850 0.032737404108047485 816
1695195082212 0.016941487789154053 817
1695195082576 0.10473041236400604 818
1695195082940 0.04331904277205467 819
1695195083303 0.0719565600156784 820
1695195083668 0.04802737385034561 821
1695195084029 0.026076335459947586 822
1695195084395 0.06062672659754753 823
1695195084754 0.015631165355443954 824
1695195085117 0.03600355610251427 825
1695195085484 0.03603096306324005 826
1695195085847 0.05243236571550369 827
1695195086210 0.06952879577875137 828
1695195086571 0.03396831080317497 829
1695195086933 0.025822237133979797 830
1695195087297 0.02048831805586815 831
1695195087659 0.022369496524333954 832
1695195088023 0.07040075212717056 833
1695195088381 0.03376895934343338 834
1695195088742 0.025262871757149696 835
1695195089107 0.053586315363645554 836
1695195089476 0.027370430529117584 837
1695195089837 0.059829358011484146 838
1695195090181 0.0163361094892025 839
1695195090527 0.04582028463482857 840
1695195090873 0.014794232323765755 841
1695195091225 0.04322008416056633 842
1695195091572 0.018882419914007187 843
1695195091918 0.05330241471529007 844
1695195092272 0.028641294687986374 845
1695195092617 0.07483396679162979 846
1695195092963 0.027312399819493294 847
1695195093308 0.039848219603300095 848
1695195093682 0.039863280951976776 849
1695195094057 0.028937507420778275 850
1695195094422 0.03908134251832962 851
1695195094765 0.026194093748927116 852
1695195095113 0.031880997121334076 853
1695195095459 0.03965148329734802 854
1695195095815 0.032049644738435745 855
1695195096157 0.0381213016808033 856
1695195096503 0.025645453482866287 857
1695195096846 0.041638314723968506 858
1695195097207 0.025159375742077827 859
1695195097565 0.04082714766263962 860
1695195097910 0.05280086025595665 861
1695195098278 0.03717365488409996 862
1695195098624 0.055071793496608734 863
1695195098979 0.011194049380719662 864
1695195099324 0.0546165369451046 865
1695195099666 0.08842112123966217 866
1695195100024 0.03688275068998337 867
1695195100376 0.030251609161496162 868
1695195100720 0.03890601918101311 869
1695195101078 0.06006734073162079 870
1695195101423 0.025573085993528366 871
1695195101777 0.03680026903748512 872
1695195102122 0.03183398395776749 873
1695195102468 0.05587095022201538 874
1695195102821 0.011559479869902134 875
1695195103166 0.06327462196350098 876
1695195103524 0.03058517724275589 877
1695195103877 0.02385382167994976 878
1695195104234 0.06580349057912827 879
1695195104580 0.02011949010193348 880
1695195104924 0.07982278615236282 881
1695195105270 0.06607331335544586 882
1695195105615 0.07668649405241013 883
1695195105973 0.029217854142189026 884
1695195106316 0.02656499110162258 885
1695195106672 0.03183327987790108 886
1695195107029 0.07412908971309662 887
1695195107375 0.01405265647917986 888
1695195107720 0.036777909845113754 889
1695195108080 0.04167678579688072 890
1695195108428 0.05720267444849014 891
1695195108771 0.03437364846467972 892
1695195109116 0.01615382544696331 893
1695195109469 0.029143210500478745 894
1695195109822 0.053388044238090515 895
1695195110168 0.01806766726076603 896
1695195110512 0.019129114225506783 897
1695195110861 0.026545561850070953 898
1695195111215 0.03933482989668846 899
1695195111574 0.0305666271597147 900
1695195111934 0.027898676693439484 901
1695195112289 0.02198188379406929 902
1695195112636 0.007773005403578281 903
1695195112995 0.022158848121762276 904
1695195113353 0.011666872538626194 905
1695195113698 0.027392199262976646 906
1695195114043 0.06282525509595871 907
1695195114397 0.027240028604865074 908
1695195114750 0.012811079621315002 909
1695195115105 0.03419407084584236 910
1695195115463 0.06729818135499954 911
1695195115805 0.010935838334262371 912
1695195116159 0.0168601144105196 913
1695195116505 0.028208469972014427 914
1695195116863 0.046519648283720016 915
1695195117206 0.04979625344276428 916
1695195117565 0.008178375661373138 917
1695195117914 0.01529557816684246 918
1695195118268 0.05024679750204086 919
1695195118616 0.07234688848257065 920
1695195118970 0.019692111760377884 921
1695195119312 0.04352870583534241 922
1695195119667 0.02848171442747116 923
1695195120022 0.11014769971370697 924
1695195120378 0.026313139125704765 925
1695195120721 0.06179887801408768 926
1695195121075 0.03005189076066017 927
1695195121419 0.026634087786078453 928
1695195121760 0.04238519072532654 929
1695195122116 0.028857652097940445 930
1695195122471 0.05645780637860298 931
1695195122814 0.06482060998678207 932
1695195123159 0.031194977462291718 933
1695195123510 0.023849770426750183 934
1695195123854 0.04154788702726364 935
1695195124206 0.06509921699762344 936
1695195124553 0.019564732909202576 937
1695195124897 0.03009580448269844 938
1695195125250 0.03210550546646118 939
1695195125596 0.019912967458367348 940
1695195125944 0.0390780083835125 941
1695195126289 0.046773768961429596 942
1695195126635 0.02498350292444229 943
1695195126983 0.017284953966736794 944
1695195127327 0.0387023463845253 945
1695195127674 0.07292067259550095 946
1695195128020 0.06432809680700302 947
1695195128362 0.034715112298727036 948
1695195128709 0.04578331112861633 949
1695195129059 0.07278385013341904 950
1695195129411 0.04897971823811531 951
1695195129756 0.01931844651699066 952
1695195130111 0.02105277217924595 953
1695195130459 0.023446930572390556 954
1695195130812 0.07909253239631653 955
1695195131158 0.06291843950748444 956
1695195131505 0.036830492317676544 957
1695195131850 0.01825934648513794 958
1695195132195 0.026710841804742813 959
1695195132546 0.025648176670074463 960
1695195132895 0.020161423832178116 961
1695195133240 0.028405139222741127 962
1695195133602 0.019408466294407845 963
1695195133957 0.01192504446953535 964
1695195134302 0.0743587389588356 965
1695195134646 0.02924259565770626 966
1695195134991 0.07740099728107452 967
1695195135337 0.025959668681025505 968
1695195135682 0.05272650346159935 969
1695195136030 0.03672923147678375 970
1695195136374 0.053633913397789 971
1695195136718 0.020338717848062515 972
1695195137066 0.029666723683476448 973
1695195137412 0.048933446407318115 974
1695195137758 0.02025296352803707 975
1695195138112 0.029487816616892815 976
1695195138459 0.013302908279001713 977
1695195138803 0.048442818224430084 978
1695195139147 0.0506841279566288 979
1695195139495 0.0546211376786232 980
1695195139849 0.04318869113922119 981
1695195140195 0.0231841579079628 982
1695195140553 0.04195856675505638 983
1695195140898 0.06322341412305832 984
1695195141243 0.03894675523042679 985
1695195141590 0.03339220583438873 986
1695195141947 0.024493670091032982 987
1695195142292 0.015378688462078571 988
1695195142641 0.031306974589824677 989
1695195142987 0.031652480363845825 990
1695195143335 0.05414846912026405 991
1695195143685 0.02047019451856613 992
1695195144029 0.03832526504993439 993
1695195144378 0.060132261365652084 994
1695195144722 0.006557295098900795 995
1695195145069 0.024687092751264572 996
1695195145426 0.017343128100037575 997
1695195145770 0.04845954477787018 998
1695195146119 0.02078394591808319 999
1695195146465 0.02490890398621559 1000
1695195146811 0.062383368611335754 1001
1695195147155 0.006543381605297327 1002
1695195147502 0.014436157420277596 1003
1695195147846 0.052203286439180374 1004
1695195148190 0.033927809447050095 1005
1695195148538 0.022411545738577843 1006
1695195148882 0.028417475521564484 1007
1695195149228 0.012049940414726734 1008
1695195149574 0.03839670494198799 1009
1695195149920 0.014171301387250423 1010
1695195150267 0.04433436319231987 1011
1695195150612 0.03836142271757126 1012
1695195150960 0.02923414297401905 1013
1695195151305 0.046505846083164215 1014
1695195151664 0.023449121043086052 1015
1695195152009 0.040591657161712646 1016
1695195152353 0.04566905274987221 1017
1695195152701 0.03329099342226982 1018
1695195153057 0.020737972110509872 1019
1695195153411 0.012763166800141335 1020
1695195153755 0.019419759511947632 1021
1695195154101 0.032789360731840134 1022
1695195154448 0.005971486214548349 1023
1695195154792 0.004980152007192373 1024
1695195155137 0.042861826717853546 1025
1695195155483 0.014585397206246853 1026
1695195155836 0.04333572834730148 1027
1695195156180 0.007843143306672573 1028
1695195156524 0.05516759678721428 1029
1695195156867 0.045800402760505676 1030
1695195157210 0.02833179011940956 1031
1695195157555 0.023396914824843407 1032
1695195157900 0.022051295265555382 1033
1695195158251 0.05601673945784569 1034
1695195158596 0.04393935576081276 1035
1695195158943 0.031213240697979927 1036
1695195159289 0.02553650364279747 1037
1695195159634 0.04970299080014229 1038
1695195159982 0.028491102159023285 1039
1695195160325 0.04871762916445732 1040
1695195160671 0.021537380293011665 1041
1695195161017 0.0091110123321414 1042
1695195161360 0.02491605468094349 1043
1695195161704 0.025351956486701965 1044
1695195162047 0.07026200741529465 1045
1695195162390 0.02408577874302864 1046
1695195162732 0.014550019055604935 1047
1695195163078 0.058157335966825485 1048
1695195163421 0.025440357625484467 1049
1695195163763 0.023904383182525635 1050
1695195164114 0.039433129131793976 1051
1695195164460 0.016269339248538017 1052
1695195164804 0.033013712614774704 1053
1695195165147 0.06636635214090347 1054
1695195165491 0.05683594197034836 1055
1695195165834 0.008130579255521297 1056
1695195166182 0.03193235769867897 1057
1695195166528 0.060655221343040466 1058
1695195166874 0.013460971415042877 1059
1695195167220 0.05495958775281906 1060
1695195167566 0.02300994098186493 1061
1695195167911 0.00903782807290554 1062
1695195168268 0.06328395009040833 1063
1695195168611 0.03516532480716705 1064
1695195168970 0.06781215965747833 1065
1695195169313 0.012421122752130032 1066
1695195169660 0.036337293684482574 1067
1695195170016 0.017583083361387253 1068
1695195170361 0.034984953701496124 1069
1695195170717 0.035237930715084076 1070
1695195171063 0.012985488399863243 1071
1695195171411 0.06430105865001678 1072
1695195171756 0.04169909283518791 1073
1695195172102 0.056654490530490875 1074
1695195172450 0.015085878781974316 1075
1695195172806 0.05833815038204193 1076
1695195173153 0.028647610917687416 1077
1695195173511 0.0402352511882782 1078
1695195173857 0.02771930769085884 1079
1695195174204 0.030500631779432297 1080
1695195174551 0.08863835781812668 1081
1695195174902 0.048509933054447174 1082
1695195175247 0.043095726519823074 1083
1695195175602 0.022859541699290276 1084
1695195175949 0.009636069647967815 1085
1695195176293 0.02704591490328312 1086
1695195176639 0.008973589166998863 1087
1695195176985 0.018262682482600212 1088
1695195177332 0.027909880504012108 1089
1695195177677 0.023467447608709335 1090
1695195178027 0.025549544021487236 1091
1695195178372 0.017766492441296577 1092
1695195178718 0.03966783732175827 1093
1695195179064 0.0429665744304657 1094
1695195179410 0.04856477305293083 1095
1695195179757 0.08766146749258041 1096
1695195180105 0.021313317120075226 1097
1695195180453 0.042265910655260086 1098
1695195180798 0.03399582952260971 1099
1695195181142 0.08229217678308487 1100
1695195181490 0.06697723269462585 1101
1695195181835 0.0728568583726883 1102
1695195182182 0.021083325147628784 1103
1695195182528 0.028710853308439255 1104
1695195182883 0.011463477276265621 1105
1695195183237 0.012668866664171219 1106
1695195183585 0.037333566695451736 1107
1695195183936 0.022500937804579735 1108
1695195184282 0.0332585871219635 1109
1695195184628 0.03134705126285553 1110
1695195184975 0.04220873862504959 1111
1695195185320 0.06441880017518997 1112
1695195185666 0.04035896062850952 1113
1695195186013 0.01293144654482603 1114
1695195186359 0.04041668027639389 1115
1695195186704 0.02416425198316574 1116
1695195187052 0.04630435258150101 1117
1695195187397 0.04699132591485977 1118
1695195187752 0.008548988960683346 1119
1695195188101 0.018620207905769348 1120
1695195188446 0.05977122113108635 1121
1695195188791 0.016209496185183525 1122
1695195189134 0.039762966334819794 1123
1695195189479 0.017927732318639755 1124
1695195189827 0.016774801537394524 1125
1695195190179 0.029933558776974678 1126
1695195190540 0.04246821627020836 1127
1695195190889 0.016127241775393486 1128
1695195191238 0.016769930720329285 1129
1695195191583 0.03670840710401535 1130
1695195191930 0.013849788345396519 1131
1695195192277 0.04172247648239136 1132
1695195192624 0.03476127237081528 1133
1695195192970 0.028835885226726532 1134
1695195193314 0.03438029810786247 1135
1695195193658 0.023659927770495415 1136
1695195194002 0.03688550740480423 1137
1695195194344 0.01150465477257967 1138
1695195194697 0.025250909850001335 1139
1695195195042 0.024067005142569542 1140
1695195195388 0.04579857364296913 1141
1695195195741 0.01747075282037258 1142
1695195196089 0.021165287122130394 1143
1695195196438 0.020788278430700302 1144
1695195196782 0.05214637145400047 1145
1695195197138 0.00965819600969553 1146
1695195197494 0.05850488692522049 1147
1695195197840 0.03277983516454697 1148
1695195198182 0.021630773320794106 1149
1695195198526 0.03924685716629028 1150
1695195198872 0.028786292299628258 1151
1695195199217 0.025465678423643112 1152
1695195199565 0.03256138414144516 1153
1695195199911 0.0283768679946661 1154
1695195200258 0.010655002668499947 1155
1695195200614 0.006016474682837725 1156
1695195200970 0.039772115647792816 1157
1695195201314 0.0279411431401968 1158
1695195201660 0.02243739552795887 1159
1695195202010 0.013253418728709221 1160
1695195202354 0.05497250333428383 1161
1695195202698 0.047569334506988525 1162
1695195203044 0.09065946936607361 1163
1695195203391 0.04292234778404236 1164
1695195203738 0.03465394303202629 1165
1695195204088 0.06346525251865387 1166
1695195204439 0.056841056793928146 1167
1695195204782 0.0245045255869627 1168
1695195205138 0.014419891871511936 1169
1695195205485 0.026292864233255386 1170
1695195205829 0.041952427476644516 1171
1695195206183 0.008649964816868305 1172
1695195206530 0.019765162840485573 1173
1695195206880 0.0175822414457798 1174
1695195207223 0.07467367500066757 1175
1695195207568 0.05669810250401497 1176
1695195207917 0.01746494509279728 1177
1695195208261 0.013162481598556042 1178
1695195208610 0.013008685782551765 1179
1695195208955 0.02339947782456875 1180
1695195209307 0.024042334407567978 1181
1695195209651 0.015106350183486938 1182
1695195209997 0.03709527105093002 1183
1695195210344 0.01193857192993164 1184
1695195210688 0.04349932447075844 1185
1695195211043 0.04059242084622383 1186
1695195211387 0.02923336997628212 1187
1695195211731 0.07235360145568848 1188
1695195212080 0.013641275465488434 1189
1695195212426 0.047064561396837234 1190
1695195212773 0.010319341905415058 1191
1695195213120 0.030097680166363716 1192
1695195213478 0.02898717112839222 1193
1695195213824 0.03742672875523567 1194
1695195214169 0.025995930656790733 1195
1695195214517 0.028134725987911224 1196
1695195214862 0.046509999781847 1197
1695195215209 0.007786496542394161 1198
1695195215556 0.044587183743715286 1199
1695195215904 0.01585562713444233 1200
1695195216249 0.03214556351304054 1201
1695195216594 0.028430646285414696 1202
1695195216942 0.040640875697135925 1203
1695195217298 0.021769678220152855 1204
1695195217645 0.02105758897960186 1205
1695195217994 0.026181429624557495 1206
1695195218339 0.052107539027929306 1207
1695195218697 0.009599202312529087 1208
1695195219043 0.03620047867298126 1209
1695195219390 0.11011172831058502 1210
1695195219734 0.009781130589544773 1211
1695195220081 0.007305673789232969 1212
1695195220427 0.024822937324643135 1213
1695195220771 0.045743178576231 1214
1695195221120 0.018081165850162506 1215
1695195221467 0.018195047974586487 1216
1695195221813 0.013832218013703823 1217
1695195222156 0.02500717155635357 1218
1695195222568 0.04569694399833679 1219
1695195222925 0.016453111544251442 1220
1695195223278 0.017878321930766106 1221
1695195223624 0.02072768844664097 1222
1695195223968 0.012174337171018124 1223
1695195224311 0.015366213396191597 1224
1695195224654 0.08083007484674454 1225
1695195225000 0.015009162947535515 1226
1695195225345 0.04157217592000961 1227
1695195225697 0.007756577804684639 1228
1695195226046 0.007099219597876072 1229
1695195226389 0.04634247347712517 1230
1695195226734 0.042611606419086456 1231
1695195227081 0.01270721759647131 1232
1695195227427 0.009301332756876945 1233
1695195227771 0.019681861624121666 1234
1695195228118 0.040702156722545624 1235
1695195228465 0.023841680958867073 1236
1695195228808 0.040959157049655914 1237
1695195229162 0.008959805592894554 1238
1695195229509 0.020400507375597954 1239
1695195229861 0.004843299277126789 1240
1695195230206 0.06781065464019775 1241
1695195230551 0.018140019848942757 1242
1695195230894 0.007043523248285055 1243
1695195231240 0.017193501815199852 1244
1695195231583 0.03403296321630478 1245
1695195231928 0.0661487728357315 1246
1695195232276 0.05199367552995682 1247
1695195232623 0.03430637717247009 1248
1695195232969 0.005478376988321543 1249
1695195233313 0.01856084354221821 1250
1695195233658 0.03603952378034592 1251
1695195234011 0.008404403924942017 1252
1695195234356 0.016224807128310204 1253
1695195234699 0.026971545070409775 1254
1695195235046 0.011465038172900677 1255
1695195235390 0.011315781623125076 1256
1695195235733 0.004696995951235294 1257
1695195236082 0.007971796207129955 1258
1695195236431 0.04605253413319588 1259
1695195236784 0.011018124409019947 1260
1695195237129 0.008839019574224949 1261
1695195237476 0.01801496557891369 1262
1695195237819 0.08175064623355865 1263
1695195238172 0.021992526948451996 1264
1695195238520 0.012166081927716732 1265
1695195238869 0.006276879459619522 1266
1695195239214 0.013606826774775982 1267
1695195239560 0.014233460649847984 1268
1695195239907 0.008107462897896767 1269
1695195240250 0.03808430954813957 1270
1695195240605 0.03616069257259369 1271
1695195240954 0.00981853436678648 1272
1695195241297 0.02630428597331047 1273
1695195241654 0.0232216976583004 1274
1695195242000 0.017263581976294518 1275
1695195242350 0.05475175008177757 1276
1695195242698 0.008901691064238548 1277
1695195243053 0.02063870057463646 1278
1695195243418 0.04266650974750519 1279
1695195243764 0.03680993989109993 1280
1695195244114 0.02975483424961567 1281
1695195244465 0.0604373924434185 1282
1695195244810 0.0259807500988245 1283
1695195245157 0.027850134298205376 1284
1695195245503 0.03330691158771515 1285
1695195245849 0.02783544547855854 1286
1695195246193 0.029209375381469727 1287
1695195246544 0.06429249793291092 1288
1695195246891 0.03495867922902107 1289
1695195247235 0.0255083329975605 1290
1695195247602 0.01580187678337097 1291
1695195247949 0.014647313393652439 1292
1695195248294 0.04750129207968712 1293
1695195248639 0.012798796407878399 1294
1695195248986 0.011361422017216682 1295
1695195249332 0.03366180881857872 1296
1695195249677 0.021335871890187263 1297
1695195250025 0.04208759218454361 1298
1695195250370 0.014028143137693405 1299
1695195250715 0.04031873121857643 1300
1695195251073 0.0508529432117939 1301
1695195251420 0.02463196963071823 1302
1695195251765 0.025192471221089363 1303
1695195252124 0.01673516258597374 1304
1695195252471 0.01084127090871334 1305
1695195252825 0.023234810680150986 1306
1695195253169 0.029338805004954338 1307
1695195253517 0.04790409281849861 1308
1695195253861 0.03720935061573982 1309
1695195254207 0.04199028015136719 1310
1695195254556 0.021129755303263664 1311
1695195254900 0.03994154557585716 1312
1695195255249 0.03851801156997681 1313
1695195255593 0.026476550847291946 1314
1695195255941 0.012217369861900806 1315
1695195256292 0.03243386745452881 1316
1695195256638 0.021040700376033783 1317
1695195256981 0.0361359529197216 1318
1695195257324 0.04278320074081421 1319
1695195257679 0.027484562247991562 1320
1695195258033 0.014852659776806831 1321
1695195258379 0.028166266158223152 1322
1695195258722 0.014326335862278938 1323
1695195259080 0.08783013373613358 1324
1695195259425 0.030015472322702408 1325
1695195259770 0.021271822974085808 1326
1695195260123 0.01975465752184391 1327
1695195260468 0.03173103183507919 1328
1695195260812 0.019401393830776215 1329
1695195261157 0.03126124292612076 1330
1695195261514 0.09293819963932037 1331
1695195261869 0.028947802260518074 1332
1695195262214 0.016292601823806763 1333
1695195262561 0.02547665685415268 1334
1695195262904 0.03120248392224312 1335
1695195263259 0.010453184135258198 1336
1695195263607 0.02206294797360897 1337
1695195263954 0.03373643755912781 1338
1695195264300 0.017957953736186028 1339
1695195264645 0.034202832728624344 1340
1695195264994 0.019293131306767464 1341
1695195265338 0.056891899555921555 1342
1695195265684 0.019018124788999557 1343
1695195266030 0.024450507014989853 1344
1695195266379 0.01843046210706234 1345
1695195266723 0.024111611768603325 1346
1695195267068 0.019947301596403122 1347
1695195267413 0.016909433528780937 1348
1695195267756 0.06906884163618088 1349
1695195268101 0.04942582547664642 1350
1695195268448 0.017827706411480904 1351
1695195268803 0.06255096942186356 1352
1695195269148 0.02385564148426056 1353
1695195269493 0.00797530822455883 1354
1695195269839 0.05848875641822815 1355
1695195270195 0.01177645567804575 1356
1695195270549 0.03575722873210907 1357
1695195270892 0.018661610782146454 1358
1695195271236 0.003817512420937419 1359
1695195271582 0.01359594240784645 1360
1695195271927 0.008278687484562397 1361
1695195272272 0.01226955559104681 1362
1695195272616 0.02724035270512104 1363
1695195272961 0.06502722203731537 1364
1695195273306 0.13095998764038086 1365
1695195273649 0.017406264320015907 1366
1695195273997 0.01882716454565525 1367
1695195274351 0.05444953218102455 1368
1695195274694 0.024063672870397568 1369
1695195275038 0.0501321479678154 1370
1695195275397 0.021800093352794647 1371
1695195275742 0.028513586148619652 1372
1695195276098 0.02205861546099186 1373
1695195276447 0.042694587260484695 1374
1695195276790 0.04435993731021881 1375
1695195277147 0.024731473997235298 1376
1695195277496 0.02265518344938755 1377
1695195277850 0.019439179450273514 1378
1695195278195 0.03874829784035683 1379
1695195278539 0.010142948478460312 1380
1695195278883 0.0083384457975626 1381
1695195279230 0.04566409811377525 1382
1695195279574 0.03541504219174385 1383
1695195279935 0.008299318142235279 1384
1695195280278 0.045773714780807495 1385
1695195280624 0.020751791074872017 1386
1695195280969 0.012811524793505669 1387
1695195281311 0.018256045877933502 1388
1695195281655 0.018536802381277084 1389
1695195282000 0.058598846197128296 1390
1695195282348 0.07062636315822601 1391
1695195282691 0.018257850781083107 1392
1695195283044 0.04051469638943672 1393
1695195283387 0.01402148324996233 1394
1695195283731 0.016709933057427406 1395
1695195284079 0.03366479277610779 1396
1695195284424 0.025702929124236107 1397
1695195284774 0.012525070458650589 1398
1695195285120 0.03207787871360779 1399
1695195285470 0.011810634285211563 1400
1695195285814 0.016766143962740898 1401
1695195286157 0.01191745512187481 1402
1695195286514 0.015020339749753475 1403
1695195286857 0.019325094297528267 1404
1695195287212 0.02523227594792843 1405
1695195287559 0.03786863014101982 1406
1695195287902 0.014010532759130001 1407
1695195288257 0.04655542969703674 1408
1695195288611 0.023560818284749985 1409
1695195288956 0.006942251697182655 1410
1695195289300 0.008272103033959866 1411
1695195289646 0.03215905278921127 1412
1695195289990 0.05902287736535072 1413
1695195290335 0.04194195941090584 1414
1695195290693 0.025143595412373543 1415
1695195291039 0.04361904412508011 1416
1695195291386 0.037438273429870605 1417
1695195291730 0.005211119074374437 1418
1695195292076 0.03770739957690239 1419
1695195292421 0.012186088599264622 1420
1695195292765 0.016720883548259735 1421
1695195293112 0.061811234802007675 1422
1695195293456 0.013111144304275513 1423
1695195293801 0.0327141135931015 1424
1695195294144 0.020087581127882004 1425
1695195294488 0.025165347382426262 1426
1695195294832 0.024154748767614365 1427
1695195295175 0.04351086542010307 1428
1695195295522 0.012678155675530434 1429
1695195295873 0.03768241032958031 1430
1695195296219 0.0272368136793375 1431
1695195296571 0.00979593861848116 1432
1695195296917 0.00806264765560627 1433
1695195297264 0.021666202694177628 1434
1695195297611 0.029105445370078087 1435
1695195297959 0.09793292731046677 1436
1695195298312 0.03176829591393471 1437
1695195298660 0.017393670976161957 1438
1695195299006 0.03822598233819008 1439
