1695124784210 2180.828857421875 0
1695124788243 2174.17041015625 1
1695124788418 2148.11279296875 2
1695124788590 2168.89501953125 3
1695124788761 1983.783203125 4
1695124788939 1929.135498046875 5
1695124789109 1794.547119140625 6
1695124789284 1855.314208984375 7
1695124789460 1738.509765625 8
1695124789634 1706.4974365234375 9
1695124789807 1714.8653564453125 10
1695124789983 1679.6328125 11
1695124790158 1634.27490234375 12
1695124790336 1630.35595703125 13
1695124790511 1617.013916015625 14
1695124790686 1526.443603515625 15
1695124790869 1569.0889892578125 16
1695124791054 1512.879150390625 17
1695124791227 1503.8306884765625 18
1695124791401 1669.962158203125 19
1695124791589 1543.71923828125 20
1695124791776 1475.5294189453125 21
1695124791964 1497.644775390625 22
1695124792175 1387.6817626953125 23
1695124792355 1470.32470703125 24
1695124792526 1452.3155517578125 25
1695124792700 1460.73046875 26
1695124792874 1403.4052734375 27
1695124793045 1371.901611328125 28
1695124793218 1380.0654296875 29
1695124793391 1372.134765625 30
1695124793564 1339.1707763671875 31
1695124793743 1333.71044921875 32
1695124793923 1346.340576171875 33
1695124794100 1348.426513671875 34
1695124794275 1434.7470703125 35
1695124794467 1277.131591796875 36
1695124794647 1220.989990234375 37
1695124794818 1320.58251953125 38
1695124794990 1272.792236328125 39
1695124795170 1314.69140625 40
1695124795357 1204.9071044921875 41
1695124795544 1207.54296875 42
1695124795729 1187.244384765625 43
1695124795901 1255.3671875 44
1695124796074 1298.0595703125 45
1695124796248 1159.9246826171875 46
1695124796423 1208.1490478515625 47
1695124796597 1257.1453857421875 48
1695124796770 1260.2188720703125 49
1695124796942 1160.4091796875 50
1695124797114 1143.1761474609375 51
1695124797286 1233.90283203125 52
1695124797459 1159.0269775390625 53
1695124797631 1135.2991943359375 54
1695124797804 1186.0643310546875 55
1695124797975 1130.4169921875 56
1695124798146 1081.80908203125 57
1695124798327 1107.611572265625 58
1695124798499 1113.197265625 59
1695124798670 1121.815185546875 60
1695124798840 1048.030517578125 61
1695124799011 1091.9830322265625 62
1695124799184 1109.8492431640625 63
1695124799356 1181.9599609375 64
1695124799529 1150.3438720703125 65
1695124799702 1106.858642578125 66
1695124799875 1080.904052734375 67
1695124800048 1111.687744140625 68
1695124800222 1121.986328125 69
1695124800395 1063.2926025390625 70
1695124800567 1102.613037109375 71
1695124800739 1076.8863525390625 72
1695124800911 1095.19140625 73
1695124801083 1094.531494140625 74
1695124801253 1073.1844482421875 75
1695124801441 1009.7665405273438 76
1695124801627 1102.37060546875 77
1695124801805 1055.7989501953125 78
1695124801993 1134.4501953125 79
1695124802171 1009.4356079101562 80
1695124802343 1095.324462890625 81
1695124802516 1020.492919921875 82
1695124802687 1025.529296875 83
1695124802876 1040.9412841796875 84
1695124803051 977.7728271484375 85
1695124803226 1015.0648803710938 86
1695124803397 1042.0703125 87
1695124803570 966.9889526367188 88
1695124803742 1054.46435546875 89
1695124803914 974.397216796875 90
1695124804087 1019.9896240234375 91
1695124804265 970.26123046875 92
1695124804438 1116.8262939453125 93
1695124804611 1073.423583984375 94
1695124804782 933.565673828125 95
1695124804953 1017.0496215820312 96
1695124805126 987.81396484375 97
1695124805302 1002.6552124023438 98
1695124805475 966.8128662109375 99
1695124805649 958.199951171875 100
1695124809275 914.4857177734375 101
1695124809447 1052.35546875 102
1695124809619 1032.685546875 103
1695124809792 1006.5908203125 104
1695124809966 982.3653564453125 105
1695124810138 962.8780517578125 106
1695124810310 1030.2669677734375 107
1695124810483 966.6944580078125 108
1695124810655 952.7266235351562 109
1695124810826 957.61083984375 110
1695124810999 987.3644409179688 111
1695124811183 993.6510009765625 112
1695124811376 1016.8882446289062 113
1695124811556 999.6909790039062 114
1695124811734 961.03515625 115
1695124811912 963.9104614257812 116
1695124812086 877.0601806640625 117
1695124812274 932.9401245117188 118
1695124812462 904.9849243164062 119
1695124812650 996.930908203125 120
1695124812837 889.611083984375 121
1695124813017 922.276123046875 122
1695124813190 883.1390380859375 123
1695124813374 928.8387451171875 124
1695124813547 887.0169677734375 125
1695124813723 888.1187744140625 126
1695124813896 979.489501953125 127
1695124814071 852.0783081054688 128
1695124814244 914.6883544921875 129
1695124814420 864.7140502929688 130
1695124814605 969.878662109375 131
1695124814788 933.029541015625 132
1695124814970 957.250732421875 133
1695124815149 944.2059326171875 134
1695124815332 896.8788452148438 135
1695124815507 886.5553588867188 136
1695124815684 824.9776611328125 137
1695124815858 937.9578247070312 138
1695124816041 881.9508056640625 139
1695124816226 882.145751953125 140
1695124816407 886.5450439453125 141
1695124816602 877.541259765625 142
1695124816788 875.95166015625 143
1695124816978 925.9979248046875 144
1695124817157 899.4844360351562 145
1695124817330 881.1300048828125 146
1695124817523 897.451416015625 147
1695124817710 858.0272827148438 148
1695124817894 902.4405517578125 149
1695124818079 884.9378662109375 150
1695124818276 889.8345336914062 151
1695124818471 823.0390625 152
1695124818651 880.8638305664062 153
1695124818834 913.583740234375 154
1695124819020 892.6055908203125 155
1695124819206 833.0723876953125 156
1695124819390 868.1970825195312 157
1695124819571 832.8380737304688 158
1695124819748 860.1593017578125 159
1695124819938 873.935791015625 160
1695124820124 821.764892578125 161
1695124820311 880.7901611328125 162
1695124820498 863.1022338867188 163
1695124820689 854.5345458984375 164
1695124820880 873.9596557617188 165
1695124821058 809.8106689453125 166
1695124821242 821.7896118164062 167
1695124821418 897.14697265625 168
1695124821595 833.1317138671875 169
1695124821779 892.7291259765625 170
1695124821963 836.2523803710938 171
1695124822145 830.6912841796875 172
1695124822335 818.907470703125 173
1695124822512 993.9453125 174
1695124822700 836.5235595703125 175
1695124822883 836.68115234375 176
1695124823062 942.7734985351562 177
1695124823236 873.345703125 178
1695124823426 842.7550048828125 179
1695124823612 824.8038330078125 180
1695124823804 898.2892456054688 181
1695124823985 851.2657470703125 182
1695124824162 857.114501953125 183
1695124824337 807.7289428710938 184
1695124824513 869.3440551757812 185
1695124824686 910.8657836914062 186
1695124824862 846.2330932617188 187
1695124825048 804.992431640625 188
1695124825239 807.966064453125 189
1695124825425 865.0372314453125 190
1695124825611 780.8850708007812 191
1695124825798 874.0751953125 192
1695124825985 846.8125 193
1695124826176 875.2614135742188 194
1695124826356 848.0093994140625 195
1695124826536 893.3649291992188 196
1695124826725 815.130126953125 197
1695124826920 818.3797607421875 198
1695124827108 855.5423583984375 199
1695124827288 827.72705078125 200
1695124831077 822.7789306640625 201
1695124831254 864.4487915039062 202
1695124831428 837.3946533203125 203
1695124831604 862.7727661132812 204
1695124831776 828.430908203125 205
1695124831949 818.4581298828125 206
1695124832128 799.2598876953125 207
1695124832312 780.2279052734375 208
1695124832490 802.40869140625 209
1695124832666 752.404296875 210
1695124832845 845.8636474609375 211
1695124833021 783.1002807617188 212
1695124833202 823.4999389648438 213
1695124833385 817.62939453125 214
1695124833582 770.7113037109375 215
1695124833760 812.7738647460938 216
1695124833937 794.9837646484375 217
1695124834111 777.5352783203125 218
1695124834290 823.0755615234375 219
1695124834462 807.87353515625 220
1695124834645 828.7406005859375 221
1695124834834 805.3092651367188 222
1695124835020 766.712158203125 223
1695124835209 794.162353515625 224
1695124835396 813.3883056640625 225
1695124835575 809.09326171875 226
1695124835764 844.25439453125 227
1695124835942 806.1762084960938 228
1695124836116 767.611572265625 229
1695124836297 750.4490356445312 230
1695124836488 838.7017822265625 231
1695124836664 760.034912109375 232
1695124836838 844.7371215820312 233
1695124837012 778.087158203125 234
1695124837184 758.6915283203125 235
1695124837356 791.0546875 236
1695124837538 755.3416748046875 237
1695124837724 785.1285400390625 238
1695124837900 777.0048828125 239
1695124838074 743.9406127929688 240
1695124838250 848.0458984375 241
1695124838438 743.0079956054688 242
1695124838623 752.50830078125 243
1695124838797 768.1339111328125 244
1695124838972 750.2835693359375 245
1695124839148 837.81494140625 246
1695124839326 757.7192993164062 247
1695124839510 837.1259155273438 248
1695124839689 895.8592529296875 249
1695124839860 813.419189453125 250
1695124840037 757.7405395507812 251
1695124840209 743.87353515625 252
1695124840383 773.8160400390625 253
1695124840557 737.7836303710938 254
1695124840731 749.9189453125 255
1695124840906 727.584716796875 256
1695124841080 820.5650634765625 257
1695124841254 762.6143798828125 258
1695124841428 759.4094848632812 259
1695124841602 753.4749755859375 260
1695124841781 863.3234252929688 261
1695124841955 804.4932250976562 262
1695124842126 817.79931640625 263
1695124842302 706.9629516601562 264
1695124842475 760.769287109375 265
1695124842649 741.66552734375 266
1695124842823 758.8175659179688 267
1695124842998 748.7977294921875 268
1695124843174 804.6064453125 269
1695124843346 733.08056640625 270
1695124843520 744.7430419921875 271
1695124843695 708.0135498046875 272
1695124843869 708.145263671875 273
1695124844043 726.9744873046875 274
1695124844217 729.5831298828125 275
1695124844391 772.5919189453125 276
1695124844565 858.6019287109375 277
1695124844739 843.5770263671875 278
1695124844914 689.5858154296875 279
1695124845088 818.1260375976562 280
1695124845269 754.696044921875 281
1695124845456 718.2435302734375 282
1695124845637 736.163818359375 283
1695124845817 718.851318359375 284
1695124845995 764.2616577148438 285
1695124846171 769.894775390625 286
1695124846349 764.6752319335938 287
1695124846526 765.69873046875 288
1695124846700 760.1014404296875 289
1695124846873 696.4595947265625 290
1695124847048 713.1693115234375 291
1695124847222 735.2572021484375 292
1695124847397 696.092529296875 293
1695124847571 726.9447021484375 294
1695124847745 666.3590698242188 295
1695124847920 687.3623046875 296
1695124848094 698.8160400390625 297
1695124848269 733.0499267578125 298
1695124848445 754.6963500976562 299
1695124848620 751.6307373046875 300
1695124852377 731.2362060546875 301
1695124852552 676.4041748046875 302
1695124852737 699.2958374023438 303
1695124852912 726.5654296875 304
1695124853088 771.2776489257812 305
1695124853264 656.8974609375 306
1695124853441 696.5316162109375 307
1695124853617 762.87890625 308
1695124853790 702.0253295898438 309
1695124853964 687.96484375 310
1695124854138 747.4320068359375 311
1695124854314 804.422607421875 312
1695124854488 783.8157348632812 313
1695124854661 741.3721313476562 314
1695124854835 754.2362060546875 315
1695124855011 706.0410766601562 316
1695124855184 686.8699951171875 317
1695124855358 692.6597900390625 318
1695124855532 730.7055053710938 319
1695124855708 738.644287109375 320
1695124855881 782.8711547851562 321
1695124856055 726.564697265625 322
1695124856230 732.382568359375 323
1695124856403 684.9066162109375 324
1695124856579 698.4483642578125 325
1695124856752 711.4797973632812 326
1695124856926 735.599853515625 327
1695124857100 723.4038696289062 328
1695124857276 699.2320556640625 329
1695124857450 711.6050415039062 330
1695124857624 756.008544921875 331
1695124857797 747.8418579101562 332
1695124857973 788.4849853515625 333
1695124858147 758.7598876953125 334
1695124858321 664.8955688476562 335
1695124858495 712.107666015625 336
1695124858669 723.1585693359375 337
1695124858844 679.9599609375 338
1695124859018 857.652099609375 339
1695124859192 751.366455078125 340
1695124859366 709.0473022460938 341
1695124859542 688.7628173828125 342
1695124859715 767.85498046875 343
1695124859892 666.0325927734375 344
1695124860070 752.9163818359375 345
1695124860247 723.1708984375 346
1695124860423 746.1964721679688 347
1695124860599 756.3668212890625 348
1695124860776 733.7601928710938 349
1695124860949 694.1181640625 350
1695124861124 712.3336181640625 351
1695124861297 774.822998046875 352
1695124861473 655.7034912109375 353
1695124861646 656.0254516601562 354
1695124861820 664.1708984375 355
1695124861994 696.0538330078125 356
1695124862171 735.7147827148438 357
1695124862345 750.767578125 358
1695124862520 688.5118408203125 359
1695124862695 665.6776123046875 360
1695124862870 691.7907104492188 361
1695124863045 739.536865234375 362
1695124863222 676.7968139648438 363
1695124863397 690.1527099609375 364
1695124863573 733.6405029296875 365
1695124863754 725.3029174804688 366
1695124863928 746.763427734375 367
1695124864104 670.9931640625 368
1695124864279 693.4562377929688 369
1695124864455 698.131591796875 370
1695124864630 706.5262451171875 371
1695124864805 719.1273803710938 372
1695124864981 669.0285034179688 373
1695124865157 680.5582885742188 374
1695124865332 687.4739990234375 375
1695124865506 704.5293579101562 376
1695124865680 681.0256958007812 377
1695124865854 652.3585205078125 378
1695124866029 713.4422607421875 379
1695124866203 674.8192138671875 380
1695124866378 684.6560668945312 381
1695124866553 696.949951171875 382
1695124866727 695.4752197265625 383
1695124866901 674.4683837890625 384
1695124867074 661.5946044921875 385
1695124867249 662.9973754882812 386
1695124867423 687.9840698242188 387
1695124867596 710.3358154296875 388
1695124867772 701.0450439453125 389
1695124867945 670.55126953125 390
1695124868121 704.0852661132812 391
1695124868294 687.1126098632812 392
1695124868468 692.2374267578125 393
1695124868642 768.8760986328125 394
1695124868818 736.1047973632812 395
1695124868991 700.554443359375 396
1695124869166 729.9757080078125 397
1695124869341 672.9013671875 398
1695124869515 676.8339233398438 399
1695124869689 639.982421875 400
1695124873354 707.1104736328125 401
1695124873531 712.6972045898438 402
1695124873707 732.339111328125 403
1695124873884 663.1588134765625 404
1695124874059 693.0663452148438 405
1695124874233 722.0460205078125 406
1695124874408 654.93896484375 407
1695124874581 704.98779296875 408
1695124874758 797.2940063476562 409
1695124874934 652.447998046875 410
1695124875110 697.6600341796875 411
1695124875288 656.5 412
1695124875464 698.14208984375 413
1695124875641 711.685302734375 414
1695124875817 650.917236328125 415
1695124875994 663.613525390625 416
1695124876170 676.7674560546875 417
1695124876347 666.1322631835938 418
1695124876524 724.362060546875 419
1695124876700 618.6467895507812 420
1695124876874 710.0166015625 421
1695124877049 628.3075561523438 422
1695124877221 657.4779663085938 423
1695124877396 663.9439697265625 424
1695124877586 699.0780029296875 425
1695124877770 654.5048828125 426
1695124877958 669.8582763671875 427
1695124878150 673.0306396484375 428
1695124878336 665.0493774414062 429
1695124878523 665.97509765625 430
1695124878708 681.3563232421875 431
1695124878896 681.03466796875 432
1695124879086 639.7366333007812 433
1695124879269 737.3255615234375 434
1695124879444 665.427490234375 435
1695124879619 714.3180541992188 436
1695124879813 702.5364379882812 437
1695124880010 660.9999389648438 438
1695124880201 752.0361938476562 439
1695124880394 683.3731079101562 440
1695124880585 698.5435180664062 441
1695124880777 694.0545654296875 442
1695124880951 650.248779296875 443
1695124881136 665.2230834960938 444
1695124881322 673.0572509765625 445
1695124881506 692.0104370117188 446
1695124881692 669.4578857421875 447
1695124881881 677.8148193359375 448
1695124882064 618.172119140625 449
1695124882237 663.5818481445312 450
1695124882419 667.1986083984375 451
1695124882609 684.5361328125 452
1695124882797 733.738037109375 453
1695124882985 655.4371337890625 454
1695124883166 677.0997314453125 455
1695124883341 684.2586669921875 456
1695124883538 711.180908203125 457
1695124883728 643.728759765625 458
1695124883917 722.8675537109375 459
1695124884106 650.6131591796875 460
1695124884292 671.5362548828125 461
1695124884491 654.4253540039062 462
1695124884675 638.6004028320312 463
1695124884848 671.1660766601562 464
1695124885022 627.1987915039062 465
1695124885198 710.97412109375 466
1695124885369 697.9360961914062 467
1695124885548 648.2958374023438 468
1695124885725 718.8818359375 469
1695124885897 661.5921020507812 470
1695124886074 678.435302734375 471
1695124886248 644.5973510742188 472
1695124886429 696.3021850585938 473
1695124886615 652.195068359375 474
1695124886795 691.5379638671875 475
1695124886983 764.744384765625 476
1695124887168 700.3408813476562 477
1695124887354 669.423095703125 478
1695124887538 650.72216796875 479
1695124887727 723.4776611328125 480
1695124887906 679.3358764648438 481
1695124888089 679.7659912109375 482
1695124888265 704.1004028320312 483
1695124888441 665.463623046875 484
1695124888614 665.1439208984375 485
1695124888798 736.2440795898438 486
1695124888982 635.2455444335938 487
1695124889156 685.4329833984375 488
1695124889330 629.0140380859375 489
1695124889505 657.5382690429688 490
1695124889682 694.6073608398438 491
1695124889858 696.698486328125 492
1695124890035 651.672607421875 493
1695124890210 641.2994384765625 494
1695124890387 650.39453125 495
1695124890560 718.674560546875 496
1695124890732 658.1097412109375 497
1695124890905 637.743896484375 498
1695124891078 702.4740600585938 499
1695124891251 671.0355224609375 500
1695124895185 644.2847900390625 501
1695124895357 623.2911376953125 502
1695124895532 666.0218505859375 503
1695124895707 647.64208984375 504
1695124895880 676.5797119140625 505
1695124896064 638.3082885742188 506
1695124896251 663.6466064453125 507
1695124896429 742.7677612304688 508
1695124896617 711.5047607421875 509
1695124896814 717.017822265625 510
1695124896997 622.1927490234375 511
1695124897178 615.6747436523438 512
1695124897369 637.288330078125 513
1695124897545 663.8040771484375 514
1695124897719 673.3387451171875 515
1695124897898 666.3193359375 516
1695124898073 653.093017578125 517
1695124898250 650.3675537109375 518
1695124898427 621.9376220703125 519
1695124898604 711.46240234375 520
1695124898778 742.9749755859375 521
1695124898952 675.67431640625 522
1695124899126 648.5942993164062 523
1695124899300 687.3353271484375 524
1695124899474 688.5228881835938 525
1695124899649 698.10693359375 526
1695124899823 661.6734619140625 527
1695124899997 686.6069946289062 528
1695124900171 630.7079467773438 529
1695124900346 645.012939453125 530
1695124900520 702.153076171875 531
1695124900694 647.3145751953125 532
1695124900869 645.5255737304688 533
1695124901043 606.3043823242188 534
1695124901217 678.8216552734375 535
1695124901391 598.8294677734375 536
1695124901565 665.8072509765625 537
1695124901742 704.1884765625 538
1695124901915 725.0831909179688 539
1695124902090 644.573486328125 540
1695124902268 627.475830078125 541
1695124902445 621.2139892578125 542
1695124902620 700.9181518554688 543
1695124902797 610.3777465820312 544
1695124902974 698.6187744140625 545
1695124903148 644.784423828125 546
1695124903322 625.3595581054688 547
1695124903497 687.979736328125 548
1695124903671 671.5692138671875 549
1695124903845 607.7108154296875 550
1695124904019 637.697021484375 551
1695124904193 644.472412109375 552
1695124904368 670.47265625 553
1695124904542 662.68701171875 554
1695124904716 661.0247802734375 555
1695124904890 660.0015258789062 556
1695124905064 654.2428588867188 557
1695124905239 583.2198486328125 558
1695124905413 627.6317138671875 559
1695124905587 727.7457885742188 560
1695124905761 705.1756591796875 561
1695124905954 713.8927001953125 562
1695124906150 687.0289306640625 563
1695124906345 613.4942626953125 564
1695124906542 669.4890747070312 565
1695124906725 625.5029907226562 566
1695124906910 700.8519287109375 567
1695124907097 663.0903930664062 568
1695124907274 664.9075927734375 569
1695124907451 657.8820190429688 570
1695124907632 644.3291625976562 571
1695124907812 655.645263671875 572
1695124907995 715.2694702148438 573
1695124908184 633.0202026367188 574
1695124908372 647.462158203125 575
1695124908564 659.4873046875 576
1695124908752 671.6630249023438 577
1695124908943 731.619873046875 578
1695124909134 642.6061401367188 579
1695124909326 633.5458984375 580
1695124909512 650.4803466796875 581
1695124909684 703.9962158203125 582
1695124909859 690.0171508789062 583
1695124910037 644.6243286132812 584
1695124910210 648.89013671875 585
1695124910383 696.1788330078125 586
1695124910556 710.5529174804688 587
1695124910733 692.825927734375 588
1695124910918 702.1714477539062 589
1695124911105 678.2172241210938 590
1695124911291 675.38330078125 591
1695124911472 641.4240112304688 592
1695124911651 673.6640625 593
1695124911830 609.0623779296875 594
1695124912017 604.2843017578125 595
1695124912205 660.2494506835938 596
1695124912395 703.6612548828125 597
1695124912583 745.1268310546875 598
1695124912773 646.2178955078125 599
1695124912960 593.873291015625 600
1695124917000 810.5289306640625 601
1695124917174 645.19189453125 602
1695124917352 653.574951171875 603
1695124917532 646.335693359375 604
1695124917708 720.1329956054688 605
1695124917886 646.7191162109375 606
1695124918062 637.423583984375 607
1695124918235 627.2918090820312 608
1695124918410 684.5780029296875 609
1695124918585 697.51708984375 610
1695124918759 651.2685546875 611
1695124918939 677.0167236328125 612
1695124919121 681.6963500976562 613
1695124919314 655.7457885742188 614
1695124919494 709.5020751953125 615
1695124919676 588.2229614257812 616
1695124919868 614.2139892578125 617
1695124920056 683.75732421875 618
1695124920242 629.51953125 619
1695124920420 624.1879272460938 620
1695124920597 668.3707885742188 621
1695124920772 639.5106201171875 622
1695124920944 660.7880859375 623
1695124921117 703.8516845703125 624
1695124921291 630.2825317382812 625
1695124921464 659.5512084960938 626
1695124921637 637.4117431640625 627
1695124921816 595.5521240234375 628
1695124921991 638.6758422851562 629
1695124922164 710.6019287109375 630
1695124922337 685.9398803710938 631
1695124922510 673.1513061523438 632
1695124922684 652.8370361328125 633
1695124922860 741.077880859375 634
1695124923051 639.1060180664062 635
1695124923241 639.76416015625 636
1695124923423 650.4841918945312 637
1695124923617 671.9913330078125 638
1695124923791 624.7054443359375 639
1695124923964 661.537109375 640
1695124924140 755.8150634765625 641
1695124924315 654.622314453125 642
1695124924492 652.9586181640625 643
1695124924667 639.5240478515625 644
1695124924841 609.5919189453125 645
1695124925013 610.2642822265625 646
1695124925186 614.9758911132812 647
1695124925358 649.5547485351562 648
1695124925531 580.5691528320312 649
1695124925704 706.9532470703125 650
1695124925880 587.9918212890625 651
1695124926053 637.474609375 652
1695124926227 671.6964111328125 653
1695124926400 602.6033325195312 654
1695124926573 602.6961059570312 655
1695124926758 616.8638916015625 656
1695124926940 651.69921875 657
1695124927114 667.5921630859375 658
1695124927288 766.7734375 659
1695124927463 641.4044189453125 660
1695124927638 665.7515258789062 661
1695124927822 590.680419921875 662
1695124927997 618.3724365234375 663
1695124928169 639.8277587890625 664
1695124928344 667.9811401367188 665
1695124928518 635.3578491210938 666
1695124928704 645.6531982421875 667
1695124928891 631.74609375 668
1695124929063 613.2491455078125 669
1695124929235 628.1620483398438 670
1695124929408 611.8372192382812 671
1695124929580 633.0601806640625 672
1695124929756 649.073974609375 673
1695124929929 610.674072265625 674
1695124930104 704.4326782226562 675
1695124930277 643.2229614257812 676
1695124930453 617.5845336914062 677
1695124930625 665.7994995117188 678
1695124930799 633.6275634765625 679
1695124930972 614.1511840820312 680
1695124931150 641.8446044921875 681
1695124931332 658.9657592773438 682
1695124931506 671.31298828125 683
1695124931679 600.6724243164062 684
1695124931852 634.9891967773438 685
1695124932024 620.3920288085938 686
1695124932195 563.6719360351562 687
1695124932369 596.0579223632812 688
1695124932541 618.2445678710938 689
1695124932714 625.5322265625 690
1695124932888 622.566650390625 691
1695124933062 647.9010620117188 692
1695124933246 677.3157958984375 693
1695124933425 640.8328857421875 694
1695124933599 613.6262817382812 695
1695124933776 628.4530029296875 696
1695124933968 698.7784423828125 697
1695124934147 652.6070556640625 698
1695124934320 675.3186645507812 699
1695124934497 623.2904052734375 700
1695124938128 630.7620849609375 701
1695124938301 632.523681640625 702
1695124938475 578.2333374023438 703
1695124938647 648.4263916015625 704
1695124938818 650.6834106445312 705
1695124938992 611.978759765625 706
1695124939164 619.6533813476562 707
1695124939340 642.51123046875 708
1695124939527 689.4615478515625 709
1695124939710 655.4932250976562 710
1695124939884 681.1446533203125 711
1695124940067 610.9222412109375 712
1695124940251 633.9313354492188 713
1695124940426 640.2706298828125 714
1695124940601 591.3819580078125 715
1695124940774 663.0891723632812 716
1695124940948 630.8515625 717
1695124941121 564.7136840820312 718
1695124941295 628.9240112304688 719
1695124941469 682.0248413085938 720
1695124941642 606.3231201171875 721
1695124941816 684.533447265625 722
1695124941989 613.3353271484375 723
1695124942163 642.727783203125 724
1695124942337 550.8010864257812 725
1695124942511 601.813232421875 726
1695124942684 663.8834838867188 727
1695124942857 619.4195556640625 728
1695124943030 639.321044921875 729
1695124943202 657.3076782226562 730
1695124943374 615.5753173828125 731
1695124943548 615.4973754882812 732
1695124943722 625.2901611328125 733
1695124943896 551.3273315429688 734
1695124944070 702.5655517578125 735
1695124944243 643.9779052734375 736
1695124944417 605.4581909179688 737
1695124944590 618.187255859375 738
1695124944764 618.0946044921875 739
1695124944937 608.875732421875 740
1695124945111 628.981689453125 741
1695124945284 620.0985107421875 742
1695124945459 604.1519775390625 743
1695124945631 636.544189453125 744
1695124945805 610.9993286132812 745
1695124945977 634.9197998046875 746
1695124946149 573.1455078125 747
1695124946322 641.4230346679688 748
1695124946495 669.3978881835938 749
1695124946673 663.4560546875 750
1695124946846 681.916015625 751
1695124947019 629.8734130859375 752
1695124947193 632.7587890625 753
1695124947366 565.3319091796875 754
1695124947540 618.3570556640625 755
1695124947714 665.0560302734375 756
1695124947888 591.2092895507812 757
1695124948061 617.4317626953125 758
1695124948234 674.2175903320312 759
1695124948408 572.4451904296875 760
1695124948581 593.2540893554688 761
1695124948753 679.0758056640625 762
1695124948926 641.9046630859375 763
1695124949099 672.65673828125 764
1695124949273 615.5471801757812 765
1695124949447 655.5667724609375 766
1695124949622 594.7482299804688 767
1695124949795 654.1187744140625 768
1695124949969 626.8758544921875 769
1695124950142 624.4403076171875 770
1695124950316 604.8311767578125 771
1695124950490 578.394287109375 772
1695124950663 589.5073852539062 773
1695124950837 644.3756103515625 774
1695124951012 642.4400634765625 775
1695124951186 594.267822265625 776
1695124951359 682.405029296875 777
1695124951534 614.818115234375 778
1695124951709 649.5982055664062 779
1695124951883 603.9100952148438 780
1695124952057 691.775146484375 781
1695124952231 669.0863037109375 782
1695124952405 582.6407470703125 783
1695124952579 624.4097290039062 784
1695124952753 577.5077514648438 785
1695124952926 649.1998291015625 786
1695124953101 583.833740234375 787
1695124953275 579.3707885742188 788
1695124953448 665.665771484375 789
1695124953627 606.7317504882812 790
1695124953801 590.3325805664062 791
1695124953975 584.8665771484375 792
1695124954149 584.0165405273438 793
1695124954323 586.6407470703125 794
1695124954496 625.04296875 795
1695124954670 592.7554931640625 796
1695124954844 612.5618896484375 797
1695124955018 680.5587768554688 798
1695124955192 662.0969848632812 799
1695124955366 665.3448486328125 800
1695124958975 654.8265380859375 801
1695124959150 661.1435546875 802
1695124959327 666.9728393554688 803
1695124959502 577.2704467773438 804
1695124959676 593.158935546875 805
1695124959859 614.7407836914062 806
1695124960045 657.4517211914062 807
1695124960241 586.5097045898438 808
1695124960422 576.5341796875 809
1695124960603 622.42431640625 810
1695124960776 656.0267333984375 811
1695124960962 603.976806640625 812
1695124961148 666.8709716796875 813
1695124961336 589.2562866210938 814
1695124961516 715.836669921875 815
1695124961709 586.736572265625 816
1695124961901 600.4635620117188 817
1695124962088 592.2985229492188 818
1695124962278 577.2388916015625 819
1695124962475 619.6219482421875 820
1695124962649 611.5598754882812 821
1695124962829 619.455322265625 822
1695124963015 583.8258666992188 823
1695124963197 694.7432861328125 824
1695124963372 605.406494140625 825
1695124963553 638.2943115234375 826
1695124963739 612.9068603515625 827
1695124963916 650.4635009765625 828
1695124964092 614.7762451171875 829
1695124964267 712.4912109375 830
1695124964441 618.9691772460938 831
1695124964615 580.0885620117188 832
1695124964789 640.4439697265625 833
1695124964964 610.3221435546875 834
1695124965147 628.0380859375 835
1695124965333 594.2453002929688 836
1695124965517 556.017333984375 837
1695124965707 643.3053588867188 838
1695124965880 629.8074951171875 839
1695124966053 581.646728515625 840
1695124966228 610.712646484375 841
1695124966411 570.7310180664062 842
1695124966609 641.084716796875 843
1695124966796 626.66845703125 844
1695124966972 634.9367065429688 845
1695124967153 602.2149658203125 846
1695124967330 591.7311401367188 847
1695124967508 578.2493286132812 848
1695124967680 653.3934326171875 849
1695124967865 603.48681640625 850
1695124968041 575.9570922851562 851
1695124968221 645.0386352539062 852
1695124968398 586.960693359375 853
1695124968577 631.5730590820312 854
1695124968765 593.2186279296875 855
1695124968941 582.9351806640625 856
1695124969120 678.5040893554688 857
1695124969311 578.5819702148438 858
1695124969502 640.6405029296875 859
1695124969695 611.783203125 860
1695124969884 640.3118286132812 861
1695124970068 588.80029296875 862
1695124970254 595.2244873046875 863
1695124970433 609.7640991210938 864
1695124970612 661.6304321289062 865
1695124970789 625.034423828125 866
1695124970965 596.94482421875 867
1695124971147 680.0054931640625 868
1695124971326 575.6239624023438 869
1695124971503 646.6044921875 870
1695124971688 573.3556518554688 871
1695124971871 615.4727783203125 872
1695124972054 606.6400146484375 873
1695124972236 614.8284912109375 874
1695124972414 621.4234619140625 875
1695124972593 603.53857421875 876
1695124972776 615.2304077148438 877
1695124972952 595.64111328125 878
1695124973128 647.2005615234375 879
1695124973306 574.5480346679688 880
1695124973482 592.3548583984375 881
1695124973658 605.8104858398438 882
1695124973835 598.3462524414062 883
1695124974011 585.9623413085938 884
1695124974187 597.146728515625 885
1695124974362 619.7487182617188 886
1695124974539 605.148681640625 887
1695124974716 612.604248046875 888
1695124974901 554.0426025390625 889
1695124975077 629.7213134765625 890
1695124975255 588.2355346679688 891
1695124975428 642.9228515625 892
1695124975601 629.75439453125 893
1695124975778 603.3264770507812 894
1695124975953 599.0994873046875 895
1695124976129 578.4202880859375 896
1695124976317 609.299560546875 897
1695124976510 581.961181640625 898
1695124976697 604.242431640625 899
1695124976876 578.6825561523438 900
1695124980910 581.3305053710938 901
1695124981085 648.076904296875 902
1695124981259 628.6513061523438 903
1695124981440 617.87646484375 904
1695124981618 589.7222290039062 905
1695124981795 617.31005859375 906
1695124981978 639.2351684570312 907
1695124982158 607.7343139648438 908
1695124982346 601.7557373046875 909
1695124982520 617.5330200195312 910
1695124982698 572.2230224609375 911
1695124982883 579.1913452148438 912
1695124983060 599.8057250976562 913
1695124983239 553.8154296875 914
1695124983420 553.2265014648438 915
1695124983600 543.3536987304688 916
1695124983776 622.7048950195312 917
1695124983960 648.6934814453125 918
1695124984137 619.9642944335938 919
1695124984313 628.0582275390625 920
1695124984489 606.5721435546875 921
1695124984664 611.776123046875 922
1695124984841 597.510498046875 923
1695124985017 574.350341796875 924
1695124985193 581.906494140625 925
1695124985372 587.0771484375 926
1695124985547 597.5205688476562 927
1695124985725 562.7352905273438 928
1695124985900 606.08447265625 929
1695124986075 609.5428466796875 930
1695124986250 553.6279296875 931
1695124986427 588.1580810546875 932
1695124986606 662.308837890625 933
1695124986781 574.6760864257812 934
1695124986956 572.2730102539062 935
1695124987148 567.7269897460938 936
1695124987334 546.2572021484375 937
1695124987516 603.6428833007812 938
1695124987699 566.0526123046875 939
1695124987892 542.9175415039062 940
1695124988077 653.8495483398438 941
1695124988264 572.3078002929688 942
1695124988452 588.9696044921875 943
1695124988637 655.2633056640625 944
1695124988824 615.6070556640625 945
1695124989017 615.77685546875 946
1695124989209 594.3873291015625 947
1695124989404 586.7147827148438 948
1695124989601 595.726806640625 949
1695124989779 676.0384521484375 950
1695124989953 570.10595703125 951
1695124990128 615.120361328125 952
1695124990305 642.183349609375 953
1695124990483 595.8177490234375 954
1695124990661 586.2762451171875 955
1695124990847 623.6649780273438 956
1695124991033 541.8656005859375 957
1695124991207 564.7900390625 958
1695124991382 588.502197265625 959
1695124991557 557.8995971679688 960
1695124991730 650.4261474609375 961
1695124991904 587.6242065429688 962
1695124992076 624.8727416992188 963
1695124992250 610.349609375 964
1695124992426 584.4072875976562 965
1695124992601 596.6488037109375 966
1695124992774 589.279541015625 967
1695124992949 598.568603515625 968
1695124993123 591.6358032226562 969
1695124993298 581.7504272460938 970
1695124993470 572.2981567382812 971
1695124993643 593.0384521484375 972
1695124993816 613.05126953125 973
1695124993989 629.7020874023438 974
1695124994162 587.3521728515625 975
1695124994336 661.8223876953125 976
1695124994512 582.5919799804688 977
1695124994687 591.7423095703125 978
1695124994871 581.063720703125 979
1695124995067 582.7021484375 980
1695124995248 620.05322265625 981
1695124995427 599.3212890625 982
1695124995613 598.3839111328125 983
1695124995794 615.25732421875 984
1695124995967 600.8614501953125 985
1695124996142 553.8682861328125 986
1695124996315 631.1197509765625 987
1695124996491 556.4710693359375 988
1695124996669 610.6239013671875 989
1695124996858 604.3751831054688 990
1695124997045 608.282470703125 991
1695124997235 558.677734375 992
1695124997414 558.2975463867188 993
1695124997589 593.6339111328125 994
1695124997762 604.629638671875 995
1695124997934 577.43359375 996
1695124998107 581.2297973632812 997
1695124998282 585.6981201171875 998
1695124998456 579.843994140625 999
1695124998630 586.8521118164062 1000
1695125002608 583.942626953125 1001
1695125002784 611.6390380859375 1002
1695125002967 588.46435546875 1003
1695125003151 605.86669921875 1004
1695125003340 557.002197265625 1005
1695125003515 589.3976440429688 1006
1695125003688 569.4617309570312 1007
1695125003861 620.2144775390625 1008
1695125004033 601.6558837890625 1009
1695125004206 611.3754272460938 1010
1695125004379 592.4866333007812 1011
1695125004553 558.9581298828125 1012
1695125004726 599.825439453125 1013
1695125004900 640.9618530273438 1014
1695125005075 550.5856323242188 1015
1695125005250 601.2111206054688 1016
1695125005439 584.328857421875 1017
1695125005630 650.9581298828125 1018
1695125005818 568.173095703125 1019
1695125005997 652.4462890625 1020
1695125006184 537.731201171875 1021
1695125006364 573.1295776367188 1022
1695125006557 601.648681640625 1023
1695125006730 591.2740478515625 1024
1695125006905 585.4552612304688 1025
1695125007078 568.09521484375 1026
1695125007262 615.9390869140625 1027
1695125007450 554.0902709960938 1028
1695125007631 559.0335083007812 1029
1695125007818 582.4967041015625 1030
1695125007999 544.452392578125 1031
1695125008176 591.5126342773438 1032
1695125008353 667.3439331054688 1033
1695125008529 626.9264526367188 1034
1695125008710 652.951171875 1035
1695125008890 544.055419921875 1036
1695125009070 595.187744140625 1037
1695125009250 545.4639892578125 1038
1695125009428 558.586181640625 1039
1695125009608 631.2367553710938 1040
1695125009782 626.4468994140625 1041
1695125009961 535.8637084960938 1042
1695125010147 601.21826171875 1043
1695125010336 605.973388671875 1044
1695125010519 552.588623046875 1045
1695125010704 583.49951171875 1046
1695125010882 590.696533203125 1047
1695125011064 604.2339477539062 1048
1695125011241 618.273193359375 1049
1695125011423 590.5037841796875 1050
1695125011607 556.579345703125 1051
1695125011798 607.89501953125 1052
1695125011981 604.7511596679688 1053
1695125012168 572.8626708984375 1054
1695125012359 581.7735595703125 1055
1695125012546 551.9465942382812 1056
1695125012733 598.3995361328125 1057
1695125012921 590.8884887695312 1058
1695125013105 563.046142578125 1059
1695125013284 564.796142578125 1060
1695125013473 556.20068359375 1061
1695125013653 587.6714477539062 1062
1695125013832 704.453857421875 1063
1695125014012 607.3851928710938 1064
1695125014193 587.3631591796875 1065
1695125014370 573.0856323242188 1066
1695125014545 598.923828125 1067
1695125014724 671.7547607421875 1068
1695125014898 604.6411743164062 1069
1695125015078 581.7642211914062 1070
1695125015257 602.2660522460938 1071
1695125015430 604.9567260742188 1072
1695125015606 606.837158203125 1073
1695125015779 589.42578125 1074
1695125015956 547.728271484375 1075
1695125016143 638.65869140625 1076
1695125016339 552.6998901367188 1077
1695125016523 621.208984375 1078
1695125016696 569.29150390625 1079
1695125016872 548.48876953125 1080
1695125017049 599.777587890625 1081
1695125017221 563.0397338867188 1082
1695125017396 579.44580078125 1083
1695125017570 580.8079833984375 1084
1695125017746 565.7841796875 1085
1695125017934 563.917724609375 1086
1695125018119 546.241943359375 1087
1695125018297 649.5341796875 1088
1695125018487 615.5331420898438 1089
1695125018674 583.4625244140625 1090
1695125018858 549.2131958007812 1091
1695125019048 593.697998046875 1092
1695125019237 600.9615478515625 1093
1695125019425 612.947265625 1094
1695125019615 589.4952392578125 1095
1695125019812 597.6387939453125 1096
1695125020005 591.9200439453125 1097
1695125020195 614.4830932617188 1098
1695125020387 645.2232666015625 1099
1695125020578 553.1504516601562 1100
1695125024688 631.2984008789062 1101
1695125024869 619.1832275390625 1102
1695125025052 581.427490234375 1103
1695125025240 614.0267333984375 1104
1695125025415 653.0069580078125 1105
1695125025588 565.1983642578125 1106
1695125025762 572.97314453125 1107
1695125025935 579.9024047851562 1108
1695125026108 577.553955078125 1109
1695125026282 592.6943359375 1110
1695125026455 563.1551513671875 1111
1695125026629 582.3986206054688 1112
1695125026803 583.8912353515625 1113
1695125026976 552.4994506835938 1114
1695125027150 611.9260864257812 1115
1695125027325 615.28271484375 1116
1695125027499 602.7626953125 1117
1695125027672 595.739013671875 1118
1695125027846 593.0557250976562 1119
1695125028018 604.5396728515625 1120
1695125028191 598.52001953125 1121
1695125028363 601.138916015625 1122
1695125028536 552.657470703125 1123
1695125028710 586.0380859375 1124
1695125028883 639.4923095703125 1125
1695125029057 571.9541015625 1126
1695125029230 606.89208984375 1127
1695125029404 597.9384765625 1128
1695125029578 604.1837768554688 1129
1695125029753 577.6259765625 1130
1695125029927 603.4927978515625 1131
1695125030103 550.2138671875 1132
1695125030276 565.3560180664062 1133
1695125030464 573.205078125 1134
1695125030639 587.7252197265625 1135
1695125030814 599.80859375 1136
1695125030989 572.2824096679688 1137
1695125031163 618.60986328125 1138
1695125031340 640.8619995117188 1139
1695125031514 553.3111572265625 1140
1695125031689 573.2267456054688 1141
1695125031861 521.2335815429688 1142
1695125032042 596.7755737304688 1143
1695125032215 623.582763671875 1144
1695125032389 564.93017578125 1145
1695125032562 585.6369018554688 1146
1695125032736 560.5304565429688 1147
1695125032909 556.1372680664062 1148
1695125033082 605.0531616210938 1149
1695125033255 582.901123046875 1150
1695125033429 589.362060546875 1151
1695125033602 640.631591796875 1152
1695125033776 583.752197265625 1153
1695125033951 585.8724365234375 1154
1695125034124 567.6419067382812 1155
1695125034298 601.6653442382812 1156
1695125034472 588.1954345703125 1157
1695125034645 578.9102172851562 1158
1695125034819 598.0045166015625 1159
1695125034992 603.3541870117188 1160
1695125035165 591.4300537109375 1161
1695125035340 689.4497680664062 1162
1695125035514 602.2848510742188 1163
1695125035686 562.262451171875 1164
1695125035860 593.9541625976562 1165
1695125036034 556.5791015625 1166
1695125036209 570.040771484375 1167
1695125036383 547.0150756835938 1168
1695125036555 592.1177978515625 1169
1695125036727 577.3834228515625 1170
1695125036900 547.8271484375 1171
1695125037074 554.19140625 1172
1695125037247 546.4389038085938 1173
1695125037421 565.103759765625 1174
1695125037595 602.7559814453125 1175
1695125037769 543.19091796875 1176
1695125037943 561.5720825195312 1177
1695125038116 653.2333984375 1178
1695125038291 579.782470703125 1179
1695125038464 616.0263671875 1180
1695125038638 581.0973510742188 1181
1695125038812 546.6109619140625 1182
1695125038986 629.3892822265625 1183
1695125039163 606.7146606445312 1184
1695125039335 572.7152099609375 1185
1695125039508 602.763671875 1186
1695125039682 603.9693603515625 1187
1695125039858 579.2305297851562 1188
1695125040036 577.2733764648438 1189
1695125040214 558.0741577148438 1190
1695125040399 595.7982177734375 1191
1695125040577 550.1981811523438 1192
1695125040753 577.4646606445312 1193
1695125040928 561.3042602539062 1194
1695125041107 587.3844604492188 1195
1695125041281 599.9242553710938 1196
1695125041457 607.4885864257812 1197
1695125041632 616.255859375 1198
1695125041811 570.5296630859375 1199
1695125041987 588.457275390625 1200
1695125045648 610.5140380859375 1201
1695125045839 565.2427978515625 1202
1695125046027 587.514892578125 1203
1695125046221 589.7178955078125 1204
1695125046397 567.2684326171875 1205
1695125046581 606.9697875976562 1206
1695125046767 575.7803955078125 1207
1695125046942 530.6395874023438 1208
1695125047117 605.3707885742188 1209
1695125047304 624.4117431640625 1210
1695125047488 586.1810302734375 1211
1695125047662 534.135009765625 1212
1695125047840 563.2100219726562 1213
1695125048017 558.4281616210938 1214
1695125048190 582.1749877929688 1215
1695125048362 557.0401611328125 1216
1695125048536 593.7657470703125 1217
1695125048712 584.2503662109375 1218
1695125048888 522.8851928710938 1219
1695125049060 565.062255859375 1220
1695125049233 597.0350341796875 1221
1695125049407 588.4705200195312 1222
1695125049581 589.1866455078125 1223
1695125049755 541.7655029296875 1224
1695125049928 539.1465454101562 1225
1695125050101 585.470947265625 1226
1695125050275 546.4068603515625 1227
1695125050448 622.3814697265625 1228
1695125050634 615.26513671875 1229
1695125050808 593.7394409179688 1230
1695125050981 554.3157348632812 1231
1695125051154 522.2227783203125 1232
1695125051327 567.6945190429688 1233
1695125051499 564.1499633789062 1234
1695125051673 551.083740234375 1235
1695125051845 541.4036254882812 1236
1695125052019 604.4482421875 1237
1695125052193 580.6536865234375 1238
1695125052366 580.3948974609375 1239
1695125052540 538.2283935546875 1240
1695125052714 597.713134765625 1241
1695125052890 563.28369140625 1242
1695125053064 533.8011474609375 1243
1695125053238 573.0897827148438 1244
1695125053413 593.2902221679688 1245
1695125053588 570.205078125 1246
1695125053762 584.912353515625 1247
1695125053935 604.24951171875 1248
1695125054109 630.0604248046875 1249
1695125054283 611.4878540039062 1250
1695125054457 538.6995849609375 1251
1695125054638 529.9239501953125 1252
1695125054822 645.8677978515625 1253
1695125055002 586.4391479492188 1254
1695125055182 550.0877685546875 1255
1695125055360 578.87646484375 1256
1695125055545 608.0916748046875 1257
1695125055735 595.953857421875 1258
1695125055928 632.5252075195312 1259
1695125056129 582.6477661132812 1260
1695125056323 551.5413818359375 1261
1695125056515 572.4609375 1262
1695125056708 614.0873413085938 1263
1695125056894 525.7681884765625 1264
1695125057080 584.868896484375 1265
1695125057265 598.4947509765625 1266
1695125057443 569.569580078125 1267
1695125057632 581.187744140625 1268
1695125057817 625.7330322265625 1269
1695125057993 573.2767333984375 1270
1695125058173 535.8120727539062 1271
1695125058359 566.6832275390625 1272
1695125058554 568.2432250976562 1273
1695125058733 600.8692626953125 1274
1695125058917 562.734619140625 1275
1695125059101 589.6358642578125 1276
1695125059285 541.4947509765625 1277
1695125059475 542.7122802734375 1278
1695125059666 601.948974609375 1279
1695125059861 534.4403076171875 1280
1695125060041 615.3831176757812 1281
1695125060230 632.3212890625 1282
1695125060412 659.8260498046875 1283
1695125060598 571.24658203125 1284
1695125060779 561.7140502929688 1285
1695125060959 607.380615234375 1286
1695125061142 649.9854736328125 1287
1695125061322 540.1804809570312 1288
1695125061503 592.7135009765625 1289
1695125061685 578.7822265625 1290
1695125061868 527.0337524414062 1291
1695125062055 555.1025390625 1292
1695125062245 630.0272216796875 1293
1695125062427 575.4030151367188 1294
1695125062609 604.1339111328125 1295
1695125062792 516.5198364257812 1296
1695125062973 557.212646484375 1297
1695125063156 561.56005859375 1298
1695125063338 557.5469360351562 1299
1695125063522 574.8665161132812 1300
1695125067501 515.0302734375 1301
1695125067675 538.429443359375 1302
1695125067849 553.70263671875 1303
1695125068036 561.3368530273438 1304
1695125068230 546.102294921875 1305
1695125068405 608.8944702148438 1306
1695125068578 564.107421875 1307
1695125068751 609.3155517578125 1308
1695125068924 557.1156616210938 1309
1695125069100 654.2670288085938 1310
1695125069284 556.1089477539062 1311
1695125069461 627.5879516601562 1312
1695125069636 566.0372314453125 1313
1695125069826 559.840576171875 1314
1695125070010 572.0404052734375 1315
1695125070200 567.3720092773438 1316
1695125070383 635.8513793945312 1317
1695125070574 554.5528564453125 1318
1695125070767 604.1250610351562 1319
1695125070964 554.9685668945312 1320
1695125071149 554.7843017578125 1321
1695125071332 608.083251953125 1322
1695125071516 559.9590454101562 1323
1695125071699 549.230224609375 1324
1695125071880 592.759521484375 1325
1695125072061 543.2963256835938 1326
1695125072241 588.2630004882812 1327
1695125072422 555.316650390625 1328
1695125072603 583.8975830078125 1329
1695125072783 538.9269409179688 1330
1695125072963 634.4368896484375 1331
1695125073142 650.22265625 1332
1695125073323 553.114990234375 1333
1695125073503 577.568359375 1334
1695125073687 567.842529296875 1335
1695125073881 579.7528076171875 1336
1695125074072 537.5775146484375 1337
1695125074258 548.1441650390625 1338
1695125074447 601.6174926757812 1339
1695125074640 531.8803100585938 1340
1695125074826 618.6951904296875 1341
1695125075019 571.6627807617188 1342
1695125075207 576.60302734375 1343
1695125075389 610.7412719726562 1344
1695125075570 563.1165161132812 1345
1695125075753 572.1787109375 1346
1695125075937 569.420654296875 1347
1695125076120 554.6593017578125 1348
1695125076305 546.85205078125 1349
1695125076495 602.0217895507812 1350
1695125076691 595.056884765625 1351
1695125076882 558.503662109375 1352
1695125077073 552.574462890625 1353
1695125077259 629.5680541992188 1354
1695125077444 544.6589965820312 1355
1695125077624 595.2630004882812 1356
1695125077813 589.182861328125 1357
1695125077997 556.1402587890625 1358
1695125078183 553.406494140625 1359
1695125078365 596.5816650390625 1360
1695125078545 538.838134765625 1361
1695125078733 611.6820068359375 1362
1695125078922 559.0599365234375 1363
1695125079111 569.5875244140625 1364
1695125079302 531.60009765625 1365
1695125079495 599.8226928710938 1366
1695125079685 572.5145874023438 1367
1695125079878 552.2255859375 1368
1695125080069 597.572998046875 1369
1695125080261 554.7972412109375 1370
1695125080453 601.5344848632812 1371
1695125080642 540.7224731445312 1372
1695125080831 529.5808715820312 1373
1695125081024 552.9743041992188 1374
1695125081207 594.0829467773438 1375
1695125081404 600.0753784179688 1376
1695125081594 562.6812133789062 1377
1695125081786 544.7896118164062 1378
1695125081983 593.4346313476562 1379
1695125082174 550.5294189453125 1380
1695125082356 569.88525390625 1381
1695125082529 527.3046875 1382
1695125082704 568.49169921875 1383
1695125082881 541.0958251953125 1384
1695125083054 592.710693359375 1385
1695125083228 575.0833129882812 1386
1695125083401 570.1077880859375 1387
1695125083576 630.4963989257812 1388
1695125083753 649.9310302734375 1389
1695125083926 554.333740234375 1390
1695125084099 493.68902587890625 1391
1695125084273 599.9056396484375 1392
1695125084447 547.182861328125 1393
1695125084620 603.90478515625 1394
1695125084794 624.4171142578125 1395
1695125084968 622.40283203125 1396
1695125085141 553.864990234375 1397
1695125085315 614.729736328125 1398
1695125085498 634.6617431640625 1399
1695125085685 579.6083984375 1400
1695125089503 563.5465698242188 1401
1695125089684 575.0820922851562 1402
1695125089858 541.30126953125 1403
1695125090032 557.9609985351562 1404
1695125090206 624.2570190429688 1405
1695125090382 583.7808837890625 1406
1695125090555 593.84130859375 1407
1695125090728 561.2279052734375 1408
1695125090900 574.601318359375 1409
1695125091088 657.255859375 1410
1695125091276 625.29052734375 1411
1695125091466 589.47802734375 1412
1695125091649 624.9912109375 1413
1695125091836 620.9595336914062 1414
1695125092025 595.11474609375 1415
1695125092216 599.2811279296875 1416
1695125092408 550.103271484375 1417
1695125092604 556.036865234375 1418
1695125092793 577.6611938476562 1419
1695125092983 515.39306640625 1420
1695125093162 552.3157348632812 1421
1695125093353 589.3968505859375 1422
1695125093545 579.5582275390625 1423
1695125093723 566.3491821289062 1424
1695125093912 588.1239013671875 1425
1695125094096 594.0842895507812 1426
1695125094271 577.5352783203125 1427
1695125094460 560.875 1428
1695125094647 583.5614013671875 1429
1695125094826 544.1972045898438 1430
1695125095002 572.1412353515625 1431
1695125095181 617.5145874023438 1432
1695125095360 540.2535400390625 1433
1695125095539 614.744873046875 1434
1695125095713 558.6957397460938 1435
1695125095894 538.7860717773438 1436
1695125096082 576.9302978515625 1437
1695125096274 603.5411987304688 1438
1695125096460 542.9791870117188 1439
1695125096633 574.5249633789062 1440
1695125096820 568.4827880859375 1441
1695125097010 565.2046508789062 1442
1695125097202 587.32470703125 1443
1695125097376 570.441162109375 1444
1695125097551 601.460693359375 1445
1695125097737 603.3331298828125 1446
1695125097914 565.770263671875 1447
1695125098103 518.5679931640625 1448
1695125098292 536.5614013671875 1449
1695125098481 560.0513916015625 1450
1695125098658 520.0222778320312 1451
1695125098835 566.109619140625 1452
1695125099013 583.2695922851562 1453
1695125099197 527.378173828125 1454
1695125099382 586.9115600585938 1455
1695125099568 522.5470581054688 1456
1695125099759 583.8433837890625 1457
1695125099941 622.5958251953125 1458
1695125100116 541.6878662109375 1459
1695125100293 581.1771240234375 1460
1695125100486 575.86328125 1461
1695125100659 598.4924926757812 1462
1695125100832 582.888671875 1463
1695125101006 505.0195007324219 1464
1695125101180 548.036865234375 1465
1695125101353 596.0748291015625 1466
1695125101525 597.283447265625 1467
1695125101700 563.71826171875 1468
1695125101875 621.7156982421875 1469
1695125102049 612.8017578125 1470
1695125102228 587.2893676757812 1471
1695125102414 547.7564697265625 1472
1695125102601 568.6539916992188 1473
1695125102790 574.0894165039062 1474
1695125102976 597.9822998046875 1475
1695125103161 589.8382568359375 1476
1695125103341 558.555908203125 1477
1695125103517 552.1971435546875 1478
1695125103698 577.1279296875 1479
1695125103875 558.0718994140625 1480
1695125104052 588.9085693359375 1481
1695125104227 528.0178833007812 1482
1695125104402 542.9420776367188 1483
1695125104580 608.8050537109375 1484
1695125104759 545.419921875 1485
1695125104933 515.80712890625 1486
1695125105108 513.182861328125 1487
1695125105283 539.7119140625 1488
1695125105467 558.8833618164062 1489
1695125105655 571.7667236328125 1490
1695125105832 561.86962890625 1491
1695125106018 552.07080078125 1492
1695125106203 609.5100708007812 1493
1695125106386 546.767333984375 1494
1695125106568 583.75341796875 1495
1695125106745 562.134033203125 1496
1695125106922 607.6195678710938 1497
1695125107098 611.4944458007812 1498
1695125107289 594.546875 1499
1695125107472 569.4178466796875 1500
1695125111072 611.3751220703125 1501
1695125111246 541.0140991210938 1502
1695125111418 548.2750854492188 1503
1695125111591 532.9027099609375 1504
1695125111765 550.2437133789062 1505
1695125111943 558.9052734375 1506
1695125112116 528.0794067382812 1507
1695125112302 580.3855590820312 1508
1695125112490 503.53076171875 1509
1695125112664 538.5189208984375 1510
1695125112843 672.1238403320312 1511
1695125113023 672.24609375 1512
1695125113196 569.0459594726562 1513
1695125113370 522.7608032226562 1514
1695125113544 587.2326049804688 1515
1695125113718 561.36474609375 1516
1695125113891 652.87646484375 1517
1695125114066 569.68896484375 1518
1695125114240 587.1885986328125 1519
1695125114412 560.0005493164062 1520
1695125114600 561.3882446289062 1521
1695125114791 582.3333740234375 1522
1695125114965 629.0958251953125 1523
1695125115139 600.2279663085938 1524
1695125115312 602.8043212890625 1525
1695125115486 542.3847045898438 1526
1695125115658 585.550048828125 1527
1695125115831 540.0128173828125 1528
1695125116006 529.3892822265625 1529
1695125116180 536.2178344726562 1530
1695125116362 587.2315063476562 1531
1695125116538 521.5698852539062 1532
1695125116714 572.7638549804688 1533
1695125116888 575.8466186523438 1534
1695125117061 556.2189331054688 1535
1695125117235 604.5309448242188 1536
1695125117409 579.0905151367188 1537
1695125117583 582.3547973632812 1538
1695125117756 543.5101318359375 1539
1695125117930 585.6021118164062 1540
1695125118104 579.5436401367188 1541
1695125118277 600.8004150390625 1542
1695125118453 600.5130004882812 1543
1695125118627 532.3350219726562 1544
1695125118801 548.3580322265625 1545
1695125118975 535.5200805664062 1546
1695125119149 622.818603515625 1547
1695125119323 523.8114013671875 1548
1695125119497 528.0548095703125 1549
1695125119671 569.2479248046875 1550
1695125119844 586.375732421875 1551
1695125120018 517.911865234375 1552
1695125120192 569.8882446289062 1553
1695125120366 518.5028076171875 1554
1695125120540 597.94287109375 1555
1695125120723 547.2969360351562 1556
1695125120913 538.6463012695312 1557
1695125121088 591.9525756835938 1558
1695125121263 607.4000854492188 1559
1695125121438 613.3079833984375 1560
1695125121611 546.509033203125 1561
1695125121794 570.7052001953125 1562
1695125121984 558.7313842773438 1563
1695125122157 584.6406860351562 1564
1695125122331 553.6851806640625 1565
1695125122507 549.2728271484375 1566
1695125122680 521.892578125 1567
1695125122864 543.9410400390625 1568
1695125123039 583.3519897460938 1569
1695125123213 564.6640625 1570
1695125123387 582.7845458984375 1571
1695125123562 583.9064331054688 1572
1695125123736 571.7010498046875 1573
1695125123911 531.7223510742188 1574
1695125124084 537.1968994140625 1575
1695125124258 542.7396240234375 1576
1695125124432 557.3744506835938 1577
1695125124606 558.8319091796875 1578
1695125124782 516.216064453125 1579
1695125124956 548.7022705078125 1580
1695125125130 564.0302734375 1581
1695125125304 555.6029663085938 1582
1695125125479 540.05712890625 1583
1695125125652 549.3662109375 1584
1695125125826 545.677978515625 1585
1695125126001 549.59521484375 1586
1695125126175 608.8792724609375 1587
1695125126349 608.249267578125 1588
1695125126523 553.9855346679688 1589
1695125126699 586.46240234375 1590
1695125126873 566.7147216796875 1591
1695125127047 526.47900390625 1592
1695125127221 501.6204833984375 1593
1695125127401 530.2824096679688 1594
1695125127573 530.1704711914062 1595
1695125127746 556.3088989257812 1596
1695125127919 550.996337890625 1597
1695125128093 504.314453125 1598
1695125128267 577.413330078125 1599
1695125128441 533.3325805664062 1600
1695125132219 568.809814453125 1601
1695125132395 549.0599365234375 1602
1695125132568 588.444580078125 1603
1695125132743 536.8612670898438 1604
1695125132927 586.4605102539062 1605
1695125133100 571.566650390625 1606
1695125133272 522.5372314453125 1607
1695125133445 551.4649658203125 1608
1695125133618 536.404052734375 1609
1695125133792 553.8734130859375 1610
1695125133967 531.9381103515625 1611
1695125134142 575.890625 1612
1695125134315 547.6580810546875 1613
1695125134488 519.3959350585938 1614
1695125134662 580.2979736328125 1615
1695125134837 577.7301635742188 1616
1695125135010 533.0635375976562 1617
1695125135188 583.8272705078125 1618
1695125135360 567.3192749023438 1619
1695125135539 605.7125244140625 1620
1695125135713 550.7240600585938 1621
1695125135887 585.6458740234375 1622
1695125136060 551.0430908203125 1623
1695125136236 553.5133666992188 1624
1695125136409 567.4700317382812 1625
1695125136583 585.6873168945312 1626
1695125136756 601.2157592773438 1627
1695125136931 537.439208984375 1628
1695125137107 558.4198608398438 1629
1695125137282 543.9775390625 1630
1695125137460 588.323486328125 1631
1695125137634 609.2039794921875 1632
1695125137809 565.2348022460938 1633
1695125137983 525.710205078125 1634
1695125138163 576.5828857421875 1635
1695125138336 585.6458740234375 1636
1695125138509 544.8527221679688 1637
1695125138683 551.3246459960938 1638
1695125138857 584.9859619140625 1639
1695125139031 507.36505126953125 1640
1695125139205 542.2987670898438 1641
1695125139379 575.85009765625 1642
1695125139553 570.6239624023438 1643
1695125139726 562.6015625 1644
1695125139903 571.367919921875 1645
1695125140091 527.9849853515625 1646
1695125140280 555.3353271484375 1647
1695125140454 566.6441650390625 1648
1695125140627 568.17822265625 1649
1695125140801 583.7374267578125 1650
1695125140975 569.26953125 1651
1695125141148 540.3480224609375 1652
1695125141322 584.8397827148438 1653
1695125141495 624.7692260742188 1654
1695125141669 564.8504028320312 1655
1695125141843 554.0232543945312 1656
1695125142016 571.9409790039062 1657
1695125142209 592.5570068359375 1658
1695125142395 566.3363647460938 1659
1695125142569 591.0593872070312 1660
1695125142744 580.0888671875 1661
1695125142929 536.5731201171875 1662
1695125143103 570.4366455078125 1663
1695125143276 552.340087890625 1664
1695125143451 571.7698364257812 1665
1695125143638 559.375732421875 1666
1695125143822 547.4942016601562 1667
1695125143995 528.1515502929688 1668
1695125144168 563.5452270507812 1669
1695125144343 497.83056640625 1670
1695125144517 580.6647338867188 1671
1695125144690 570.3457641601562 1672
1695125144865 639.2412109375 1673
1695125145039 550.3540649414062 1674
1695125145213 565.5989990234375 1675
1695125145387 550.5360717773438 1676
1695125145563 553.683837890625 1677
1695125145736 526.08984375 1678
1695125145909 555.907470703125 1679
1695125146083 533.9607543945312 1680
1695125146258 601.8668823242188 1681
1695125146433 626.05908203125 1682
1695125146609 546.8192138671875 1683
1695125146782 501.562744140625 1684
1695125146956 563.6693115234375 1685
1695125147129 629.5582885742188 1686
1695125147303 580.9291381835938 1687
1695125147477 540.5773315429688 1688
1695125147650 510.9700927734375 1689
1695125147824 535.7920532226562 1690
1695125147998 619.8865356445312 1691
1695125148172 558.1180419921875 1692
1695125148345 581.711669921875 1693
1695125148519 574.7962646484375 1694
1695125148693 550.6181640625 1695
1695125148868 567.87158203125 1696
1695125149042 622.1690673828125 1697
1695125149216 577.1912841796875 1698
1695125149390 524.8543090820312 1699
1695125149564 589.0152587890625 1700
1695125153081 509.36846923828125 1701
1695125153254 615.893798828125 1702
1695125153434 564.179443359375 1703
1695125153608 536.9761352539062 1704
1695125153780 552.27490234375 1705
1695125153954 578.244873046875 1706
1695125154145 539.004638671875 1707
1695125154333 543.1917114257812 1708
1695125154507 540.0654296875 1709
1695125154682 590.1334838867188 1710
1695125154858 584.5359497070312 1711
1695125155036 566.48828125 1712
1695125155211 542.001220703125 1713
1695125155385 658.9979858398438 1714
1695125155564 666.2882080078125 1715
1695125155750 530.1685180664062 1716
1695125155937 558.984130859375 1717
1695125156111 579.4154052734375 1718
1695125156285 509.3912353515625 1719
1695125156462 538.7159423828125 1720
1695125156635 538.7110595703125 1721
1695125156813 567.1425170898438 1722
1695125156986 560.6964721679688 1723
1695125157158 564.0323486328125 1724
1695125157331 557.1077270507812 1725
1695125157504 535.7819213867188 1726
1695125157677 594.299560546875 1727
1695125157852 597.0543823242188 1728
1695125158027 538.2620239257812 1729
1695125158202 547.1113891601562 1730
1695125158375 556.001220703125 1731
1695125158549 619.9791259765625 1732
1695125158723 541.2737426757812 1733
1695125158896 507.85919189453125 1734
1695125159071 531.3367919921875 1735
1695125159246 520.859619140625 1736
1695125159420 635.90673828125 1737
1695125159596 510.6891784667969 1738
1695125159770 531.5296630859375 1739
1695125159946 565.9478149414062 1740
1695125160122 560.1375122070312 1741
1695125160294 561.4176635742188 1742
1695125160468 590.1541137695312 1743
1695125160641 547.3847045898438 1744
1695125160815 566.34521484375 1745
1695125161000 592.7311401367188 1746
1695125161188 564.493896484375 1747
1695125161366 588.0106811523438 1748
1695125161541 528.063720703125 1749
1695125161719 553.1988525390625 1750
1695125161893 525.8717651367188 1751
1695125162065 558.467041015625 1752
1695125162237 587.638916015625 1753
1695125162411 534.5300903320312 1754
1695125162584 559.2221069335938 1755
1695125162758 551.4274291992188 1756
1695125162944 604.8814086914062 1757
1695125163118 582.41259765625 1758
1695125163292 567.741455078125 1759
1695125163470 533.387939453125 1760
1695125163643 532.384765625 1761
1695125163817 597.4949951171875 1762
1695125163991 547.503662109375 1763
1695125164164 583.275390625 1764
1695125164338 585.5608520507812 1765
1695125164511 545.86962890625 1766
1695125164683 551.3871459960938 1767
1695125164856 568.77294921875 1768
1695125165029 542.8905029296875 1769
1695125165201 554.63427734375 1770
1695125165375 509.7908935546875 1771
1695125165549 514.0733642578125 1772
1695125165723 535.7666015625 1773
1695125165895 544.5155639648438 1774
1695125166069 538.7581787109375 1775
1695125166254 518.9705200195312 1776
1695125166441 530.2337036132812 1777
1695125166617 543.4559326171875 1778
1695125166790 542.361083984375 1779
1695125166969 560.59619140625 1780
1695125167159 566.258544921875 1781
1695125167339 536.7696533203125 1782
1695125167512 522.0062866210938 1783
1695125167687 533.143798828125 1784
1695125167860 560.4577026367188 1785
1695125168032 540.54638671875 1786
1695125168204 554.0927734375 1787
1695125168377 556.0186767578125 1788
1695125168549 573.5517578125 1789
1695125168723 573.829833984375 1790
1695125168897 536.23876953125 1791
1695125169071 528.3014526367188 1792
1695125169245 506.6556396484375 1793
1695125169419 554.0863647460938 1794
1695125169593 540.7841796875 1795
1695125169767 555.5791015625 1796
1695125169941 606.7876586914062 1797
1695125170114 558.1514892578125 1798
1695125170287 541.7186279296875 1799
1695125170460 544.6597900390625 1800
1695125174215 516.1380004882812 1801
1695125174389 603.986328125 1802
1695125174562 527.57958984375 1803
1695125174753 611.543701171875 1804
1695125174927 577.376708984375 1805
1695125175102 528.9752807617188 1806
1695125175276 508.73809814453125 1807
1695125175449 535.5936889648438 1808
1695125175623 544.077392578125 1809
1695125175795 534.41796875 1810
1695125175968 541.01904296875 1811
1695125176141 542.4927978515625 1812
1695125176315 555.421875 1813
1695125176489 566.7431640625 1814
1695125176663 645.4837036132812 1815
1695125176836 511.7692565917969 1816
1695125177011 592.1739501953125 1817
1695125177184 596.7769775390625 1818
1695125177358 594.400634765625 1819
1695125177532 510.4341125488281 1820
1695125177705 561.0980224609375 1821
1695125177879 532.53759765625 1822
1695125178054 551.8632202148438 1823
1695125178229 629.1810913085938 1824
1695125178403 583.4514770507812 1825
1695125178579 537.2060546875 1826
1695125178752 569.1849975585938 1827
1695125178932 527.6544189453125 1828
1695125179118 571.4512329101562 1829
1695125179297 542.9116821289062 1830
1695125179471 526.9842529296875 1831
1695125179647 524.1497192382812 1832
1695125179821 541.8778076171875 1833
1695125179996 531.4971313476562 1834
1695125180171 577.2800903320312 1835
1695125180345 601.6539306640625 1836
1695125180519 520.674560546875 1837
1695125180693 572.1829833984375 1838
1695125180867 648.4495849609375 1839
1695125181044 575.455322265625 1840
1695125181217 537.505126953125 1841
1695125181392 608.3294677734375 1842
1695125181566 592.51806640625 1843
1695125181740 591.5064697265625 1844
1695125181914 551.4602661132812 1845
1695125182088 600.509765625 1846
1695125182262 526.6277465820312 1847
1695125182437 587.1473388671875 1848
1695125182610 603.6565551757812 1849
1695125182784 534.6947631835938 1850
1695125182971 531.5303955078125 1851
1695125183144 520.429931640625 1852
1695125183317 559.8682861328125 1853
1695125183490 544.29443359375 1854
1695125183662 552.8421020507812 1855
1695125183834 614.0319213867188 1856
1695125184007 610.6275024414062 1857
1695125184182 547.9020385742188 1858
1695125184370 564.6688232421875 1859
1695125184552 593.67919921875 1860
1695125184725 561.144775390625 1861
1695125184901 528.6484985351562 1862
1695125185076 556.3431396484375 1863
1695125185250 545.306884765625 1864
1695125185425 537.9873046875 1865
1695125185601 509.4734191894531 1866
1695125185774 555.606201171875 1867
1695125185948 533.7749633789062 1868
1695125186122 566.0388793945312 1869
1695125186295 593.3160400390625 1870
1695125186473 549.6578979492188 1871
1695125186647 523.9752807617188 1872
1695125186823 550.813720703125 1873
1695125187000 575.0703735351562 1874
1695125187173 593.116943359375 1875
1695125187346 533.211669921875 1876
1695125187522 542.858154296875 1877
1695125187695 550.597900390625 1878
1695125187872 562.1043701171875 1879
1695125188045 535.2550048828125 1880
1695125188218 518.7188110351562 1881
1695125188390 596.8785400390625 1882
1695125188570 568.8408813476562 1883
1695125188760 574.6700439453125 1884
1695125188941 535.7943725585938 1885
1695125189117 542.7518310546875 1886
1695125189290 572.408447265625 1887
1695125189464 575.45556640625 1888
1695125189637 561.0109252929688 1889
1695125189811 558.3364868164062 1890
1695125189984 578.7215576171875 1891
1695125190159 544.849853515625 1892
1695125190334 565.1461791992188 1893
1695125190508 645.198974609375 1894
1695125190685 586.5657958984375 1895
1695125190858 621.849853515625 1896
1695125191031 571.8411865234375 1897
1695125191206 539.2318115234375 1898
1695125191379 548.6021728515625 1899
1695125191555 555.2935791015625 1900
1695125195222 541.9129028320312 1901
1695125195398 554.2650756835938 1902
1695125195574 561.4044189453125 1903
1695125195749 588.2144165039062 1904
1695125195924 624.2192993164062 1905
1695125196098 572.4859008789062 1906
1695125196272 593.3055419921875 1907
1695125196446 535.6632690429688 1908
1695125196620 595.7762451171875 1909
1695125196793 570.3842163085938 1910
1695125196969 553.43603515625 1911
1695125197143 565.2536010742188 1912
1695125197317 559.1860961914062 1913
1695125197491 558.6788940429688 1914
1695125197664 562.64990234375 1915
1695125197838 554.154541015625 1916
1695125198013 567.8038330078125 1917
1695125198188 550.0811767578125 1918
1695125198362 606.7534790039062 1919
1695125198540 576.8170776367188 1920
1695125198712 517.2855224609375 1921
1695125198887 530.792236328125 1922
1695125199061 560.1181030273438 1923
1695125199235 525.8823852539062 1924
1695125199412 538.311279296875 1925
1695125199584 493.03118896484375 1926
1695125199759 538.515869140625 1927
1695125199932 574.7799682617188 1928
1695125200106 535.9072875976562 1929
1695125200283 495.3691101074219 1930
1695125200456 535.6212768554688 1931
1695125200629 570.0709228515625 1932
1695125200802 570.0505981445312 1933
1695125200977 615.58837890625 1934
1695125201151 597.7135009765625 1935
1695125201328 554.9794921875 1936
1695125201515 518.84228515625 1937
1695125201695 587.156982421875 1938
1695125201868 570.6123046875 1939
1695125202043 515.8118896484375 1940
1695125202218 537.9992065429688 1941
1695125202392 540.1028442382812 1942
1695125202568 568.040283203125 1943
1695125202745 543.5725708007812 1944
1695125202931 555.5560302734375 1945
1695125203110 568.2886962890625 1946
1695125203296 546.3504028320312 1947
1695125203475 576.6134643554688 1948
1695125203664 539.84033203125 1949
1695125203848 587.1918334960938 1950
1695125204022 531.1622314453125 1951
1695125204209 603.0821533203125 1952
1695125204397 541.018798828125 1953
1695125204572 519.4307250976562 1954
1695125204753 515.0645141601562 1955
1695125204940 583.00390625 1956
1695125205125 537.9306640625 1957
1695125205299 534.6432495117188 1958
1695125205491 518.2779541015625 1959
1695125205690 505.4148864746094 1960
1695125205888 528.1871337890625 1961
1695125206079 568.4334106445312 1962
1695125206268 602.0494384765625 1963
1695125206457 542.0038452148438 1964
