1694173002943 0.9781607985496521 0
1694173004658 0.8080975413322449 1
1694173006315 0.7741062045097351 2
1694173007962 0.48284712433815 3
1694173009612 0.3422340154647827 4
1694173011262 0.3321678638458252 5
1694173013026 0.32260793447494507 6
1694173014673 0.2768538296222687 7
1694173016314 0.2910643517971039 8
1694173017960 0.24055297672748566 9
1694173019599 0.20700371265411377 10
1694173021318 0.26305168867111206 11
1694173022964 0.22148483991622925 12
1694173024632 0.2344982922077179 13
1694173026273 0.23413458466529846 14
1694173027915 0.25029057264328003 15
1694173029559 0.2399880439043045 16
1694173031284 0.19834373891353607 17
1694173032949 0.2241860181093216 18
1694173034603 0.25603318214416504 19
1694173036260 0.2244693785905838 20
1694173037916 0.23087064921855927 21
1694173039570 0.2368485927581787 22
1694173041228 0.1997326910495758 23
1694173042885 0.1674460470676422 24
1694173044553 0.20390015840530396 25
1694173046214 0.20214875042438507 26
1694173047873 0.20846152305603027 27
1694173049524 0.17985163629055023 28
1694173051183 0.19079960882663727 29
1694173052838 0.1664334386587143 30
1694173054490 0.228367418050766 31
1694173056236 0.18346817791461945 32
1694173057900 0.21418067812919617 33
1694173059547 0.17196008563041687 34
1694173061197 0.16496719419956207 35
1694173062848 0.1548108011484146 36
1694173064499 0.1700398474931717 37
1694173066158 0.18419645726680756 38
1694173067828 0.1572376936674118 39
1694173069490 0.1581352800130844 40
1694173071144 0.13794203102588654 41
1694173072838 0.14429955184459686 42
1694173074511 0.1746836006641388 43
1694173076162 0.16192227602005005 44
1694173077822 0.17879845201969147 45
1694173079474 0.14467260241508484 46
1694173081138 0.18366101384162903 47
1694173082794 0.14868617057800293 48
1694173084441 0.12513431906700134 49
1694173086117 0.16037660837173462 50
1694173087777 0.17240287363529205 51
1694173089428 0.16751541197299957 52
1694173091081 0.15611734986305237 53
1694173092744 0.18516547977924347 54
1694173094405 0.15407928824424744 55
1694173096063 0.1387149840593338 56
1694173097730 0.14737991988658905 57
1694173099390 0.1313185840845108 58
1694173101043 0.13451017439365387 59
1694173102721 0.1192830428481102 60
1694173104375 0.15403279662132263 61
1694173106045 0.12658780813217163 62
1694173107703 0.10867761820554733 63
1694173109355 0.13499176502227783 64
1694173111016 0.12676361203193665 65
1694173112678 0.12481705099344254 66
1694173114341 0.14107255637645721 67
1694173115981 0.1303137093782425 68
1694173117646 0.11881756782531738 69
1694173119297 0.1199815645813942 70
1694173120946 0.1147080659866333 71
1694173122604 0.11769071221351624 72
1694173124261 0.1451757252216339 73
1694173125917 0.15431928634643555 74
1694173127578 0.12918494641780853 75
1694173129232 0.1445983201265335 76
1694173130886 0.15131625533103943 77
1694173132559 0.10348313301801682 78
1694173134208 0.16063348948955536 79
1694173135866 0.17366395890712738 80
1694173137533 0.14114321768283844 81
1694173139183 0.11723604053258896 82
1694173140837 0.14097484946250916 83
1694173142498 0.13192760944366455 84
1694173144158 0.11610652506351471 85
1694173145812 0.12755729258060455 86
1694173147484 0.12302443385124207 87
1694173149139 0.14629994332790375 88
1694173150787 0.13078650832176208 89
1694173152543 0.10763039439916611 90
1694173154189 0.1350911557674408 91
1694173155831 0.1279088854789734 92
1694173157483 0.11722375452518463 93
1694173159129 0.11676642298698425 94
1694173160777 0.11722131818532944 95
1694173162431 0.11370373517274857 96
1694173164075 0.1209363117814064 97
1694173165719 0.09783723950386047 98
1694173167371 0.12515316903591156 99
1694173169034 0.10997575521469116 100
1694173170679 0.13323268294334412 101
1694173172329 0.13399776816368103 102
1694173173977 0.10867852717638016 103
1694173175621 0.11070812493562698 104
1694173177281 0.11455737799406052 105
1694173178933 0.11572270840406418 106
1694173180588 0.1242697685956955 107
1694173182245 0.1170889288187027 108
1694173183898 0.1335602104663849 109
1694173185549 0.1909976750612259 110
1694173187245 0.14221888780593872 111
1694173188901 0.19266274571418762 112
1694173190554 0.16180242598056793 113
1694173192228 0.20953060686588287 114
1694173193892 0.21143828332424164 115
1694173195550 0.2141139954328537 116
1694173197216 0.21501648426055908 117
1694173198872 0.1803656369447708 118
1694173200537 0.17443475127220154 119
1694173202197 0.1958523541688919 120
1694173203857 0.1397509127855301 121
1694173205512 0.15508154034614563 122
1694173207172 0.15007323026657104 123
1694173208830 0.16878607869148254 124
1694173210490 0.16052667796611786 125
1694173212164 0.17532563209533691 126
1694173213832 0.17785947024822235 127
1694173215493 0.1382032334804535 128
1694173217160 0.13962571322917938 129
1694173218818 0.16960814595222473 130
1694173220467 0.14465484023094177 131
1694173222123 0.14853867888450623 132
1694173223780 0.12983113527297974 133
1694173225429 0.13647699356079102 134
1694173227080 0.16224023699760437 135
1694173228740 0.13503044843673706 136
1694173230390 0.16840241849422455 137
1694173232051 0.1661391705274582 138
1694173233715 0.15159422159194946 139
1694173235363 0.14013086259365082 140
1694173237013 0.1372092366218567 141
1694173238687 0.13140080869197845 142
1694173240335 0.13538536429405212 143
1694173242001 0.1270969808101654 144
1694173243658 0.12344365566968918 145
1694173245307 0.15879786014556885 146
1694173246967 0.10767518728971481 147
1694173248625 0.12809763848781586 148
1694173250280 0.13354900479316711 149
1694173251931 0.12681572139263153 150
1694173253593 0.12026546895503998 151
1694173255245 0.1292436122894287 152
1694173256892 0.14015735685825348 153
1694173258547 0.11923018097877502 154
1694173260199 0.11905281245708466 155
1694173261850 0.12200314551591873 156
1694173263518 0.11298820376396179 157
1694173265182 0.12104152888059616 158
1694173266834 0.12222293019294739 159
1694173268496 0.18554237484931946 160
1694173270148 0.12067347019910812 161
1694173271798 0.11460842192173004 162
1694173273457 0.12164147198200226 163
1694173275120 0.10851102322340012 164
1694173276772 0.1116107776761055 165
1694173278433 0.11516856402158737 166
1694173280087 0.1266845315694809 167
1694173281741 0.1504400670528412 168
1694173283409 0.12839196622371674 169
1694173285075 0.12976880371570587 170
1694173286730 0.12915103137493134 171
1694173288393 0.13325025141239166 172
1694173290053 0.13057968020439148 173
1694173291706 0.12164095044136047 174
1694173293364 0.11340083181858063 175
1694173295016 0.10713331401348114 176
1694173296657 0.10503778606653214 177
1694173298391 0.09857264161109924 178
1694173300035 0.114737369120121 179
1694173301704 0.10685160756111145 180
1694173303363 0.1155741885304451 181
1694173305023 0.13452821969985962 182
1694173306664 0.10653423517942429 183
1694173308310 0.12444635480642319 184
1694173309972 0.12278052419424057 185
1694173311626 0.1320408433675766 186
1694173313313 0.16553527116775513 187
1694173314970 0.14797188341617584 188
1694173316621 0.13014012575149536 189
1694173318280 0.14216086268424988 190
1694173319939 0.1310984492301941 191
1694173321606 0.12670275568962097 192
1694173323270 0.11907728016376495 193
1694173324921 0.11649482697248459 194
1694173326570 0.10737036168575287 195
1694173328228 0.12833622097969055 196
1694173329892 0.13291995227336884 197
1694173331545 0.13519412279129028 198
1694173333204 0.1343744844198227 199
1694173334853 0.11403188854455948 200
1694173336507 0.12349715083837509 201
1694173338177 0.11839577555656433 202
1694173339882 0.11449237912893295 203
1694173341531 0.12832850217819214 204
1694173343181 0.14171555638313293 205
1694173344970 0.15503132343292236 206
1694173346768 0.14894281327724457 207
1694173348473 0.11641180515289307 208
1694173350232 0.13326889276504517 209
1694173352097 0.13407528400421143 210
1694173353832 0.11585479229688644 211
1694173355482 0.11987051367759705 212
1694173357161 0.10887042433023453 213
1694173358862 0.11081326752901077 214
1694173360519 0.1221393570303917 215
1694173362396 0.11464997380971909 216
1694173364124 0.12368162721395493 217
1694173365929 0.12273528426885605 218
1694173367767 0.1219346672296524 219
1694173369621 0.11909503489732742 220
1694173371621 0.11765440553426743 221
1694173373379 0.12051617354154587 222
1694173375053 0.09909240156412125 223
1694173376836 0.1108647808432579 224
1694173378491 0.1306951642036438 225
1694173380128 0.10563463717699051 226
1694173381970 0.1087503656744957 227
1694173383622 0.11186117678880692 228
1694173385273 0.12405619770288467 229
1694173386934 0.12439578026533127 230
1694173388763 0.11467287689447403 231
1694173390539 0.12291790544986725 232
1694173392475 0.12316614389419556 233
1694173394403 0.1068294420838356 234
1694173396201 0.09077491611242294 235
1694173397896 0.10243311524391174 236
1694173399611 0.12727530300617218 237
1694173401604 0.1085878312587738 238
1694173403309 0.1218791976571083 239
1694173404994 0.1261415034532547 240
1694173406658 0.0974801704287529 241
1694173408333 0.10328897833824158 242
1694173410012 0.10191089659929276 243
1694173411677 0.1157342866063118 244
1694173413338 0.11835420876741409 245
1694173414990 0.12072856724262238 246
1694173416637 0.12113723158836365 247
1694173418288 0.1071353405714035 248
1694173419956 0.11174436658620834 249
1694173421618 0.10016843676567078 250
1694173423274 0.12071867287158966 251
1694173424945 0.08950796723365784 252
1694173426606 0.13610713183879852 253
1694173428351 0.12707827985286713 254
1694173430256 0.11763996630907059 255
1694173432162 0.12997138500213623 256
1694173433951 0.12168769538402557 257
