1694173002945 0.16162557899951935 0
1694173004660 0.06792443245649338 1
1694173006316 -0.10128927230834961 2
1694173007964 -0.06785109639167786 3
1694173009614 0.04728706553578377 4
1694173011264 0.07167892158031464 5
1694173013028 0.09750809520483017 6
1694173014675 0.26793792843818665 7
1694173016315 0.42921945452690125 8
1694173017961 0.5511316061019897 9
1694173019600 0.6689114570617676 10
1694173021319 0.8842029571533203 11
1694173022966 1.1647876501083374 12
1694173024633 1.519201397895813 13
1694173026274 1.7405941486358643 14
1694173027917 2.0338449478149414 15
1694173029562 2.3175623416900635 16
1694173031285 2.4429707527160645 17
1694173032950 2.6577672958374023 18
1694173034605 3.128303050994873 19
1694173036261 3.319390058517456 20
1694173037917 3.5009799003601074 21
1694173039571 3.7256898880004883 22
1694173041230 3.928090810775757 23
1694173042886 4.199498176574707 24
1694173044554 4.222588062286377 25
1694173046215 4.464266777038574 26
1694173047874 4.440638065338135 27
1694173049525 4.542566299438477 28
1694173051184 4.595280647277832 29
1694173052839 4.609859466552734 30
1694173054491 4.593727111816406 31
1694173056238 4.4928178787231445 32
1694173057901 4.527550220489502 33
1694173059548 4.39393424987793 34
1694173061198 4.430771350860596 35
1694173062849 4.2460618019104 36
1694173064500 4.035223007202148 37
1694173066159 4.092771530151367 38
1694173067829 4.159895896911621 39
1694173069492 3.8806374073028564 40
1694173071145 3.7486658096313477 41
1694173072840 3.4799344539642334 42
1694173074512 3.360323905944824 43
1694173076164 3.2271971702575684 44
1694173077823 3.0644359588623047 45
1694173079482 2.9299817085266113 46
1694173081139 2.8643922805786133 47
1694173082795 2.6067702770233154 48
1694173084442 2.3691887855529785 49
1694173086118 2.335604667663574 50
1694173087778 2.003269910812378 51
1694173089430 1.9662457704544067 52
1694173091083 1.8398199081420898 53
1694173092746 1.3847081661224365 54
1694173094407 1.3743683099746704 55
1694173096065 1.1995786428451538 56
1694173097731 0.9043319225311279 57
1694173099392 0.7694089412689209 58
1694173101044 0.6981767416000366 59
1694173102722 0.5590905547142029 60
1694173104377 0.2950495481491089 61
1694173106046 0.22015193104743958 62
1694173107704 0.009745522402226925 63
1694173109357 -0.0815211609005928 64
1694173111017 -0.16448089480400085 65
1694173112679 -0.29177817702293396 66
1694173114343 -0.4624966084957123 67
1694173115982 -0.4628458619117737 68
1694173117648 -0.6580343842506409 69
1694173119298 -0.725409746170044 70
1694173120947 -0.8969678282737732 71
1694173122606 -1.460207223892212 72
1694173124262 -1.3083683252334595 73
1694173125919 -1.1818124055862427 74
1694173127579 -1.332961916923523 75
1694173129234 -1.3218438625335693 76
1694173130887 -1.3487452268600464 77
1694173132560 -1.5951439142227173 78
1694173134209 -1.4823485612869263 79
1694173135867 -1.7182518243789673 80
1694173137534 -1.6708840131759644 81
1694173139184 -1.6006004810333252 82
1694173140838 -1.6818548440933228 83
1694173142499 -1.7872865200042725 84
1694173144160 -1.7827554941177368 85
1694173145814 -1.7170647382736206 86
1694173147486 -1.5911741256713867 87
1694173149141 -1.6503095626831055 88
1694173150788 -1.7115403413772583 89
1694173152544 -1.9543532133102417 90
1694173154190 -1.617527723312378 91
1694173155832 -1.5874468088150024 92
1694173157484 -1.6098560094833374 93
1694173159130 -1.632798194885254 94
1694173160778 -1.4971685409545898 95
1694173162432 -1.4787472486495972 96
1694173164077 -1.540777325630188 97
1694173165720 -1.734704852104187 98
1694173167372 -1.3507384061813354 99
1694173169035 -1.8357739448547363 100
1694173170680 -1.4967900514602661 101
1694173172330 -1.6267887353897095 102
1694173173978 -1.5286519527435303 103
1694173175623 -1.4244881868362427 104
1694173177282 -1.4042754173278809 105
1694173178934 -1.5115058422088623 106
1694173180589 -1.3325194120407104 107
1694173182246 -1.2631423473358154 108
1694173183899 -3.1303439140319824 109
1694173185550 -3.123600482940674 110
1694173187246 -2.6770951747894287 111
1694173188902 -2.409334659576416 112
1694173190556 -2.3440144062042236 113
1694173192230 -1.5177515745162964 114
1694173193894 -1.3721643686294556 115
1694173195551 -1.3815056085586548 116
1694173197217 -1.452495813369751 117
1694173198873 -1.2284098863601685 118
1694173200539 -1.8673815727233887 119
1694173202199 -1.3433732986450195 120
1694173203858 -1.4329149723052979 121
1694173205513 -2.032992362976074 122
1694173207173 -1.427377462387085 123
1694173208831 -2.1737260818481445 124
1694173210491 -1.4378880262374878 125
1694173212165 -1.3834322690963745 126
1694173213833 -1.2930585145950317 127
1694173215494 -1.7508795261383057 128
1694173217162 -2.105595111846924 129
1694173218819 -1.2505639791488647 130
1694173220469 -1.562333583831787 131
1694173222124 -1.6083472967147827 132
1694173223782 -2.104017972946167 133
1694173225430 -1.6540602445602417 134
1694173227082 -1.35387122631073 135
1694173228741 -1.4583001136779785 136
1694173230391 -1.5873194932937622 137
1694173232052 -1.2599036693572998 138
1694173233716 -1.5030661821365356 139
1694173235365 -1.2305980920791626 140
1694173237015 -1.3604177236557007 141
1694173238688 -1.6959583759307861 142
1694173240336 -1.4501417875289917 143
1694173242002 -1.3391700983047485 144
1694173243659 -1.3299990892410278 145
1694173245309 -1.436309814453125 146
1694173246969 -1.5271637439727783 147
1694173248626 -1.3681846857070923 148
1694173250281 -1.2999030351638794 149
1694173251933 -1.3485108613967896 150
1694173253594 -1.6069152355194092 151
1694173255246 -1.4556543827056885 152
1694173256893 -1.2314635515213013 153
1694173258549 -1.27454674243927 154
1694173260200 -1.3036285638809204 155
1694173261851 -1.5240445137023926 156
1694173263520 -1.583372712135315 157
1694173265183 -1.6279147863388062 158
1694173266835 -1.4325101375579834 159
1694173268497 -1.3230221271514893 160
1694173270149 -1.432366132736206 161
1694173271799 -1.403684377670288 162
1694173273459 -1.5325335264205933 163
1694173275122 -1.805517554283142 164
1694173276773 -1.4604406356811523 165
1694173278434 -1.3830205202102661 166
1694173280088 -1.3332501649856567 167
1694173281743 -1.305612325668335 168
1694173283410 -1.4965263605117798 169
1694173285076 -1.4190021753311157 170
1694173286731 -1.3793349266052246 171
1694173288394 -1.2443958520889282 172
1694173290054 -1.4116404056549072 173
1694173291708 -1.2996658086776733 174
1694173293366 -1.355301856994629 175
1694173295017 -1.4032622575759888 176
1694173296658 -1.5256633758544922 177
1694173298393 -1.4020274877548218 178
1694173300036 -1.5840028524398804 179
1694173301705 -1.3981475830078125 180
1694173303364 -1.3045836687088013 181
1694173305024 -1.5812830924987793 182
1694173306665 -1.7689108848571777 183
1694173308311 -1.3596701622009277 184
1694173309973 -1.3986693620681763 185
1694173311628 -1.7531754970550537 186
1694173313314 -1.1755882501602173 187
1694173314972 -1.5016614198684692 188
1694173316622 -1.3599315881729126 189
1694173318281 -1.5403646230697632 190
1694173319941 -1.3405101299285889 191
1694173321607 -2.217557430267334 192
1694173323271 -1.8784822225570679 193
1694173324923 -1.871512532234192 194
1694173326572 -1.4559988975524902 195
1694173328229 -1.483028769493103 196
1694173329893 -1.6993619203567505 197
1694173331546 -1.5487030744552612 198
1694173333205 -1.3899047374725342 199
1694173334854 -1.6083197593688965 200
1694173336508 -1.4636040925979614 201
1694173338178 -1.5275379419326782 202
1694173339883 -1.3248652219772339 203
1694173341532 -1.3460625410079956 204
1694173343182 -1.3597040176391602 205
1694173344971 -1.3924038410186768 206
1694173346769 -1.347854733467102 207
1694173348474 -1.3226630687713623 208
1694173350233 -1.4094874858856201 209
1694173352099 -1.367691159248352 210
1694173353833 -1.4746798276901245 211
1694173355484 -1.4286285638809204 212
1694173357164 -1.4792760610580444 213
1694173358863 -1.3935426473617554 214
1694173360520 -1.3895069360733032 215
1694173362398 -1.483607530593872 216
1694173364125 -1.5050301551818848 217
1694173365930 -1.4163392782211304 218
1694173367768 -1.4863004684448242 219
1694173369622 -1.3797519207000732 220
1694173371623 -1.4262441396713257 221
1694173373380 -1.5658174753189087 222
1694173375054 -1.5321564674377441 223
1694173376837 -1.5341124534606934 224
1694173378492 -1.4561370611190796 225
1694173380129 -1.4215635061264038 226
1694173381971 -1.3745580911636353 227
1694173383624 -1.3785362243652344 228
1694173385275 -1.3146867752075195 229
1694173386935 -1.2934917211532593 230
1694173388764 -1.4087494611740112 231
1694173390541 -1.3739681243896484 232
1694173392476 -1.4216411113739014 233
1694173394405 -1.364148736000061 234
1694173396203 -1.505733847618103 235
1694173397897 -1.473116159439087 236
1694173399612 -1.239405870437622 237
1694173401606 -1.3938993215560913 238
1694173403311 -1.3429465293884277 239
1694173404995 -1.3474427461624146 240
1694173406660 -1.5040175914764404 241
1694173408334 -1.606636881828308 242
1694173410013 -1.4708757400512695 243
1694173411678 -1.2837648391723633 244
1694173413340 -1.3502249717712402 245
1694173414992 -1.3196243047714233 246
1694173416638 -1.2875560522079468 247
1694173418289 -1.3366060256958008 248
1694173419957 -1.3801332712173462 249
1694173421619 -1.4108655452728271 250
1694173423275 -1.3945183753967285 251
1694173424946 -1.3922656774520874 252
1694173426607 -1.4462279081344604 253
1694173428352 -1.4104692935943604 254
1694173430257 -1.2681094408035278 255
1694173432163 -1.1819138526916504 256
1694173433952 -1.2215166091918945 257
