1694173002946 1.1397863626480103 0
1694173004662 0.8760219812393188 1
1694173006317 0.6728169322013855 2
1694173007970 0.41499602794647217 3
1694173009615 0.3895210921764374 4
1694173011265 0.403846800327301 5
1694173013029 0.42011603713035583 6
1694173014676 0.5447917580604553 7
1694173016317 0.7202838063240051 8
1694173017962 0.7916845679283142 9
1694173019607 0.8759151697158813 10
1694173021320 1.1472547054290771 11
1694173022967 1.3862724304199219 12
1694173024634 1.7536996603012085 13
1694173026275 1.9747287034988403 14
1694173027918 2.284135580062866 15
1694173029563 2.5575504302978516 16
1694173031286 2.6413145065307617 17
1694173032951 2.881953239440918 18
1694173034606 3.384336233139038 19
1694173036262 3.5438594818115234 20
1694173037918 3.7318506240844727 21
1694173039572 3.962538480758667 22
1694173041231 4.127823352813721 23
1694173042887 4.366944313049316 24
1694173044555 4.426488399505615 25
1694173046216 4.666415691375732 26
1694173047875 4.649099349975586 27
1694173049526 4.722417831420898 28
1694173051185 4.786080360412598 29
1694173052841 4.77629280090332 30
1694173054492 4.822094440460205 31
1694173056240 4.676286220550537 32
1694173057902 4.741730690002441 33
1694173059550 4.56589412689209 34
1694173061199 4.595738410949707 35
1694173062850 4.400872707366943 36
1694173064507 4.205262660980225 37
1694173066160 4.276968002319336 38
1694173067830 4.31713342666626 39
1694173069493 4.0387725830078125 40
1694173071146 3.8866078853607178 41
1694173072842 3.6242339611053467 42
1694173074513 3.5350074768066406 43
1694173076165 3.3891193866729736 44
1694173077824 3.243234395980835 45
1694173079483 3.0746543407440186 46
1694173081140 3.04805326461792 47
1694173082796 2.7554564476013184 48
1694173084443 2.4943230152130127 49
1694173086119 2.495981216430664 50
1694173087779 2.175672769546509 51
1694173089431 2.133761167526245 52
1694173091084 1.9959372282028198 53
1694173092747 1.5698736906051636 54
1694173094408 1.5284476280212402 55
1694173096066 1.3382936716079712 56
1694173097732 1.0517117977142334 57
1694173099393 0.9007275104522705 58
1694173101045 0.8326869010925293 59
1694173102723 0.6783735752105713 60
1694173104378 0.4490823447704315 61
1694173106047 0.3467397391796112 62
1694173107705 0.11842314153909683 63
1694173109358 0.05347060412168503 64
1694173111018 -0.03771728277206421 65
1694173112680 -0.16696113348007202 66
1694173114344 -0.32142406702041626 67
1694173115983 -0.3325321674346924 68
1694173117649 -0.5392168164253235 69
1694173119299 -0.605428159236908 70
1694173120948 -0.7822597622871399 71
1694173122607 -1.342516541481018 72
1694173124263 -1.163192629814148 73
1694173125920 -1.0274931192398071 74
1694173127580 -1.2037769556045532 75
1694173129235 -1.1772454977035522 76
1694173130888 -1.1974289417266846 77
1694173132561 -1.4916608333587646 78
1694173134216 -1.3217151165008545 79
1694173135868 -1.5445878505706787 80
1694173137535 -1.529740810394287 81
1694173139185 -1.483364462852478 82
1694173140839 -1.5408799648284912 83
1694173142500 -1.655358910560608 84
1694173144161 -1.6666489839553833 85
1694173145820 -1.5895074605941772 86
1694173147487 -1.4681496620178223 87
1694173149142 -1.5040096044540405 88
1694173150790 -1.5807538032531738 89
1694173152545 -1.8467228412628174 90
1694173154191 -1.4824365377426147 91
1694173155833 -1.4595379829406738 92
1694173157485 -1.492632269859314 93
1694173159132 -1.5160317420959473 94
1694173160779 -1.3799471855163574 95
1694173162433 -1.3650435209274292 96
1694173164078 -1.4198410511016846 97
1694173165721 -1.636867642402649 98
1694173167373 -1.2255852222442627 99
1694173169036 -1.7257981300354004 100
1694173170681 -1.3635573387145996 101
1694173172332 -1.492790937423706 102
1694173173979 -1.419973373413086 103
1694173175624 -1.3137800693511963 104
1694173177283 -1.2897180318832397 105
1694173178935 -1.3957831859588623 106
1694173180590 -1.2082496881484985 107
1694173182247 -1.146053433418274 108
1694173183900 -2.99678373336792 109
1694173185551 -2.932602882385254 110
1694173187247 -2.5348763465881348 111
1694173188903 -2.216671943664551 112
1694173190557 -2.1822118759155273 113
1694173192231 -1.3082209825515747 114
1694173193895 -1.1607260704040527 115
1694173195552 -1.1673916578292847 116
1694173197218 -1.237479329109192 117
1694173198874 -1.048044204711914 118
1694173200540 -1.6929467916488647 119
1694173202200 -1.147520899772644 120
1694173203860 -1.2931640148162842 121
1694173205515 -1.877910852432251 122
1694173207174 -1.2773041725158691 123
1694173208832 -2.0049400329589844 124
1694173210493 -1.2773613929748535 125
1694173212166 -1.2081066370010376 126
1694173213834 -1.115199089050293 127
1694173215495 -1.6126762628555298 128
1694173217163 -1.965969443321228 129
1694173218821 -1.0809558629989624 130
1694173220470 -1.417678713798523 131
1694173222125 -1.459808588027954 132
1694173223783 -1.974186897277832 133
1694173225431 -1.5175832509994507 134
1694173227083 -1.1916309595108032 135
1694173228742 -1.3232696056365967 136
1694173230392 -1.4189170598983765 137
1694173232058 -1.0937645435333252 138
1694173233717 -1.3514719009399414 139
1694173235366 -1.0904672145843506 140
1694173237016 -1.2232084274291992 141
1694173238689 -1.5645575523376465 142
1694173240337 -1.3147563934326172 143
1694173242003 -1.2120730876922607 144
1694173243660 -1.2065554857254028 145
1694173245310 -1.2775119543075562 146
1694173246970 -1.419488549232483 147
1694173248627 -1.2400870323181152 148
1694173250282 -1.1663540601730347 149
1694173251934 -1.2216951847076416 150
1694173253595 -1.486649751663208 151
1694173255247 -1.3264107704162598 152
1694173256894 -1.091306209564209 153
1694173258550 -1.1553165912628174 154
1694173260201 -1.1845757961273193 155
1694173261853 -1.4020413160324097 156
1694173263521 -1.4703844785690308 157
1694173265184 -1.5068732500076294 158
1694173266836 -1.3102872371673584 159
1694173268498 -1.1374797821044922 160
1694173270150 -1.311692714691162 161
1694173271800 -1.2890759706497192 162
1694173273460 -1.4108920097351074 163
1694173275123 -1.6970065832138062 164
1694173276774 -1.3488298654556274 165
1694173278435 -1.2678519487380981 166
1694173280089 -1.2065656185150146 167
1694173281744 -1.1551722288131714 168
1694173283411 -1.3681343793869019 169
1694173285077 -1.2892333269119263 170
1694173286732 -1.2501839399337769 171
1694173288395 -1.1111456155776978 172
1694173290055 -1.2810606956481934 173
1694173291709 -1.1780248880386353 174
1694173293367 -1.2419010400772095 175
1694173295018 -1.2961289882659912 176
1694173296659 -1.4206255674362183 177
1694173298394 -1.303454875946045 178
1694173300043 -1.4692654609680176 179
1694173301706 -1.2912960052490234 180
1694173303365 -1.189009428024292 181
1694173305025 -1.4467549324035645 182
1694173306666 -1.6623766422271729 183
1694173308317 -1.2352237701416016 184
1694173309974 -1.2758888006210327 185
1694173311629 -1.621134638786316 186
1694173313321 -1.0100529193878174 187
1694173314973 -1.3536895513534546 188
1694173316623 -1.2297914028167725 189
1694173318283 -1.398203730583191 190
1694173319942 -1.20941162109375 191
1694173321608 -2.0908546447753906 192
1694173323272 -1.7594048976898193 193
1694173324924 -1.7550177574157715 194
1694173326573 -1.3486285209655762 195
1694173328230 -1.3546925783157349 196
1694173329894 -1.5664420127868652 197
1694173331547 -1.4135088920593262 198
1694173333206 -1.2555302381515503 199
1694173334855 -1.4942878484725952 200
1694173336509 -1.3401069641113281 201
1694173338179 -1.4091421365737915 202
1694173339884 -1.210372805595398 203
1694173341534 -1.2177340984344482 204
1694173343183 -1.2179884910583496 205
1694173344972 -1.2373725175857544 206
1694173346770 -1.1989119052886963 207
1694173348475 -1.2062512636184692 208
1694173350234 -1.2762186527252197 209
1694173352100 -1.2336158752441406 210
1694173353834 -1.3588250875473022 211
1694173355485 -1.308758020401001 212
1694173357166 -1.370405673980713 213
1694173358864 -1.2827293872833252 214
1694173360521 -1.2673676013946533 215
1694173362399 -1.36895751953125 216
1694173364126 -1.3813484907150269 217
1694173365932 -1.2936040163040161 218
1694173367769 -1.364365816116333 219
1694173369623 -1.2606568336486816 220
1694173371624 -1.3085896968841553 221
1694173373381 -1.4453012943267822 222
1694173375056 -1.4330641031265259 223
1694173376838 -1.4232476949691772 224
1694173378493 -1.325441837310791 225
1694173380130 -1.3159288167953491 226
1694173381972 -1.2658077478408813 227
1694173383625 -1.2666749954223633 228
1694173385281 -1.190630555152893 229
1694173386937 -1.1690959930419922 230
1694173388765 -1.2940765619277954 231
1694173390542 -1.2510502338409424 232
1694173392477 -1.2984750270843506 233
1694173394406 -1.2573193311691284 234
1694173396204 -1.4149589538574219 235
1694173397898 -1.3706830739974976 236
1694173399613 -1.1121305227279663 237
1694173401607 -1.2853114604949951 238
1694173403312 -1.2210673093795776 239
1694173404996 -1.2213011980056763 240
1694173406661 -1.406537413597107 241
1694173408335 -1.5033478736877441 242
1694173410014 -1.3689647912979126 243
1694173411679 -1.1680305004119873 244
1694173413341 -1.2318707704544067 245
1694173414993 -1.1988956928253174 246
1694173416639 -1.1664187908172607 247
1694173418290 -1.2294707298278809 248
1694173419958 -1.2683888673782349 249
1694173421620 -1.310697078704834 250
1694173423276 -1.2737996578216553 251
1694173424947 -1.302757740020752 252
1694173426608 -1.3101208209991455 253
1694173428353 -1.283390998840332 254
1694173430258 -1.150469422340393 255
1694173432164 -1.0519424676895142 256
1694173433953 -1.0998289585113525 257
