1694165627913 0.9774486422538757 0
1694165629899 0.8041629195213318 1
1694165631816 0.796521782875061 2
1694165633741 0.5020894408226013 3
1694165635913 0.3447716534137726 4
1694165637769 0.3429194986820221 5
1694165639606 0.32034870982170105 6
1694165641399 0.28109994530677795 7
1694165643192 0.2905111312866211 8
1694165645221 0.2534930109977722 9
1694165647070 0.2180778682231903 10
1694165649096 0.242903932929039 11
1694165650934 0.23515760898590088 12
1694165652736 0.2555469870567322 13
1694165654536 0.2259824573993683 14
1694165656385 0.2537526786327362 15
1694165658186 0.23702238500118256 16
1694165659984 0.2099323272705078 17
1694165661782 0.21538950502872467 18
1694165663583 0.18171773850917816 19
1694165665545 0.20737701654434204 20
1694165667345 0.22006802260875702 21
1694165669141 0.2163093090057373 22
1694165670939 0.1915069818496704 23
1694165672735 0.1532839834690094 24
1694165674667 0.19901201128959656 25
1694165676493 0.1635892689228058 26
1694165678304 0.18985320627689362 27
1694165680112 0.15654368698596954 28
1694165681919 0.1693713665008545 29
1694165683815 0.15197910368442535 30
1694165685776 0.21378542482852936 31
1694165687575 0.16078120470046997 32
1694165689367 0.21458764374256134 33
1694165691163 0.1619916707277298 34
1694165692969 0.16178424656391144 35
1694165694765 0.15786588191986084 36
1694165696611 0.15026907622814178 37
1694165698420 0.15074743330478668 38
1694165700228 0.15382367372512817 39
1694165702038 0.14629259705543518 40
1694165703844 0.13161031901836395 41
1694165705822 0.14362743496894836 42
1694165707633 0.16942068934440613 43
1694165709442 0.1304245889186859 44
1694165711252 0.15648330748081207 45
1694165713050 0.13280659914016724 46
1694165714847 0.1672784984111786 47
1694165716687 0.14464910328388214 48
1694165718501 0.11423275619745255 49
1694165720309 0.15968504548072815 50
1694165722117 0.14616939425468445 51
1694165723915 0.19327425956726074 52
1694165725889 0.13924622535705566 53
1694165727695 0.18024198710918427 54
1694165729499 0.1459498405456543 55
1694165731304 0.1154431700706482 56
1694165733111 0.15269692242145538 57
1694165734988 0.12856824696063995 58
1694165736791 0.10792813450098038 59
1694165738591 0.1447198987007141 60
1694165740388 0.13124632835388184 61
1694165742192 0.12773719429969788 62
1694165743990 0.11957098543643951 63
1694165745958 0.14748385548591614 64
1694165747760 0.125606968998909 65
1694165749557 0.11469950526952744 66
1694165751443 0.13235999643802643 67
1694165753241 0.15137362480163574 68
1694165755208 0.12793877720832825 69
1694165757007 0.11232656240463257 70
1694165758804 0.13077528774738312 71
1694165760602 0.1186920553445816 72
1694165762404 0.10895544290542603 73
1694165764203 0.14289575815200806 74
1694165766088 0.13037171959877014 75
1694165767896 0.11619088798761368 76
1694165769713 0.1309632807970047 77
1694165771518 0.09428999572992325 78
1694165773322 0.11382589489221573 79
1694165775295 0.12127935141324997 80
1694165777093 0.1519218236207962 81
1694165778888 0.10988988727331161 82
1694165780733 0.11449666321277618 83
1694165782566 0.12145458161830902 84
1694165784427 0.10798081755638123 85
1694165786285 0.12255518138408661 86
1694165788107 0.1100197434425354 87
1694165789959 0.1203746646642685 88
1694165791797 0.12738393247127533 89
1694165793615 0.10536655783653259 90
1694165795598 0.13200698792934418 91
1694165797453 0.1267707347869873 92
1694165799273 0.12426864355802536 93
1694165801095 0.11622448265552521 94
1694165802913 0.10737723112106323 95
1694165804726 0.11597606539726257 96
1694165806555 0.10614262521266937 97
1694165808382 0.09103721380233765 98
1694165810201 0.11680609732866287 99
1694165812434 0.11774127185344696 100
1694165814310 0.14960235357284546 101
1694165816465 0.10429263114929199 102
1694165818344 0.08558239787817001 103
1694165820363 0.09778390824794769 104
1694165822256 0.10179725289344788 105
1694165824113 0.10836715996265411 106
1694165826130 0.1073279082775116 107
1694165827995 0.08174747973680496 108
1694165829905 0.1300472468137741 109
1694165831777 0.09849043190479279 110
1694165833874 0.08736097812652588 111
1694165835930 0.11215172708034515 112
1694165837760 0.08804000169038773 113
1694165839705 0.11541588604450226 114
1694165841636 0.1220945343375206 115
1694165843735 0.09397625923156738 116
1694165845732 0.1118587851524353 117
1694165847558 0.10663306713104248 118
1694165849384 0.10214032977819443 119
1694165851208 0.12444781512022018 120
1694165853034 0.07490245252847672 121
1694165854849 0.09668523818254471 122
1694165856682 0.09165439009666443 123
1694165858507 0.1045159325003624 124
1694165860332 0.07254236936569214 125
1694165862156 0.09463872760534286 126
1694165863979 0.12349441647529602 127
1694165865964 0.08196962624788284 128
1694165867784 0.07629413157701492 129
1694165869600 0.0888451635837555 130
1694165871432 0.09808433800935745 131
1694165873246 0.10525858402252197 132
1694165875257 0.08044321835041046 133
1694165877133 0.08408812433481216 134
1694165879005 0.1145884171128273 135
1694165880884 0.0891931876540184 136
1694165882752 0.11702828109264374 137
1694165884624 0.1044829860329628 138
1694165886501 0.10467342287302017 139
1694165888356 0.07498101890087128 140
1694165890207 0.08548862487077713 141
1694165892065 0.08840136229991913 142
1694165893920 0.09536077827215195 143
1694165895929 0.09537991136312485 144
1694165897785 0.08070961385965347 145
1694165899725 0.13006222248077393 146
1694165901580 0.06350493431091309 147
1694165903433 0.076726995408535 148
1694165905553 0.0811435654759407 149
1694165907867 0.0762493759393692 150
1694165910009 0.07638021558523178 151
1694165912193 0.07548343390226364 152
1694165914416 0.1039636880159378 153
1694165916333 0.0792192816734314 154
1694165918240 0.07224195450544357 155
1694165920130 0.0792662724852562 156
1694165922201 0.06827327609062195 157
1694165924048 0.10151199996471405 158
1694165926057 0.07220253348350525 159
1694165928045 0.07305710762739182 160
1694165929940 0.09692792594432831 161
1694165931844 0.09678802639245987 162
1694165933674 0.07542331516742706 163
1694165935700 0.07479505240917206 164
1694165937706 0.07828295975923538 165
1694165939553 0.07265977561473846 166
1694165941390 0.09281162172555923 167
1694165943237 0.10975980758666992 168
1694165945223 0.0942879244685173 169
1694165947076 0.0955442562699318 170
1694165948913 0.08402255177497864 171
1694165950766 0.08249612152576447 172
1694165952597 0.0778994932770729 173
1694165954441 0.07235653698444366 174
1694165956276 0.07365379482507706 175
1694165958120 0.04890796169638634 176
1694165959939 0.08487021178007126 177
1694165961876 0.06862209737300873 178
1694165963762 0.08199021220207214 179
1694165965759 0.062009312212467194 180
1694165967606 0.07092838734388351 181
1694165969444 0.0926208570599556 182
1694165971267 0.054699160158634186 183
1694165973175 0.07292285561561584 184
1694165975128 0.0753924772143364 185
1694165976956 0.11217676848173141 186
1694165978793 0.07988566160202026 187
1694165980678 0.09225646406412125 188
1694165982504 0.08898942172527313 189
1694165984322 0.10762844234704971 190
1694165986174 0.08428347110748291 191
1694165987987 0.09324517101049423 192
1694165989800 0.06837362051010132 193
1694165991612 0.09786882996559143 194
1694165993412 0.06794757395982742 195
1694165995393 0.08271700888872147 196
1694165997212 0.07353856414556503 197
1694165999048 0.08385691046714783 198
1694166000979 0.086250439286232 199
1694166002795 0.05304216593503952 200
1694166004730 0.06604619324207306 201
1694166006603 0.07424402236938477 202
1694166008460 0.05563445761799812 203
1694166010267 0.0880747064948082 204
1694166012075 0.0677744597196579 205
1694166013890 0.10272395610809326 206
1694166015857 0.07367266714572906 207
1694166017675 0.07207129895687103 208
1694166019489 0.07924767583608627 209
1694166021331 0.10568475723266602 210
1694166023171 0.07991119474172592 211
1694166025178 0.08071644604206085 212
1694166026997 0.07418739050626755 213
1694166028832 0.06862988322973251 214
1694166030666 0.0801720842719078 215
1694166032503 0.074751116335392 216
1694166034329 0.11085936427116394 217
1694166036178 0.09017553180456161 218
1694166038021 0.06491178274154663 219
1694166039860 0.08223910629749298 220
1694166041699 0.06589370220899582 221
1694166043537 0.07931151241064072 222
1694166045535 0.058228619396686554 223
1694166047452 0.06288561969995499 224
1694166049282 0.07016571611166 225
1694166051129 0.06831616908311844 226
1694166052967 0.04509018361568451 227
1694166054791 0.05311610549688339 228
1694166056637 0.07121917605400085 229
1694166058467 0.07258471101522446 230
1694166060292 0.06863637268543243 231
1694166062117 0.07707337290048599 232
1694166063994 0.0631689578294754 233
1694166066029 0.07253793627023697 234
1694166067876 0.06236564368009567 235
1694166069717 0.07261543720960617 236
1694166071563 0.05773352086544037 237
1694166073402 0.053685907274484634 238
1694166075406 0.06203214079141617 239
1694166077251 0.09153330326080322 240
1694166079070 0.056821759790182114 241
1694166080910 0.06871490925550461 242
1694166082744 0.061469852924346924 243
1694166084568 0.06570278108119965 244
1694166086415 0.07333611696958542 245
1694166088253 0.09017720073461533 246
1694166090073 0.060213081538677216 247
1694166091919 0.05067198723554611 248
1694166093753 0.08720793575048447 249
1694166095750 0.06858561187982559 250
1694166097578 0.07048335671424866 251
1694166099412 0.041641078889369965 252
1694166101245 0.07419396936893463 253
1694166103083 0.05388261750340462 254
