1695117848872 2158.09912109375 0
1695117852629 2157.4658203125 1
1695117852817 2166.98876953125 2
1695117853006 2181.52978515625 3
1695117853195 2134.463134765625 4
1695117853375 2159.95361328125 5
1695117853553 2102.95751953125 6
1695117853726 2067.418212890625 7
1695117853901 1981.7861328125 8
1695117854074 2047.49658203125 9
1695117854247 1923.103759765625 10
1695117854428 1938.88427734375 11
1695117854622 1831.479736328125 12
1695117854818 1824.521484375 13
1695117855007 1843.6373291015625 14
1695117855186 1828.489990234375 15
1695117855363 1784.2666015625 16
1695117855550 1743.8197021484375 17
1695117855728 1728.19580078125 18
1695117855902 1720.0523681640625 19
1695117856078 1684.850341796875 20
1695117856250 1725.748779296875 21
1695117856423 1674.1513671875 22
1695117856595 1694.943115234375 23
1695117856767 1646.83544921875 24
1695117856947 1666.0570068359375 25
1695117857134 1558.14111328125 26
1695117857322 1696.560791015625 27
1695117857507 1631.9361572265625 28
1695117857678 1553.552734375 29
1695117857861 1636.212646484375 30
1695117858060 1542.15966796875 31
1695117858254 1594.14306640625 32
1695117858435 1580.94677734375 33
1695117858615 1545.972412109375 34
1695117858792 1543.541015625 35
1695117858968 1592.623779296875 36
1695117859142 1443.49365234375 37
1695117859318 1441.6341552734375 38
1695117859510 1502.1865234375 39
1695117859707 1494.991943359375 40
1695117859900 1392.73583984375 41
1695117860090 1394.669677734375 42
1695117860286 1509.223876953125 43
1695117860460 1444.6146240234375 44
1695117860635 1479.326416015625 45
1695117860808 1334.552978515625 46
1695117860981 1493.5634765625 47
1695117861155 1336.691162109375 48
1695117861328 1302.43115234375 49
1695117861518 1313.3388671875 50
1695117861710 1405.813232421875 51
1695117861903 1273.999267578125 52
1695117862098 1392.61767578125 53
1695117862294 1424.59326171875 54
1695117862485 1304.8642578125 55
1695117862683 1321.205078125 56
1695117862881 1333.891357421875 57
1695117863062 1273.795166015625 58
1695117863239 1234.7679443359375 59
1695117863417 1378.5423583984375 60
1695117863601 1276.494384765625 61
1695117863787 1348.8394775390625 62
1695117863966 1347.843505859375 63
1695117864145 1384.234375 64
1695117864322 1238.2689208984375 65
1695117864498 1266.984619140625 66
1695117864678 1236.888671875 67
1695117864860 1295.316650390625 68
1695117865033 1309.4189453125 69
1695117865209 1298.64111328125 70
1695117865412 1233.35205078125 71
1695117865608 1195.05859375 72
1695117865790 1265.8277587890625 73
1695117865973 1212.855712890625 74
1695117866149 1317.1383056640625 75
1695117866325 1324.4141845703125 76
1695117866499 1164.152587890625 77
1695117866674 1162.056396484375 78
1695117866859 1202.2880859375 79
1695117867045 1237.823486328125 80
1695117867235 1158.97705078125 81
1695117867410 1078.8001708984375 82
1695117867584 1253.1063232421875 83
1695117867758 1208.4654541015625 84
1695117867933 1153.8642578125 85
1695117868106 1140.0140380859375 86
1695117868289 1225.1553955078125 87
1695117868478 1198.52880859375 88
1695117868668 1148.997802734375 89
1695117868854 1142.6256103515625 90
1695117869040 1159.5562744140625 91
1695117869227 1080.7620849609375 92
1695117869404 1121.112548828125 93
1695117869599 1070.9232177734375 94
1695117869790 1140.006103515625 95
1695117869976 1092.23583984375 96
1695117870157 1127.945556640625 97
1695117870333 1125.87939453125 98
1695117870506 1188.1796875 99
1695117870684 1073.1427001953125 100
1695117874380 1177.337646484375 101
1695117874567 1154.2796630859375 102
1695117874765 1107.5521240234375 103
1695117874938 1096.229248046875 104
1695117875136 1172.4332275390625 105
1695117875328 1076.4871826171875 106
1695117875519 1044.820068359375 107
1695117875708 1062.40625 108
1695117875896 1072.8310546875 109
1695117876093 1168.47998046875 110
1695117876274 1111.0909423828125 111
1695117876448 1018.08251953125 112
1695117876623 1045.55517578125 113
1695117876796 1036.390869140625 114
1695117876970 1150.646484375 115
1695117877143 1048.0830078125 116
1695117877324 985.9591064453125 117
1695117877513 986.5209350585938 118
1695117877700 1025.2313232421875 119
1695117877873 1094.5489501953125 120
1695117878048 1028.576416015625 121
1695117878224 1039.223388671875 122
1695117878413 1064.43408203125 123
1695117878601 1054.07177734375 124
1695117878800 982.340087890625 125
1695117878991 1007.2421875 126
1695117879183 1006.27294921875 127
1695117879377 1021.308349609375 128
1695117879568 1012.05615234375 129
1695117879744 975.095458984375 130
1695117879920 932.1591796875 131
1695117880096 1005.107421875 132
1695117880272 997.7534790039062 133
1695117880448 1035.8861083984375 134
1695117880625 1050.9617919921875 135
1695117880801 981.3384399414062 136
1695117880979 961.4150390625 137
1695117881157 1016.5780029296875 138
1695117881335 1008.8806762695312 139
1695117881513 924.223876953125 140
1695117881696 934.260009765625 141
1695117881871 968.0953369140625 142
1695117882046 951.4761962890625 143
1695117882223 970.542724609375 144
1695117882399 1042.02880859375 145
1695117882580 1014.0343017578125 146
1695117882756 993.791015625 147
1695117882932 1001.4150390625 148
1695117883108 948.0496826171875 149
1695117883284 928.7982788085938 150
1695117883459 907.9279174804688 151
1695117883634 966.7327270507812 152
1695117883809 1009.2811279296875 153
1695117883986 1056.2802734375 154
1695117884162 924.2188720703125 155
1695117884340 934.582763671875 156
1695117884516 981.0294189453125 157
1695117884693 938.7408447265625 158
1695117884868 994.648193359375 159
1695117885044 949.655517578125 160
1695117885220 918.3184814453125 161
1695117885399 907.231201171875 162
1695117885588 893.4193725585938 163
1695117885791 950.5816650390625 164
1695117885979 916.8817138671875 165
1695117886160 945.4049072265625 166
1695117886341 908.644775390625 167
1695117886517 961.7120361328125 168
1695117886690 1022.48828125 169
1695117886863 889.5209350585938 170
1695117887035 944.5258178710938 171
1695117887208 893.6051635742188 172
1695117887381 981.7059936523438 173
1695117887555 928.605224609375 174
1695117887727 869.087646484375 175
1695117887901 888.5320434570312 176
1695117888075 957.1693115234375 177
1695117888248 903.3152465820312 178
1695117888421 939.91064453125 179
1695117888594 849.8323364257812 180
1695117888766 922.2142333984375 181
1695117888939 875.6083984375 182
1695117889112 890.357421875 183
1695117889284 883.5907592773438 184
1695117889457 841.558349609375 185
1695117889631 866.628662109375 186
1695117889805 874.7208251953125 187
1695117889978 871.4856567382812 188
1695117890151 943.4165649414062 189
1695117890324 997.404541015625 190
1695117890497 887.9923095703125 191
1695117890670 924.43212890625 192
1695117890843 864.7335205078125 193
1695117891016 851.1185913085938 194
1695117891189 892.7763061523438 195
1695117891362 850.1798706054688 196
1695117891535 863.0037841796875 197
1695117891708 851.4552001953125 198
1695117891882 880.34814453125 199
1695117892055 927.6998291015625 200
1695117895696 844.1232299804688 201
1695117895899 818.237060546875 202
1695117896090 896.97705078125 203
1695117896282 978.7968139648438 204
1695117896473 854.7670288085938 205
1695117896649 852.25732421875 206
1695117896822 899.8955688476562 207
1695117897000 851.435791015625 208
1695117897173 825.8997802734375 209
1695117897355 912.7465209960938 210
1695117897541 803.9296264648438 211
1695117897726 831.6734008789062 212
1695117897900 802.9490356445312 213
1695117898074 789.482666015625 214
1695117898247 861.9197387695312 215
1695117898424 883.1400146484375 216
1695117898599 853.4779052734375 217
1695117898772 820.8455810546875 218
1695117898950 798.2056274414062 219
1695117899124 806.1422729492188 220
1695117899311 875.2685546875 221
1695117899509 852.935791015625 222
1695117899689 886.9331665039062 223
1695117899865 853.2647705078125 224
1695117900047 811.9369506835938 225
1695117900243 860.5473022460938 226
1695117900429 793.3317260742188 227
1695117900610 871.5466918945312 228
1695117900798 815.0675659179688 229
1695117900995 845.41845703125 230
1695117901183 843.4012451171875 231
1695117901364 789.3524169921875 232
1695117901547 839.4402465820312 233
1695117901724 825.2278442382812 234
1695117901897 770.8296508789062 235
1695117902070 822.3436279296875 236
1695117902244 830.24072265625 237
1695117902418 854.8374633789062 238
1695117902592 853.0064697265625 239
1695117902766 859.0357666015625 240
1695117902940 762.0327758789062 241
1695117903114 776.7599487304688 242
1695117903287 805.39794921875 243
1695117903461 820.3802490234375 244
1695117903635 858.1014404296875 245
1695117903809 783.4390869140625 246
1695117903982 826.328125 247
1695117904155 792.360107421875 248
1695117904328 779.1505737304688 249
1695117904502 994.494140625 250
1695117904677 784.666259765625 251
1695117904852 796.0011596679688 252
1695117905027 815.8513793945312 253
1695117905200 767.3339233398438 254
1695117905374 788.0131225585938 255
1695117905547 825.9835205078125 256
1695117905721 821.2222900390625 257
1695117905900 800.072265625 258
1695117906096 835.0631103515625 259
1695117906299 849.2129516601562 260
1695117906483 772.04296875 261
1695117906668 767.4164428710938 262
1695117906855 818.5571899414062 263
1695117907041 802.9827270507812 264
1695117907218 802.4129028320312 265
1695117907407 801.647216796875 266
1695117907589 852.008544921875 267
1695117907770 776.7933349609375 268
1695117907943 851.7095947265625 269
1695117908117 767.2845458984375 270
1695117908291 764.2584228515625 271
1695117908467 778.3405151367188 272
1695117908642 770.392333984375 273
1695117908828 735.4912109375 274
1695117909009 746.2214965820312 275
1695117909190 822.353515625 276
1695117909379 794.2237548828125 277
1695117909569 777.9586181640625 278
1695117909760 844.6029663085938 279
1695117909952 771.8631591796875 280
1695117910147 768.3163452148438 281
1695117910339 776.1109008789062 282
1695117910530 751.2017211914062 283
1695117910723 717.2415771484375 284
1695117910919 723.4375 285
1695117911097 765.1492309570312 286
1695117911272 848.5120849609375 287
1695117911445 806.3863525390625 288
1695117911621 807.8411865234375 289
1695117911796 777.2647705078125 290
1695117911969 781.231201171875 291
1695117912156 842.0158081054688 292
1695117912346 697.9954223632812 293
1695117912542 783.4791259765625 294
1695117912732 781.3975219726562 295
1695117912923 747.6470947265625 296
1695117913121 772.34423828125 297
1695117913304 782.69287109375 298
1695117913477 749.591796875 299
1695117913652 788.38671875 300
1695117917946 793.3424072265625 301
1695117918127 785.8032836914062 302
1695117918304 840.0531005859375 303
1695117918479 783.3413696289062 304
1695117918654 751.9594116210938 305
1695117918831 807.7672119140625 306
1695117919017 835.65234375 307
1695117919191 781.875732421875 308
1695117919375 763.5164184570312 309
1695117919566 685.8350830078125 310
1695117919755 747.2425537109375 311
1695117919947 765.4865112304688 312
1695117920143 802.9300537109375 313
1695117920329 773.8861083984375 314
1695117920503 776.4114990234375 315
1695117920676 758.4985961914062 316
1695117920858 812.3673706054688 317
1695117921045 795.7828369140625 318
1695117921221 704.4864501953125 319
1695117921404 735.5439453125 320
1695117921590 852.3909301757812 321
1695117921778 763.2462158203125 322
1695117921967 724.3447265625 323
1695117922143 811.4334106445312 324
1695117922317 725.003173828125 325
1695117922492 773.67236328125 326
1695117922671 782.4071655273438 327
1695117922858 786.856689453125 328
1695117923032 819.9345703125 329
1695117923206 766.6964111328125 330
1695117923386 674.9268798828125 331
1695117923574 757.8272094726562 332
1695117923749 731.29150390625 333
1695117923922 733.0306396484375 334
1695117924106 712.8331298828125 335
1695117924292 741.5261840820312 336
1695117924466 739.28125 337
1695117924644 720.414794921875 338
1695117924818 710.290771484375 339
1695117924992 718.6495971679688 340
1695117925168 707.7960205078125 341
1695117925345 776.742919921875 342
1695117925520 726.1177978515625 343
1695117925696 739.958251953125 344
1695117925875 743.240966796875 345
1695117926063 728.807373046875 346
1695117926242 739.839111328125 347
1695117926417 706.595703125 348
1695117926593 710.6088256835938 349
1695117926771 689.7857055664062 350
1695117926948 717.3359375 351
1695117927127 728.6384887695312 352
1695117927303 735.296142578125 353
1695117927477 713.1548461914062 354
1695117927654 703.7646484375 355
1695117927829 775.2811279296875 356
1695117928002 715.599853515625 357
1695117928180 701.9271850585938 358
1695117928374 682.539306640625 359
1695117928550 745.3472290039062 360
1695117928725 685.6007080078125 361
1695117928900 727.3182983398438 362
1695117929088 702.8353271484375 363
1695117929274 708.412841796875 364
1695117929449 793.8189086914062 365
1695117929623 721.509033203125 366
1695117929806 721.1630249023438 367
1695117929979 743.310546875 368
1695117930157 807.3944702148438 369
1695117930344 693.5113525390625 370
1695117930530 795.420166015625 371
1695117930721 701.6549072265625 372
1695117930908 729.6668701171875 373
1695117931081 651.6200561523438 374
1695117931255 679.6629028320312 375
1695117931430 670.2347412109375 376
1695117931604 675.8946533203125 377
1695117931777 725.138671875 378
1695117931954 702.1370239257812 379
1695117932129 678.288330078125 380
1695117932303 683.9976806640625 381
1695117932477 714.367919921875 382
1695117932650 747.8944091796875 383
1695117932823 704.9825439453125 384
1695117932996 700.293212890625 385
1695117933169 717.458740234375 386
1695117933343 663.2694091796875 387
1695117933515 740.754638671875 388
1695117933690 695.1776123046875 389
1695117933864 732.6536865234375 390
1695117934037 770.6917724609375 391
1695117934210 716.9423828125 392
1695117934383 710.8780517578125 393
1695117934556 790.689208984375 394
1695117934730 722.2174072265625 395
1695117934902 707.1675415039062 396
1695117935076 686.7724609375 397
1695117935249 777.004150390625 398
1695117935423 694.9934692382812 399
1695117935596 707.820068359375 400
1695117939088 721.0391845703125 401
1695117939262 686.611572265625 402
1695117939436 749.917236328125 403
1695117939609 680.22509765625 404
1695117939793 722.771484375 405
1695117939967 766.6146240234375 406
1695117940140 706.4808959960938 407
1695117940314 694.1139526367188 408
1695117940488 686.9271240234375 409
1695117940661 693.169677734375 410
1695117940835 802.0743408203125 411
1695117941008 701.3963012695312 412
1695117941182 709.046630859375 413
1695117941354 718.369140625 414
1695117941527 690.0809326171875 415
1695117941700 702.08203125 416
1695117941875 688.6139526367188 417
1695117942048 736.34375 418
1695117942221 698.9842529296875 419
1695117942395 743.7286376953125 420
1695117942570 794.7819213867188 421
1695117942744 660.907470703125 422
1695117942917 718.1298217773438 423
1695117943090 714.49267578125 424
1695117943263 731.3547973632812 425
1695117943440 691.816162109375 426
1695117943629 678.2901000976562 427
1695117943818 719.08056640625 428
1695117944002 675.7606201171875 429
1695117944175 736.3284301757812 430
1695117944349 684.482421875 431
1695117944523 675.0985107421875 432
1695117944696 647.2508544921875 433
1695117944869 727.4305419921875 434
1695117945042 722.3143310546875 435
1695117945215 645.8434448242188 436
1695117945389 768.77587890625 437
1695117945565 665.650146484375 438
1695117945741 695.4832763671875 439
1695117945916 676.2301025390625 440
1695117946089 672.6455078125 441
1695117946265 678.33203125 442
1695117946439 676.3308715820312 443
1695117946612 658.8856811523438 444
1695117946787 724.2940673828125 445
1695117946961 722.22802734375 446
1695117947134 685.4261474609375 447
1695117947307 673.7017822265625 448
1695117947480 751.2022705078125 449
1695117947654 688.833984375 450
1695117947828 685.2501220703125 451
1695117948001 664.176513671875 452
1695117948175 684.6837158203125 453
1695117948348 680.079833984375 454
1695117948521 739.7230224609375 455
1695117948694 711.2515869140625 456
1695117948867 653.9896240234375 457
1695117949041 645.997314453125 458
1695117949214 667.284423828125 459
1695117949387 678.0488891601562 460
1695117949560 672.28564453125 461
1695117949735 658.5458984375 462
1695117949915 666.830078125 463
1695117950091 694.1412963867188 464
1695117950266 744.10986328125 465
1695117950454 681.8513793945312 466
1695117950659 659.6663818359375 467
1695117950839 684.4991455078125 468
1695117951017 696.539306640625 469
1695117951196 762.359375 470
1695117951369 681.4190063476562 471
1695117951544 724.0921630859375 472
1695117951737 701.0394287109375 473
1695117951931 696.3279418945312 474
1695117952124 671.033935546875 475
1695117952304 702.974609375 476
1695117952487 668.3077392578125 477
1695117952660 747.440673828125 478
1695117952834 664.2009887695312 479
1695117953007 740.9227905273438 480
1695117953183 654.0292358398438 481
1695117953358 718.893798828125 482
1695117953531 631.7239379882812 483
1695117953704 642.7869262695312 484
1695117953878 693.354736328125 485
1695117954051 692.300537109375 486
1695117954223 712.5576782226562 487
1695117954396 682.2958984375 488
1695117954569 657.8121948242188 489
1695117954743 590.3796997070312 490
1695117954917 720.3602905273438 491
1695117955090 735.7587890625 492
1695117955264 714.8895874023438 493
1695117955438 661.4698486328125 494
1695117955611 688.9683837890625 495
1695117955787 675.3894653320312 496
1695117955961 696.8103637695312 497
1695117956134 705.4019775390625 498
1695117956307 670.6153564453125 499
1695117956481 690.8314819335938 500
1695117960121 660.3782348632812 501
1695117960309 722.834228515625 502
1695117960483 723.2555541992188 503
1695117960657 630.6361083984375 504
1695117960830 682.171875 505
1695117961004 676.01416015625 506
1695117961177 675.1480712890625 507
1695117961352 703.514892578125 508
1695117961527 631.5530395507812 509
1695117961703 675.2949829101562 510
1695117961877 683.9132690429688 511
1695117962050 670.475341796875 512
1695117962222 609.0499877929688 513
1695117962395 680.890380859375 514
1695117962568 686.4000244140625 515
1695117962741 617.4681396484375 516
1695117962914 649.434326171875 517
1695117963087 686.892333984375 518
1695117963260 611.6970825195312 519
1695117963434 655.9822387695312 520
1695117963606 617.30078125 521
1695117963780 650.648681640625 522
1695117963954 684.2481079101562 523
1695117964127 696.5476684570312 524
1695117964300 701.43701171875 525
1695117964473 645.8023681640625 526
1695117964645 631.2217407226562 527
1695117964819 673.7771606445312 528
1695117964992 726.8980102539062 529
1695117965166 626.4081420898438 530
1695117965339 676.2175903320312 531
1695117965512 648.8760375976562 532
1695117965686 694.154296875 533
1695117965858 678.4151611328125 534
1695117966031 669.498779296875 535
1695117966204 668.583740234375 536
1695117966377 669.2110595703125 537
1695117966551 659.0570678710938 538
1695117966725 615.5421142578125 539
1695117966899 660.7520751953125 540
1695117967071 666.34423828125 541
1695117967244 681.557373046875 542
1695117967417 622.2015991210938 543
1695117967591 704.6231079101562 544
1695117967764 791.35888671875 545
1695117967938 656.2035522460938 546
1695117968110 633.3096313476562 547
1695117968285 645.6512451171875 548
1695117968458 634.6666870117188 549
1695117968633 637.4698486328125 550
1695117968808 647.5775146484375 551
1695117968982 685.6619873046875 552
1695117969155 632.5040893554688 553
1695117969329 651.216552734375 554
1695117969502 647.946533203125 555
1695117969675 613.177978515625 556
1695117969866 650.1051025390625 557
1695117970045 652.7294921875 558
1695117970224 620.1653442382812 559
1695117970401 613.8397216796875 560
1695117970580 643.507080078125 561
1695117970754 653.68798828125 562
1695117970928 615.0787353515625 563
1695117971100 610.9063720703125 564
1695117971272 626.4639282226562 565
1695117971446 656.3658447265625 566
1695117971620 682.8380126953125 567
1695117971794 661.7714233398438 568
1695117971982 622.1861572265625 569
1695117972171 683.4252319335938 570
1695117972360 619.0366821289062 571
1695117972551 628.9700317382812 572
1695117972748 628.1060791015625 573
1695117972941 614.6427612304688 574
1695117973129 672.9155883789062 575
1695117973317 646.30029296875 576
1695117973513 681.21142578125 577
1695117973690 624.19775390625 578
1695117973864 634.4911499023438 579
1695117974042 615.7892456054688 580
1695117974215 626.19580078125 581
1695117974390 636.7099609375 582
1695117974564 669.1130981445312 583
1695117974748 678.36181640625 584
1695117974935 661.7794189453125 585
1695117975119 710.8277587890625 586
1695117975314 626.1371459960938 587
1695117975508 700.385986328125 588
1695117975699 676.0714721679688 589
1695117975878 670.39794921875 590
1695117976054 642.1746215820312 591
1695117976229 634.1604614257812 592
1695117976409 674.4724731445312 593
1695117976583 643.6431884765625 594
1695117976761 683.937255859375 595
1695117976936 752.23291015625 596
1695117977112 626.9059448242188 597
1695117977288 674.447021484375 598
1695117977463 671.7058715820312 599
1695117977639 676.9407348632812 600
1695117981721 672.4899291992188 601
1695117981897 658.710205078125 602
1695117982075 714.9430541992188 603
1695117982251 649.8551025390625 604
1695117982427 611.6865234375 605
1695117982602 598.081298828125 606
1695117982777 655.1737670898438 607
1695117982951 649.7724609375 608
1695117983126 621.7056274414062 609
1695117983304 617.0911254882812 610
1695117983485 611.9573364257812 611
1695117983662 614.9057006835938 612
1695117983840 657.6671142578125 613
1695117984017 633.5118408203125 614
1695117984192 682.2313232421875 615
1695117984368 621.8540649414062 616
1695117984545 619.1397705078125 617
1695117984723 612.6229858398438 618
1695117984902 651.0594482421875 619
1695117985076 639.810546875 620
1695117985263 642.6576538085938 621
1695117985439 633.9811401367188 622
1695117985614 631.9561767578125 623
1695117985790 656.941650390625 624
1695117985966 624.8544311523438 625
1695117986141 663.431884765625 626
1695117986315 648.953125 627
1695117986491 604.7264404296875 628
1695117986666 629.5718383789062 629
1695117986842 639.7728881835938 630
1695117987019 606.8887329101562 631
1695117987195 636.4464111328125 632
1695117987370 628.0145874023438 633
1695117987547 605.509033203125 634
1695117987723 614.2269287109375 635
1695117987899 667.7225341796875 636
1695117988075 602.7485961914062 637
1695117988252 644.6898193359375 638
1695117988428 659.3607177734375 639
1695117988604 673.8568725585938 640
1695117988781 670.0950927734375 641
1695117988957 657.3958129882812 642
1695117989131 643.172607421875 643
1695117989308 622.2416381835938 644
1695117989484 711.2874755859375 645
1695117989660 631.1991577148438 646
1695117989836 624.306396484375 647
1695117990012 625.9341430664062 648
1695117990188 646.7246704101562 649
1695117990365 604.67919921875 650
1695117990539 680.0526733398438 651
1695117990714 629.0665283203125 652
1695117990890 666.1737670898438 653
1695117991067 597.6754760742188 654
1695117991243 594.7589721679688 655
1695117991419 630.15283203125 656
1695117991598 632.36474609375 657
1695117991773 645.8403930664062 658
1695117991949 618.7189331054688 659
1695117992127 666.9996337890625 660
1695117992302 667.3517456054688 661
1695117992478 721.0464477539062 662
1695117992654 663.8015747070312 663
1695117992832 636.2603149414062 664
1695117993009 635.4559936523438 665
1695117993186 587.82373046875 666
1695117993362 604.5145263671875 667
1695117993537 644.4393310546875 668
1695117993713 655.1095581054688 669
1695117993892 598.3045654296875 670
1695117994068 610.1988525390625 671
1695117994245 655.1759643554688 672
1695117994420 645.8603515625 673
1695117994615 646.8529052734375 674
1695117994811 647.4117431640625 675
1695117995000 631.1677856445312 676
1695117995195 635.273681640625 677
1695117995395 645.2981567382812 678
1695117995575 655.1817016601562 679
1695117995764 643.5376586914062 680
1695117995953 592.61279296875 681
1695117996140 592.7415771484375 682
1695117996327 636.7656860351562 683
1695117996524 621.1957397460938 684
1695117996711 623.4852294921875 685
1695117996905 622.5780029296875 686
1695117997096 623.2191162109375 687
1695117997287 681.60498046875 688
1695117997482 611.922119140625 689
1695117997681 610.5399169921875 690
1695117997864 631.541015625 691
1695117998039 590.98388671875 692
1695117998213 646.94873046875 693
1695117998390 639.6142578125 694
1695117998580 592.1051025390625 695
1695117998766 626.4815673828125 696
1695117998942 634.7647094726562 697
1695117999120 616.160888671875 698
1695117999309 629.208984375 699
1695117999488 610.34033203125 700
1695118003157 612.53759765625 701
1695118003329 631.05078125 702
1695118003502 649.5177001953125 703
1695118003674 614.305908203125 704
1695118003847 630.1956176757812 705
1695118004020 681.4586181640625 706
1695118004194 579.3670654296875 707
1695118004367 643.5572509765625 708
1695118004541 623.9725341796875 709
1695118004714 615.86279296875 710
1695118004889 672.8602905273438 711
1695118005065 621.99755859375 712
1695118005252 617.9988403320312 713
1695118005441 621.159912109375 714
1695118005616 601.6124267578125 715
1695118005798 594.305419921875 716
1695118005984 609.349609375 717
1695118006174 602.7504272460938 718
1695118006363 607.9346923828125 719
1695118006547 701.77099609375 720
1695118006738 633.1406860351562 721
1695118006928 667.1210327148438 722
1695118007119 652.009033203125 723
1695118007313 658.64599609375 724
1695118007505 625.2272338867188 725
1695118007678 611.7620849609375 726
1695118007853 595.3387451171875 727
1695118008027 631.1138305664062 728
1695118008202 625.0775146484375 729
1695118008377 644.3973999023438 730
1695118008555 652.3424072265625 731
1695118008741 625.0067138671875 732
1695118008923 596.000244140625 733
1695118009109 629.4949340820312 734
1695118009286 585.2786865234375 735
1695118009460 590.970947265625 736
1695118009638 627.3946533203125 737
1695118009827 649.3812866210938 738
1695118010009 637.98046875 739
1695118010188 632.625244140625 740
1695118010374 598.7818603515625 741
1695118010550 588.5130004882812 742
1695118010737 653.0302734375 743
1695118010912 606.6947021484375 744
1695118011093 644.58984375 745
1695118011273 584.079833984375 746
1695118011465 616.3048706054688 747
1695118011658 584.9527587890625 748
1695118011849 598.7371215820312 749
1695118012041 591.1446533203125 750
1695118012234 578.4744873046875 751
1695118012422 586.3084716796875 752
1695118012599 630.6732177734375 753
1695118012776 639.2194213867188 754
1695118012952 610.20263671875 755
1695118013129 603.2298583984375 756
1695118013305 560.2205810546875 757
1695118013482 605.3406372070312 758
1695118013660 642.2737426757812 759
1695118013847 606.2245483398438 760
1695118014026 584.5372924804688 761
1695118014207 591.5700073242188 762
1695118014389 603.7251586914062 763
1695118014567 609.2105102539062 764
1695118014746 641.4669189453125 765
1695118014922 602.2297973632812 766
1695118015102 605.2877807617188 767
1695118015278 570.8694458007812 768
1695118015459 617.9456787109375 769
1695118015638 602.1785278320312 770
1695118015817 649.290771484375 771
1695118015994 589.3570556640625 772
1695118016171 602.4495849609375 773
1695118016347 638.58544921875 774
1695118016528 618.2640991210938 775
1695118016705 564.2490844726562 776
1695118016881 592.6292724609375 777
1695118017059 564.53759765625 778
1695118017234 576.1602783203125 779
1695118017412 562.37109375 780
1695118017591 583.6749267578125 781
1695118017767 597.1318969726562 782
1695118017953 579.3696899414062 783
1695118018143 609.0957641601562 784
1695118018335 609.0296630859375 785
1695118018526 652.1678466796875 786
1695118018718 589.0211181640625 787
1695118018895 588.1954956054688 788
1695118019073 612.714599609375 789
1695118019250 596.447998046875 790
1695118019426 595.630615234375 791
1695118019600 665.0957641601562 792
1695118019781 677.925537109375 793
1695118019968 637.325927734375 794
1695118020145 602.5360107421875 795
1695118020324 597.37548828125 796
1695118020499 586.8150634765625 797
1695118020674 615.715576171875 798
1695118020849 615.7364501953125 799
1695118021025 626.672607421875 800
1695118024736 586.70849609375 801
1695118024931 547.4844360351562 802
1695118025122 577.8507080078125 803
1695118025308 630.6383056640625 804
1695118025501 634.664306640625 805
1695118025689 605.2803344726562 806
1695118025861 592.0870361328125 807
1695118026036 595.0120849609375 808
1695118026214 603.7328491210938 809
1695118026388 631.3028564453125 810
1695118026562 616.2359619140625 811
1695118026735 667.8076171875 812
1695118026921 580.280029296875 813
1695118027100 584.62548828125 814
1695118027273 546.2205200195312 815
1695118027447 561.8823852539062 816
1695118027632 596.3015747070312 817
1695118027818 610.0985107421875 818
1695118027998 594.8914184570312 819
1695118028174 630.094970703125 820
1695118028347 579.0068359375 821
1695118028534 572.0335083007812 822
1695118028722 651.5289916992188 823
1695118028909 587.881591796875 824
1695118029084 626.4594116210938 825
1695118029267 615.563232421875 826
1695118029451 595.1510620117188 827
1695118029634 643.2132568359375 828
1695118029818 638.517822265625 829
1695118030011 608.1057739257812 830
1695118030202 587.7591552734375 831
1695118030399 599.81640625 832
1695118030592 593.3786010742188 833
1695118030784 593.4766845703125 834
