1695149785543 1806.7886962890625 0
1695149789794 1735.708740234375 1
1695149790261 1365.30078125 2
1695149790725 1526.790283203125 3
1695149791205 1469.2777099609375 4
1695149791682 2293.1259765625 5
1695149792177 2088.2578125 6
1695149792664 2057.444580078125 7
1695149793131 2114.451171875 8
1695149793600 2118.454345703125 9
1695149794083 2074.7626953125 10
1695149794559 1816.41455078125 11
1695149795022 1972.8365478515625 12
1695149795486 1423.1680908203125 13
1695149795949 2202.00146484375 14
1695149796417 2107.041259765625 15
1695149796885 1842.852783203125 16
1695149797351 1376.6402587890625 17
1695149797813 1875.1517333984375 18
1695149798278 2089.68701171875 19
1695149798744 2176.3291015625 20
1695149799205 2140.326904296875 21
1695149799671 1835.113525390625 22
1695149800134 1946.3055419921875 23
1695149800597 1379.689697265625 24
1695149801061 1391.0750732421875 25
1695149801525 1689.67578125 26
1695149801990 1368.75244140625 27
1695149802453 1500.004150390625 28
1695149802922 1440.58544921875 29
1695149803388 1386.605712890625 30
1695149803895 1582.7960205078125 31
1695149804396 1404.04345703125 32
1695149804888 1448.870361328125 33
1695149805357 1576.8701171875 34
1695149805849 1696.0797119140625 35
1695149806351 1436.16845703125 36
1695149806844 1774.844482421875 37
1695149807339 1413.494384765625 38
1695149807824 1888.3260498046875 39
1695149808294 1379.172607421875 40
1695149808761 1415.7001953125 41
1695149809232 1475.995849609375 42
1695149809699 1380.5662841796875 43
1695149810166 1927.671875 44
1695149810637 1528.48583984375 45
1695149811104 2197.142822265625 46
1695149811567 1391.2664794921875 47
1695149812032 1402.943359375 48
1695149812498 1406.7042236328125 49
1695149812963 1610.298583984375 50
1695149813432 1384.0791015625 51
1695149813898 1405.3720703125 52
1695149814368 1431.448974609375 53
1695149814835 1381.5789794921875 54
1695149815301 2011.7685546875 55
1695149815781 1433.47021484375 56
1695149816247 1341.837646484375 57
1695149816713 1522.8270263671875 58
1695149817180 1452.4652099609375 59
1695149817686 1917.1307373046875 60
1695149818178 1610.333740234375 61
1695149818663 1423.2674560546875 62
1695149819143 1466.5093994140625 63
1695149819664 1477.655517578125 64
1695149820177 1374.754638671875 65
