1695150339133 1933.233642578125 0
1695150343492 1871.1964111328125 1
1695150343969 1907.44482421875 2
1695150344447 1919.211181640625 3
1695150344923 1848.382080078125 4
1695150345413 1807.8272705078125 5
1695150345902 1674.474609375 6
1695150346420 1711.73974609375 7
1695150346912 1641.824462890625 8
1695150347388 1598.301025390625 9
1695150347866 1593.2137451171875 10
1695150348354 1601.4207763671875 11
1695150348829 1566.202880859375 12
1695150349304 1511.1119384765625 13
1695150349808 1524.3468017578125 14
1695150350357 1514.90966796875 15
1695150350870 1465.898681640625 16
1695150351353 1462.002197265625 17
1695150351841 1464.97705078125 18
1695150352321 1430.8677978515625 19
1695150352797 1347.545654296875 20
1695150353275 1412.0185546875 21
1695150353752 1366.02685546875 22
1695150354230 1364.541015625 23
1695150354717 1313.690185546875 24
1695150355194 1270.0926513671875 25
1695150355670 1282.9755859375 26
1695150356146 1236.81640625 27
1695150356620 1199.6611328125 28
1695150357096 1232.2364501953125 29
1695150357585 1225.41943359375 30
1695150358066 1230.133544921875 31
1695150358560 1166.1544189453125 32
1695150359081 1251.9605712890625 33
1695150359593 1143.6036376953125 34
1695150360084 1204.175537109375 35
1695150360562 1192.362060546875 36
1695150361043 1167.332763671875 37
1695150361520 1153.9896240234375 38
1695150361998 1102.3095703125 39
1695150362476 1122.9088134765625 40
1695150362958 1109.843017578125 41
1695150363440 1083.5838623046875 42
1695150363922 1082.614990234375 43
1695150364401 1077.51904296875 44
1695150364878 1033.1614990234375 45
1695150365359 1046.6455078125 46
1695150365853 1053.4677734375 47
1695150366379 1079.5821533203125 48
1695150366875 1030.604736328125 49
1695150367354 994.2396240234375 50
1695150367831 1002.7134399414062 51
1695150368315 996.1953125 52
1695150368844 988.8349609375 53
1695150369338 1034.1826171875 54
1695150369846 978.8203125 55
1695150370332 960.0814819335938 56
1695150370853 963.9879760742188 57
1695150371331 975.1688232421875 58
1695150371808 923.2120361328125 59
1695150372289 928.4354248046875 60
1695150372766 918.8709716796875 61
1695150373243 914.0618896484375 62
1695150373725 932.9924926757812 63
1695150374203 921.1659545898438 64
1695150374684 907.0174560546875 65
1695150375160 927.9306640625 66
1695150375638 925.1728515625 67
1695150376113 883.247314453125 68
1695150376593 851.8056030273438 69
1695150377075 865.3169555664062 70
1695150377556 903.952392578125 71
1695150378035 847.4466552734375 72
1695150378518 859.9312744140625 73
1695150378995 837.5725708007812 74
1695150379473 850.5284423828125 75
1695150379950 837.5618896484375 76
1695150380434 823.6372680664062 77
1695150380914 847.0755615234375 78
1695150381394 798.3994140625 79
1695150381875 799.323974609375 80
1695150382357 819.0640869140625 81
1695150382839 822.5762329101562 82
1695150383317 787.5750122070312 83
1695150383794 780.382080078125 84
1695150384275 805.7672119140625 85
1695150384756 774.6204833984375 86
1695150385234 768.8839111328125 87
1695150385710 756.4658203125 88
1695150386190 738.6536865234375 89
1695150386670 797.3921508789062 90
1695150387146 751.0982666015625 91
1695150387625 724.5118408203125 92
1695150388104 753.409912109375 93
1695150388580 739.2259521484375 94
1695150389057 745.5936279296875 95
1695150389535 728.1402587890625 96
1695150390013 705.2598266601562 97
1695150390499 717.2001342773438 98
1695150390978 744.7015991210938 99
1695150391455 739.2369384765625 100
1695150395462 748.9815673828125 101
1695150395942 677.9945068359375 102
1695150396420 695.9212646484375 103
1695150396898 733.742431640625 104
1695150397381 720.7554321289062 105
1695150397861 741.7015380859375 106
1695150398343 744.8175048828125 107
1695150398828 740.2373046875 108
1695150399305 715.91259765625 109
1695150399783 734.6369018554688 110
1695150400264 705.0338134765625 111
1695150400795 671.346923828125 112
1695150401355 658.7275390625 113
1695150401835 711.46240234375 114
1695150402313 721.27685546875 115
1695150402790 700.5657348632812 116
1695150403269 685.1678466796875 117
1695150403751 664.0742797851562 118
1695150404231 643.855224609375 119
1695150404710 673.1791381835938 120
1695150405191 657.8321533203125 121
1695150405728 663.3527221679688 122
1695150406209 643.1823120117188 123
1695150406747 703.835693359375 124
1695150407229 641.4392700195312 125
1695150407802 655.009521484375 126
1695150408303 655.308837890625 127
1695150408839 632.3128662109375 128
1695150409319 634.7385864257812 129
1695150409836 672.807861328125 130
1695150410384 638.2994384765625 131
1695150410950 643.0224609375 132
1695150411442 635.2335205078125 133
1695150411983 655.5961303710938 134
1695150412464 621.9920654296875 135
1695150412944 671.015380859375 136
1695150413423 638.2144775390625 137
1695150413902 627.4749145507812 138
1695150414383 614.4144897460938 139
1695150414861 599.5234375 140
1695150415338 635.913330078125 141
1695150415816 631.0335083007812 142
1695150416295 633.1133422851562 143
1695150416771 593.2553100585938 144
1695150417250 589.8875732421875 145
1695150417728 619.2384033203125 146
1695150418208 582.7310791015625 147
1695150418688 580.3861083984375 148
1695150419171 607.408203125 149
1695150419651 578.501953125 150
1695150420134 586.4765625 151
1695150420707 618.1319580078125 152
1695150421194 579.796875 153
1695150421674 608.0560913085938 154
1695150422153 600.268798828125 155
1695150422629 575.8604736328125 156
1695150423109 586.2986450195312 157
1695150423589 568.6365356445312 158
1695150424068 603.7102661132812 159
1695150424547 560.6525268554688 160
1695150425025 604.8681640625 161
1695150425504 579.3841552734375 162
1695150425980 566.9207153320312 163
1695150426459 618.0000610351562 164
1695150426938 572.52734375 165
1695150427414 575.597412109375 166
1695150427893 560.0107421875 167
1695150428372 574.658203125 168
1695150428852 593.629150390625 169
1695150429329 579.74853515625 170
1695150429812 550.9755859375 171
1695150430292 552.9236450195312 172
1695150430892 547.1307373046875 173
1695150431439 575.94775390625 174
1695150431927 550.6160888671875 175
1695150432441 593.1723022460938 176
1695150432960 526.8128051757812 177
1695150433468 573.6820068359375 178
1695150433982 549.231201171875 179
1695150434504 587.66357421875 180
1695150434990 552.8153076171875 181
1695150435492 532.4765625 182
1695150435972 538.9656372070312 183
1695150436452 564.6211547851562 184
1695150436933 558.81982421875 185
1695150437411 545.9796752929688 186
1695150437890 560.6324462890625 187
1695150438368 520.51513671875 188
1695150438851 527.794189453125 189
1695150439329 548.6314697265625 190
1695150439812 531.1381225585938 191
1695150440290 531.26513671875 192
1695150440774 526.7985229492188 193
1695150441260 542.1817016601562 194
1695150441785 559.093994140625 195
1695150442274 533.1392822265625 196
1695150442762 519.721923828125 197
1695150443281 518.281005859375 198
1695150443804 539.87548828125 199
1695150444368 563.494873046875 200
1695150448271 546.3236083984375 201
1695150448755 503.9484558105469 202
1695150449235 529.7313842773438 203
1695150449714 519.49365234375 204
1695150450191 541.1317138671875 205
1695150450671 542.6251220703125 206
1695150451150 498.2333984375 207
1695150451631 515.0324096679688 208
1695150452111 522.2298583984375 209
1695150452595 515.4874267578125 210
1695150453074 511.4785461425781 211
1695150453553 492.93560791015625 212
1695150454133 497.18017578125 213
1695150454615 507.0723571777344 214
1695150455093 519.9461669921875 215
1695150455572 511.252685546875 216
1695150456051 497.5265808105469 217
1695150456620 491.5287170410156 218
1695150457167 497.4722900390625 219
1695150457671 500.5647277832031 220
1695150458163 507.0991516113281 221
1695150458689 511.0873107910156 222
1695150459216 481.9620666503906 223
1695150459733 475.2042236328125 224
1695150460232 512.9013671875 225
1695150460714 517.6243896484375 226
1695150461195 553.60546875 227
1695150461702 543.7177734375 228
1695150462208 514.7407836914062 229
1695150462704 505.9175109863281 230
1695150463234 504.583984375 231
1695150463853 546.1761474609375 232
1695150464334 483.804443359375 233
1695150464815 521.803466796875 234
1695150465295 470.54254150390625 235
1695150465775 487.65081787109375 236
1695150466256 506.6161193847656 237
1695150466807 498.07080078125 238
1695150467304 517.3836669921875 239
1695150467784 476.076171875 240
1695150468297 485.21954345703125 241
1695150468790 513.8005981445312 242
1695150469362 511.8890075683594 243
1695150469882 486.052001953125 244
1695150470363 475.60003662109375 245
1695150470846 491.36907958984375 246
1695150471325 502.9625244140625 247
1695150471804 482.5090637207031 248
1695150472283 503.30645751953125 249
1695150472761 478.6620178222656 250
1695150473326 478.01470947265625 251
1695150473805 491.99249267578125 252
1695150474284 477.85662841796875 253
1695150474766 476.63055419921875 254
1695150475244 505.40576171875 255
1695150475723 479.516845703125 256
1695150476206 468.3588562011719 257
1695150476686 455.0433044433594 258
1695150477163 477.5784606933594 259
1695150477640 452.64837646484375 260
1695150478120 495.1285400390625 261
1695150478599 461.8140563964844 262
1695150479079 474.0875244140625 263
1695150479559 454.5549621582031 264
1695150480039 486.6974182128906 265
1695150480521 470.7796325683594 266
1695150481000 470.8150939941406 267
1695150481480 490.90728759765625 268
1695150481963 472.3283996582031 269
1695150482442 445.1277770996094 270
1695150482925 451.26806640625 271
1695150483493 447.5599365234375 272
1695150483991 488.917236328125 273
1695150484482 458.19305419921875 274
1695150485006 458.434814453125 275
1695150485498 498.3372802734375 276
1695150485977 501.73748779296875 277
1695150486457 474.5697937011719 278
1695150486934 460.1756286621094 279
1695150487416 474.5369567871094 280
1695150487894 459.1321105957031 281
1695150488378 484.7154541015625 282
1695150488858 484.1476745605469 283
1695150489341 456.4781799316406 284
1695150489820 446.39599609375 285
1695150490297 501.6250305175781 286
1695150490776 445.32305908203125 287
1695150491258 458.9967346191406 288
1695150491736 450.7206726074219 289
1695150492216 482.11279296875 290
1695150492694 447.6947021484375 291
1695150493245 456.0973815917969 292
1695150493736 468.056640625 293
1695150494216 448.39208984375 294
1695150494697 442.7319641113281 295
1695150495178 431.81005859375 296
1695150495658 433.10272216796875 297
1695150496140 440.9372253417969 298
1695150496622 453.1978454589844 299
1695150497102 466.7401428222656 300
1695150500876 449.87164306640625 301
1695150501354 486.37066650390625 302
1695150501833 464.8500671386719 303
1695150502310 429.72283935546875 304
1695150502791 454.55059814453125 305
1695150503362 471.701416015625 306
1695150503844 442.4080505371094 307
1695150504324 431.20831298828125 308
1695150504802 473.20263671875 309
1695150505287 443.7342529296875 310
1695150505765 469.37982177734375 311
1695150506246 506.4553527832031 312
1695150506728 441.13629150390625 313
1695150507210 462.8737487792969 314
1695150507688 435.5390319824219 315
1695150508167 448.03558349609375 316
1695150508646 450.38165283203125 317
1695150509127 453.15496826171875 318
1695150509606 441.2424011230469 319
1695150510083 444.18267822265625 320
1695150510561 443.0252685546875 321
1695150511040 440.833740234375 322
1695150511520 449.53656005859375 323
1695150511998 449.4329833984375 324
1695150512477 446.67742919921875 325
1695150512956 459.21185302734375 326
1695150513522 453.2380065917969 327
1695150514000 427.9145812988281 328
1695150514479 444.4169921875 329
1695150514958 434.84771728515625 330
1695150515436 454.98016357421875 331
1695150515916 444.9949951171875 332
1695150516395 441.17071533203125 333
1695150516875 417.4674377441406 334
1695150517357 431.2874755859375 335
1695150517834 435.22314453125 336
1695150518313 428.5235595703125 337
1695150518791 434.5198669433594 338
1695150519270 452.7314453125 339
1695150519755 435.1025695800781 340
1695150520233 430.2240905761719 341
1695150520711 427.4056396484375 342
1695150521191 436.2540283203125 343
1695150521670 438.9403076171875 344
1695150522148 426.69525146484375 345
1695150522628 424.273681640625 346
1695150523144 420.66668701171875 347
1695150523681 430.418212890625 348
1695150524159 435.7377624511719 349
1695150524644 421.65704345703125 350
1695150525125 446.2164306640625 351
1695150525606 445.6909484863281 352
1695150526086 428.137451171875 353
1695150526568 424.6175537109375 354
1695150527048 437.45745849609375 355
1695150527558 464.5854187011719 356
1695150528083 421.14642333984375 357
1695150528614 425.3697814941406 358
1695150529182 406.8061828613281 359
1695150529742 452.2533264160156 360
1695150530289 446.4258117675781 361
1695150530822 431.6873474121094 362
1695150531396 426.20611572265625 363
1695150531937 426.53619384765625 364
1695150532450 427.3974304199219 365
1695150532974 415.74566650390625 366
1695150533491 402.63983154296875 367
1695150534035 403.9392395019531 368
1695150534520 460.16387939453125 369
1695150535026 416.064453125 370
1695150535538 406.9308166503906 371
1695150536049 411.51171875 372
1695150536565 414.42144775390625 373
1695150537099 430.45025634765625 374
1695150537626 422.048583984375 375
1695150538107 408.8094482421875 376
1695150538590 420.14776611328125 377
1695150539077 444.54278564453125 378
1695150539561 431.56365966796875 379
1695150540051 424.83990478515625 380
1695150540546 405.60699462890625 381
1695150541054 433.3704833984375 382
1695150541580 424.64910888671875 383
1695150542078 428.78680419921875 384
1695150542569 382.60601806640625 385
1695150543054 419.8056640625 386
1695150543538 420.083251953125 387
1695150544030 431.24212646484375 388
1695150544527 404.5389404296875 389
1695150545016 435.0758361816406 390
1695150545540 423.463623046875 391
1695150546047 427.2008056640625 392
1695150546532 416.85174560546875 393
