1694170161153 0.9781607985496521 0
1694170162621 1.1412979364395142 1
1694170164070 0.8109187483787537 2
1694170165730 0.7453188300132751 3
1694170167233 0.592288613319397 4
1694170168672 0.5213624238967896 5
1694170170215 0.5065824389457703 6
1694170171713 0.4882968068122864 7
1694170173298 0.5036075711250305 8
1694170175015 0.46920692920684814 9
1694170176626 0.43621209263801575 10
1694170178218 0.43700119853019714 11
1694170179742 0.41590964794158936 12
1694170181330 0.40857234597206116 13
1694170182913 0.4349317252635956 14
1694170184742 0.4391263425350189 15
1694170186269 0.3946516513824463 16
1694170187811 0.4268876612186432 17
1694170189321 0.38594773411750793 18
1694170190823 0.3900214731693268 19
1694170192346 0.3844829797744751 20
1694170194085 0.37406596541404724 21
1694170195635 0.37388160824775696 22
1694170197187 0.3630748689174652 23
1694170198768 0.3346368074417114 24
1694170200308 0.3487508296966553 25
1694170201769 0.3172219395637512 26
1694170203263 0.32797861099243164 27
1694170204834 0.2928106486797333 28
