1694170161154 1.6765042543411255 0
1694170162622 1.250969409942627 1
1694170164071 1.2047395706176758 2
1694170165731 1.1836484670639038 3
1694170167235 1.1606231927871704 4
1694170168673 1.1448756456375122 5
1694170170217 1.1333972215652466 6
1694170171714 1.1241883039474487 7
1694170173299 1.122735857963562 8
1694170175017 1.116141438484192 9
1694170176627 1.1111011505126953 10
1694170178220 1.110797643661499 11
1694170179744 1.1045178174972534 12
1694170181331 1.1101610660552979 13
1694170182915 1.1129285097122192 14
1694170184744 1.1039624214172363 15
1694170186270 1.1047621965408325 16
1694170187813 1.1005812883377075 17
1694170189322 1.1049721240997314 18
1694170190825 1.1054778099060059 19
1694170192347 1.1074588298797607 20
1694170194087 1.1029258966445923 21
1694170195636 1.1069904565811157 22
1694170197188 1.1001410484313965 23
1694170198769 1.0997511148452759 24
1694170200310 1.0988291501998901 25
1694170201771 1.104109764099121 26
1694170203265 1.0928237438201904 27
1694170204835 1.0999865531921387 28
