1694170161155 2.654664993286133 0
1694170162623 2.3922672271728516 1
1694170164072 2.015658378601074 2
1694170165732 1.9289672374725342 3
1694170167236 1.7529118061065674 4
1694170168674 1.6662380695343018 5
1694170170218 1.639979600906372 6
1694170171715 1.6124851703643799 7
1694170173300 1.6263434886932373 8
1694170175018 1.58534836769104 9
1694170176628 1.5473132133483887 10
1694170178221 1.5477988719940186 11
1694170179745 1.5204274654388428 12
1694170181332 1.5187333822250366 13
1694170182916 1.5478602647781372 14
1694170184745 1.5430887937545776 15
1694170186271 1.4994138479232788 16
1694170187814 1.5274689197540283 17
1694170189323 1.490919828414917 18
1694170190826 1.4954992532730103 19
1694170192348 1.4919418096542358 20
1694170194089 1.476991891860962 21
1694170195637 1.4808720350265503 22
1694170197189 1.463215947151184 23
1694170198770 1.4343879222869873 24
1694170200311 1.4475799798965454 25
1694170201772 1.4213316440582275 26
1694170203266 1.420802354812622 27
1694170204836 1.3927972316741943 28
